meas_pres_DF,meas_pres_F,meas_pres_G,wrist_angle_deg,wrist_velocity,grip_angle_deg,grip_velocity,flag,force_N,time,target_force,action_DF,action_F,action_G,cmd_DF,cmd_F,cmd_G
-0.014573649390444516,-0.010022687451758668,0.021644615825197635,0.72,0.0,9.9,0.0,1.0,0.05584887234106617,0.0,0.0,0.698087,-0.5781535,-0.5347532,0.5094260931015014,0.1265539526939392,0.13957403898239135
-0.01031804249969003,-0.01646556965567846,0.02773603593710792,0.72,0.0,9.9,0.0,1.0,-0.05096591082492097,0.005,0.0,0.698087,-0.5781535,-0.5347532,0.5094260931015014,0.1265539526939392,0.13957403898239135
-0.005573476314671473,-0.0004577831422692696,0.030868387536640427,0.72,0.0,9.9,0.0,1.0,-0.020447401348924643,0.01,0.0,0.698087,-0.5781535,-0.5347532,0.5094260931015014,0.1265539526939392,0.13957403898239135
-0.013641709718494035,-0.0033906353623988886,0.020827259992870554,0.72,0.0,9.9,0.0,1.0,0.0863673818170625,0.015,0.0,0.698087,-0.5781535,-0.5347532,0.5094260931015014,0.1265539526939392,0.13957403898239135
-0.0076967057971809,-0.00822617929098201,0.010142514117123363,0.72,0.0,9.9,0.0,1.0,0.22370067445904596,0.02,0.0,0.8418,-0.9027339,-0.6244394,0.5525399923324584,0.029179823398590085,0.11266817450523375
-0.006481187329478245,-0.021749599553347418,-0.005732910781360845,0.72,0.0,9.9,0.0,1.0,-0.08148442030091729,0.025,0.0,0.8418,-0.9027339,-0.6244394,0.5525399923324584,0.029179823398590085,0.11266817450523375
0.0019146068659102468,-0.016302163341962075,-0.01438300603683251,0.72,0.0,9.9,0.0,1.0,-0.12726218451491178,0.03,0.0,0.8418,-0.9027339,-0.6244394,0.5525399923324584,0.029179823398590085,0.11266817450523375
-0.013696289932683164,-0.022811301740673043,-0.008717344257852833,0.72,0.0,9.9,0.0,1.0,0.0863673818170625,0.035,0.0,0.8418,-0.9027339,-0.6244394,0.5525399923324584,0.029179823398590085,0.11266817450523375
-0.004975313083745389,-0.012493845091813128,-0.01489532383442864,0.72,0.0,9.9,0.0,1.0,-0.09674367503891546,0.04,0.0,0.98433506,-1.1516032,-0.6474317,0.5953005194664002,0.0,0.10577049851417542
-0.010905371707265538,-0.006429223047751427,-0.008672778074772987,0.72,0.0,9.9,0.0,1.0,0.010071108127071682,0.045,0.0,0.98433506,-1.1516032,-0.6474317,0.5953005194664002,0.0,0.10577049851417542
-0.006277104647544208,0.007702563052472544,0.0014691234026829676,0.72,0.0,9.9,0.0,1.0,-0.3561510055848842,0.05,0.0,0.98433506,-1.1516032,-0.6474317,0.5953005194664002,0.0,0.10577049851417542
-0.008791308039701594,-0.0049796682689366035,-0.01137963598279748,0.72,0.0,9.9,0.0,1.0,0.10162663655506066,0.055,0.0,0.98433506,-1.1516032,-0.6474317,0.5953005194664002,0.0,0.10577049851417542
-0.012887893174966754,-0.006831721897227302,-0.012690695090405324,0.72,0.0,9.9,0.0,1.0,0.22370067445904596,0.06,0.0,1.1368005,-1.3489498,-0.62294704,0.6,0.0,0.11311588883399963
-0.0022603907823028225,-0.01426888027574064,-0.002655454289348007,0.72,0.0,9.9,0.0,1.0,0.10162663655506066,0.065,0.0,1.1368005,-1.3489498,-0.62294704,0.6,0.0,0.11311588883399963
-0.00343181501390808,-0.017871912204753627,-0.009286660442978902,0.72,0.0,9.9,0.0,1.0,-0.23407696768089892,0.07,0.0,1.1368005,-1.3489498,-0.62294704,0.6,0.0,0.11311588883399963
0.0036419512055030677,-0.021346412388680746,0.0007129287345486975,0.72,0.0,9.9,0.0,1.0,0.19318216498304963,0.075,0.0,1.1368005,-1.3489498,-0.62294704,0.6,0.0,0.11311588883399963
-0.001707871853134356,-0.030392483589128216,-0.004716136804983981,0.72,0.0,9.9,0.0,1.0,0.05584887234106617,0.08,0.0,1.2948503,-1.4948685,-0.5904109,0.6,0.0,0.12287673354148865
0.003982635803185842,-0.023690223237132282,-0.0011001028552279487,0.8999999999999999,4.343678269374603,9.719999999999999,-4.3436782693746405,1.0,0.23895992919704412,0.085,0.0,1.2948503,-1.4948685,-0.5904109,0.6,0.0,0.12287673354148865
0.006359928530764889,-0.020638484149770025,0.0040023811451702475,0.8999999999999999,0.0,9.719999999999999,0.0,1.0,-0.035706656086922806,0.09,0.0,1.2948503,-1.4948685,-0.5904109,0.6,0.0,0.12287673354148865
0.02002529314707394,0.006348738838681637,0.029359871901965384,1.26,35115.10325581396,9.36,-35115.1032558139,1.0,0.14740440076905514,0.095,0.0,1.2948503,-1.4948685,-0.5904109,0.6,0.0,0.12287673354148865
0.04579522036582752,0.0063515206101409025,0.026916980771904155,1.6199999999999999,40809.44432432431,8.82,-61214.16648648639,1.0,-0.020447401348924643,0.1,0.0,1.6391573,-1.664164,-0.6592004,0.6,0.0,0.10223988890647888
0.07446653521384253,0.016446052405662003,0.03651637532424841,1.98,44410.277647058836,8.28,-66615.41647058834,1.0,0.11688589129305882,0.105,0.0,1.6391573,-1.664164,-0.6592004,0.6,0.0,0.10223988890647888
0.09828252450782035,0.02987937907149359,0.04242758200817027,2.6999999999999997,81618.88864864862,7.38,-102023.61081081074,1.0,0.04058961760306801,0.11,0.0,1.6391573,-1.664164,-0.6592004,0.6,0.0,0.10223988890647888
0.11609162857535446,0.03623769075630661,0.04861358514799783,3.5999999999999996,117964.79999999999,6.12,-165150.71999999997,1.0,0.2084414197210478,0.115,0.0,1.6391573,-1.664164,-0.6592004,0.6,0.0,0.10223988890647888
0.12993373812478182,0.02703735701710244,0.051508599573963074,4.5,117964.80000000005,4.859999999999999,-165150.7200000001,1.0,-0.14252143925290994,0.12,0.0,1.5794023,-1.6163588,-0.53320754,0.6,0.0,0.14003773927688598
0.14796504995330925,0.025240509670148615,0.06061444951750011,5.76,28.900608327591293,3.06,-41.286583325130415,1.0,0.010071108127071682,0.125,0.0,1.5794023,-1.6163588,-0.53320754,0.6,0.0,0.14003773927688598
0.16961166116403215,0.01635686056843217,0.07097210796006814,7.199999999999999,66371.40395604393,1.6199999999999999,-66371.40395604397,1.0,-0.08148442030091729,0.13,0.0,1.5794023,-1.6163588,-0.53320754,0.6,0.0,0.14003773927688598
0.18955129448228872,0.024467889282438194,0.07761190542013016,7.739999999999999,61214.16648648649,2.16,61214.166486486516,1.0,0.1626636555070533,0.135,0.0,1.5794023,-1.6163588,-0.53320754,0.6,0.0,0.14003773927688598
0.20363174986963006,0.01621467981079112,0.08506763804898931,8.64,107853.53142857157,2.6999999999999997,64712.11885714281,1.0,-0.2798547318948934,0.14,0.0,1.726444,-1.7822535,-0.12421038,0.6,0.0,0.26273688599467276
0.22131806459442824,0.0006818638119162841,0.08849646149010425,9.719999999999999,133230.83294117625,3.06,44410.277647058865,1.0,-0.020447401348924643,0.145,0.0,1.726444,-1.7822535,-0.12421038,0.6,0.0,0.26273688599467276
0.23976017413967643,-0.013160347819781058,0.1012702631700361,11.16,147312.140487805,2.88,-18414.017560975626,1.0,-0.11200292977691362,0.15,0.0,1.726444,-1.7822535,-0.12421038,0.6,0.0,0.26273688599467276
0.25271821773300207,-0.016119123259489325,0.10917562140178023,12.78,183642.49945945936,2.16,-81618.88864864862,1.0,-0.06622516556291913,0.155,0.0,1.726444,-1.7822535,-0.12421038,0.6,0.0,0.26273688599467276
0.26766234043737963,-0.0006580449046472979,0.11425579969896332,14.58,228780.21818181826,1.6199999999999999,-68634.06545454549,1.0,-0.12726218451491178,0.16,0.0,1.4856215,-1.5108122,-0.28512248,0.6,0.0,0.21446325480937958
0.28439522232463516,-0.013928396124685306,0.10946677311168794,16.2,169869.31199999992,1.7999999999999998,18874.367999999995,1.0,-0.09674367503891546,0.165,0.0,1.4856215,-1.5108122,-0.28512248,0.6,0.0,0.21446325480937958
0.29691527684225394,-0.00016274484672730677,0.10656436773536274,18.18,48.33187985590158,1.7999999999999998,0.0,1.0,-0.2035584582049026,0.17,0.0,1.4856215,-1.5108122,-0.28512248,0.6,0.0,0.21446325480937958
0.3078209189343108,0.0010070184900877503,0.09620024027367019,20.16,112225.97189189191,1.7999999999999998,0.0,1.0,-0.12726218451491178,0.17500000000000002,0.0,1.4856215,-1.5108122,-0.28512248,0.6,0.0,0.21446325480937958
0.32243615536271203,0.00815640175139195,0.10915035747250984,22.32,220968.21073170734,1.7999999999999998,0.0,1.0,-0.4477065340128732,0.18,0.0,1.4888173,-1.7020551,0.3444339,0.6,0.0,0.4033301711082458
0.3331114760042314,0.0011307671392184106,0.11558365558128722,24.66,68157.44,1.7999999999999998,0.0,1.0,-0.05096591082492097,0.185,0.0,1.4888173,-1.7020551,0.3444339,0.6,0.0,0.4033301711082458
0.34332280699868334,0.018904293269048418,0.1162636551426647,27.0,272629.76,1.7999999999999998,0.0,1.0,-0.12726218451491178,0.19,0.0,1.4888173,-1.7020551,0.3444339,0.6,0.0,0.4033301711082458
0.35383285107304757,0.014563136642709945,0.1159098870185665,29.52,293601.27999999997,1.7999999999999998,0.0,1.0,0.11688589129305882,0.195,0.0,1.4888173,-1.7020551,0.3444339,0.6,0.0,0.4033301711082458
0.36368786419142635,-0.0007849793455155224,0.11287546708653023,31.86,280419.1817142857,1.7999999999999998,0.0,1.0,-0.24933622241889708,0.2,0.0,1.110754,-1.2742062,-0.17604655,0.6,0.0,0.24718603491783142
0.37129850041618684,0.0002778021258741017,0.10877625951491049,34.56,188743.6800000002,1.7999999999999998,0.0,1.0,-0.23407696768089892,0.20500000000000002,0.0,1.110754,-1.2742062,-0.17604655,0.6,0.0,0.24718603491783142
0.3799105437285343,-0.011269215650617084,0.12092716531847897,37.26,62.16444239509904,1.7999999999999998,0.0,1.0,-0.2798547318948934,0.21,0.0,1.110754,-1.2742062,-0.17604655,0.6,0.0,0.24718603491783142
0.38789157751864717,-0.0010889493622468897,0.11990729376638656,39.78,120109.6145454547,1.7999999999999998,0.0,1.0,0.10162663655506066,0.215,0.0,1.110754,-1.2742062,-0.17604655,0.6,0.0,0.24718603491783142
0.3947219485413264,-0.012544154872278793,0.132386201745108,42.48,298016.3368421048,1.7999999999999998,0.0,1.0,-0.14252143925290994,0.22,0.0,1.2231476,-1.5362629,0.4515295,0.6,0.0,0.4354588508605957
0.4017930824560289,-0.005510672313946966,0.14294632464592177,45.36,345131.3005714289,1.7999999999999998,0.0,1.0,0.17792291024505147,0.225,0.0,1.2231476,-1.5362629,0.4515295,0.6,0.0,0.4354588508605957
0.4080921017884072,-0.005065930165941559,0.15105715015090368,48.059999999999995,377487.3599999994,1.7999999999999998,0.0,1.0,-0.41718802453687687,0.23,0.0,1.2231476,-1.5362629,0.4515295,0.6,0.0,0.4354588508605957
0.4124030767387338,-0.017128048100970662,0.16024549294808674,50.76,263363.2744186049,1.7999999999999998,0.0,1.0,0.05584887234106617,0.23500000000000001,0.0,1.2231476,-1.5362629,0.4515295,0.6,0.0,0.4354588508605957
0.41712312263360907,-0.013594509759270006,0.16706776045035301,53.28,320292.3054545458,1.98,22878.021818181838,1.0,-0.09674367503891546,0.24,0.0,0.65277207,-1.0339566,-0.29483202,0.49583162069320674,0.0,0.21155039370059966
0.421159908519364,-0.013549758335947994,0.1718880607013012,55.98,323560.5942857138,1.98,0.0,1.0,-0.08148442030091729,0.245,0.0,0.65277207,-1.0339566,-0.29483202,0.49583162069320674,0.0,0.21155039370059966
0.42567359525259757,-0.012071714824025663,0.18146476723933763,58.5,320292.3054545458,2.16,22878.021818181838,1.0,-0.06622516556291913,0.25,0.0,0.65277207,-1.0339566,-0.29483202,0.49583162069320674,0.0,0.21155039370059966
0.429167488656562,-0.01402891713882697,0.1955433731056031,61.019999999999996,59.94105549695455,2.16,0.0,1.0,0.025330362865069844,0.255,0.0,0.65277207,-1.0339566,-0.29483202,0.49583162069320674,0.0,0.21155039370059966
0.4334992628930644,-0.01715128863986795,0.20611041354171802,63.36,130862.2848000002,2.34,10066.329599999985,1.0,-0.020447401348924643,0.26,0.0,0.6722282,-1.167855,0.20462129,0.5016684651374816,0.0,0.3613863855600357
0.43652440497537737,-0.015276451089315163,0.21805910319433347,65.52,167772.15999999974,2.88,41943.04,1.0,-0.05096591082492097,0.265,0.0,0.6722282,-1.167855,0.20462129,0.5016684651374816,0.0,0.3613863855600357
0.43932423624548383,-0.015068367338462766,0.2303766085289586,67.67999999999999,244856.66594594557,3.2399999999999998,40809.44432432431,1.0,-0.3256324961088879,0.27,0.0,0.6722282,-1.167855,0.20462129,0.5016684651374816,0.0,0.3613863855600357
0.4430613307502958,-0.016835822359880813,0.23863714685039422,69.84,251658.24000000127,3.78,62914.560000000005,1.0,-0.020447401348924643,0.275,0.0,0.6722282,-1.167855,0.20462129,0.5016684651374816,0.0,0.3613863855600357
0.44516480661873586,-0.014650674350681687,0.24477269968447424,71.64,209715.19999999966,4.32,62914.560000000056,1.0,-0.11200292977691362,0.28,0.0,0.2161106,-0.8175576,-0.51939446,0.3648331806063652,0.05473272800445556,0.14418166279792785
0.44766104928305805,-0.008609939043597093,0.24829052464936877,73.44,204047.2216216213,5.22,102023.61081081074,1.0,0.0863673818170625,0.28500000000000003,0.0,0.2161106,-0.8175576,-0.51939446,0.3648331806063652,0.05473272800445556,0.14418166279792785
0.45057944478594636,-0.020838175972048265,0.24989329003125235,75.06,194136.35657142912,5.9399999999999995,86282.82514285711,1.0,-0.2035584582049026,0.29,0.0,0.2161106,-0.8175576,-0.51939446,0.3648331806063652,0.05473272800445556,0.14418166279792785
0.45362474038436923,-0.002443923118864093,0.2535990067144007,76.5,33.241774641840856,7.02,24.931330981380682,1.0,0.05584887234106617,0.295,0.0,0.2161106,-0.8175576,-0.51939446,0.3648331806063652,0.05473272800445556,0.14418166279792785
0.45515765652755613,-0.01604145325257924,0.2633411879426352,77.94,75497.47199999988,7.92,47185.92000000002,1.0,-0.08148442030091729,0.3,0.0,0.1772871,-0.7618996,-0.8189391,0.35318613052368164,0.07143012285232543,0.05431827306747437
0.4586070021974878,-0.005554472566773333,0.2733103918571197,79.2,128898.12292682979,8.64,73656.0702439025,1.0,-0.005188146610926481,0.305,0.0,0.1772871,-0.7618996,-0.8189391,0.35318613052368164,0.07143012285232543,0.05431827306747437
0.4604870426574631,-0.028121974294216652,0.2788368002129708,80.46,150994.9439999989,9.54,107853.53142857125,1.0,-0.26459547715689524,0.31,0.0,0.1772871,-0.7618996,-0.8189391,0.35318613052368164,0.07143012285232543,0.05431827306747437
0.46314353315716417,-0.03297625204750827,0.27985583342946335,81.53999999999999,150994.94399999976,10.08,75497.47200000013,1.0,-0.1577806939909081,0.315,0.0,0.1772871,-0.7618996,-0.8189391,0.35318613052368164,0.07143012285232543,0.05431827306747437
0.46587376050297075,-0.006688593267400904,0.28105765314603576,82.61999999999999,146124.13935483847,10.799999999999999,97416.09290322565,1.0,-0.06622516556291913,0.32,0.0,-0.06777522,-0.72931147,-0.38076547,0.2796674340963364,0.0812065601348877,0.18577035963535307
0.4667782860358469,-0.0161796460895494,0.2824255838976544,83.34,79471.02315789618,11.34,59603.267368421155,1.0,-0.14252143925290994,0.325,0.0,-0.06777522,-0.72931147,-0.38076547,0.2796674340963364,0.0812065601348877,0.18577035963535307
0.46786058041459017,0.004089369989237032,0.2841713487085065,84.06,88820.55529411751,11.7,44410.277647058756,1.0,-0.29511398663289157,0.33,0.0,-0.06777522,-0.72931147,-0.38076547,0.2796674340963364,0.0812065601348877,0.18577035963535307
0.4688046976874697,-0.007152664762493398,0.28620605833348794,84.42,47185.919999999925,12.059999999999999,47185.919999999925,1.0,-0.14252143925290994,0.335,0.0,-0.06777522,-0.72931147,-0.38076547,0.2796674340963364,0.0812065601348877,0.18577035963535307
0.4705563551198831,-0.010121837994638515,0.28719484366074033,84.6,4.057607704875575,12.42,8.11521540975151,1.0,-0.23407696768089892,0.34,0.0,-0.099359915,-0.6726887,-0.7986786,0.27019202560186384,0.0981933832168579,0.06039642691612243
0.4711369878960239,-0.013407279235102976,0.2897045255898699,84.78,10202.361081081468,12.78,20404.72216216213,1.0,0.04058961760306801,0.34500000000000003,0.0,-0.099359915,-0.6726887,-0.7986786,0.27019202560186384,0.0981933832168579,0.06039642691612243
0.47091619405175605,0.004305347284549471,0.2920203462695709,84.78,0.0,12.959999999999999,19358.326153846123,1.0,-0.05096591082492097,0.35000000000000003,0.0,-0.099359915,-0.6726887,-0.7986786,0.27019202560186384,0.0981933832168579,0.06039642691612243
0.4712369527832068,0.006025175907561377,0.29297319456780035,84.42,-45756.04363636357,12.78,-22878.021818181784,1.0,-0.08148442030091729,0.355,0.0,-0.099359915,-0.6726887,-0.7986786,0.27019202560186384,0.0981933832168579,0.06039642691612243
0.47144293754977673,-0.0011476595145024486,0.29213057370172363,84.24,-22878.021818182686,12.6,-22878.021818181784,1.0,-0.21881771294290076,0.36,0.0,-0.04835575,-0.71446645,-1.0098312,0.28549327477812764,0.08566006422042846,0.0
0.47032605895044355,-0.0120903242933429,0.2915958063397608,83.88,-44410.277647058756,12.24,-44410.277647058756,1.0,0.04058961760306801,0.365,0.0,-0.04835575,-0.71446645,-1.0098312,0.28549327477812764,0.08566006422042846,0.0
0.46899223997278655,-0.017018062984169406,0.2919234189621546,83.52,-40809.44432432426,11.7,-61214.16648648659,1.0,-0.2035584582049026,0.37,0.0,-0.04835575,-0.71446645,-1.0098312,0.28549327477812764,0.08566006422042846,0.0
0.46903637321748765,-0.009114002496705504,0.28995786034962917,82.98,-70778.87999999896,11.34,-47185.919999999925,1.0,-0.020447401348924643,0.375,0.0,-0.04835575,-0.71446645,-1.0098312,0.28549327477812764,0.08566006422042846,0.0
0.4676123640275423,0.002830788535345233,0.28835118886556443,82.25999999999999,-97416.09290322757,10.799999999999999,-73062.06967741948,1.0,-0.06622516556291913,0.38,0.0,-0.15051946,-0.7261449,-1.044936,0.2548441618680954,0.08215652704238892,0.0
0.46717917243129087,0.006803471097223001,0.2878079450193155,81.72,-13.140812494923164,10.08,-17.521083326564447,1.0,-0.06622516556291913,0.385,0.0,-0.15051946,-0.7261449,-1.044936,0.2548441618680954,0.08215652704238892,0.0
0.4671563813676932,0.02253571129387931,0.28627155550590977,81.0,-34711.48137931029,9.54,-26033.611034482805,1.0,-0.26459547715689524,0.39,0.0,-0.15051946,-0.7261449,-1.044936,0.2548441618680954,0.08215652704238892,0.0
0.46517478098162857,0.028638951588785176,0.2854954823417982,80.1,-102023.61081081146,8.82,-81618.88864864851,1.0,0.10162663655506066,0.395,0.0,-0.15051946,-0.7261449,-1.044936,0.2548441618680954,0.08215652704238892,0.0
0.46401656951428244,0.026497144089993728,0.2852539178645445,79.2,-121770.1161290311,8.28,-73062.06967741948,1.0,-0.18829920346690443,0.4,0.0,0.09679358,-0.7973856,-1.1567209,0.3290380731225014,0.0607843279838562,0.0
0.4627915320074847,0.029271890901673057,0.28432236764567725,78.3,-125829.1200000008,7.739999999999999,-75497.47200000001,1.0,-0.34089175084688605,0.405,0.0,0.09679358,-0.7973856,-1.1567209,0.3290380731225014,0.0607843279838562,0.0
0.46033788295980743,0.04145120017143519,0.27935274792569365,77.39999999999999,-107853.53142857211,7.199999999999999,-64712.118857142865,1.0,-0.1577806939909081,0.41000000000000003,0.0,0.09679358,-0.7973856,-1.1567209,0.3290380731225014,0.0607843279838562,0.0
0.4509905460294909,0.042148511819010734,0.2729961852652558,76.32,-129424.23771428551,6.66,-64712.118857142756,1.0,0.04058961760306801,0.41500000000000004,0.0,0.09679358,-0.7973856,-1.1567209,0.3290380731225014,0.0607843279838562,0.0
0.439292366431781,0.047339676535444145,0.2672843922045773,75.06,-165150.7199999988,6.3,-47185.92000000004,1.0,0.2084414197210478,0.42,0.0,-0.11676353,-0.82768035,-1.1247892,0.2649709403514862,0.05169589519500732,0.0
0.42750677553236877,0.0508881344679244,0.25889124915584727,73.8,-28.678690449703552,5.9399999999999995,-8.193911557058131,1.0,-0.005188146610926481,0.425,0.0,-0.11676353,-0.82768035,-1.1247892,0.2649709403514862,0.05169589519500732,0.0
0.4143484510878195,0.05444454161141444,0.24855730116970812,72.53999999999999,-68634.06545454574,5.58,-19609.732987012954,1.0,-0.26459547715689524,0.43,0.0,-0.11676353,-0.82768035,-1.1247892,0.2649709403514862,0.05169589519500732,0.0
0.40098353379620444,0.07042237979807305,0.2403189232415313,71.1,-154866.60923076898,5.3999999999999995,-19358.326153846217,1.0,0.07110812707906433,0.435,0.0,-0.11676353,-0.82768035,-1.1247892,0.2649709403514862,0.05169589519500732,0.0
0.39080393467734503,0.06733458944596314,0.230296176653705,69.66,-167772.15999999974,5.3999999999999995,0.0,1.0,-0.08148442030091729,0.44,0.0,0.33336395,-0.8621044,-0.5936435,0.4000091850757599,0.04136867523193359,0.12190695405006408
0.3789511117986487,0.07316392836460552,0.21771191893688932,68.03999999999999,-183642.49945945997,5.3999999999999995,0.0,1.0,0.07110812707906433,0.445,0.0,0.33336395,-0.8621044,-0.5936435,0.4000091850757599,0.04136867523193359,0.12190695405006408
0.36795739675619005,0.07881408750030647,0.20272678784339138,66.42,-169869.311999999,5.3999999999999995,0.0,1.0,-0.18829920346690443,0.45,0.0,0.33336395,-0.8621044,-0.5936435,0.4000091850757599,0.04136867523193359,0.12190695405006408
0.35905280634237213,0.0756282210490069,0.18630304535441322,64.62,-209715.19999999966,5.76,41943.04000000004,1.0,0.05584887234106617,0.455,0.0,0.33336395,-0.8621044,-0.5936435,0.4000091850757599,0.04136867523193359,0.12190695405006408
0.35041477930594056,0.07508985133325977,0.16921572530076745,62.64,-244256.52705882402,5.9399999999999995,22205.138823529378,1.0,-0.2798547318948934,0.46,0.0,-0.09615433,-0.9412484,-1.0380496,0.2711537003517151,0.017625474929809568,0.0
0.3413489796441999,0.08369005526851757,0.15264407917318035,60.66,-202554.19317073212,6.4799999999999995,55242.052682926835,1.0,-0.11200292977691362,0.465,0.0,-0.09615433,-0.9412484,-1.0380496,0.2711537003517151,0.017625474929809568,0.0
0.33460907736834994,0.08724786904447634,0.13702803963816024,58.5,-52.28809419097905,6.84,8.714682365163197,1.0,-0.09674367503891546,0.47000000000000003,0.0,-0.09615433,-0.9412484,-1.0380496,0.2711537003517151,0.017625474929809568,0.0
0.32948993607771926,0.08497846355148932,0.12226074308162437,56.339999999999996,-92445.88408163282,7.56,30815.294693877542,1.0,-0.005188146610926481,0.47500000000000003,0.0,-0.09615433,-0.9412484,-1.0380496,0.2711537003517151,0.017625474929809568,0.0
0.3255061270736095,0.09280931053277741,0.1094039571414651,54.18,-196949.92695652143,8.1,49237.48173913044,1.0,-0.09674367503891546,0.48,0.0,0.5114338,-0.89848185,-0.13840201,0.45343013405799865,0.03045544624328613,0.25847939550876614
0.3234037841540153,0.0935829132409609,0.09686108241197791,51.66,-285666.1102702706,9.0,102023.61081081085,1.0,-0.11200292977691362,0.485,0.0,0.5114338,-0.89848185,-0.13840201,0.45343013405799865,0.03045544624328613,0.25847939550876614
0.3212631224387572,0.08609742306479612,0.08649832450742694,49.32,-297414.28363636316,9.719999999999999,91512.08727272713,1.0,-0.08148442030091729,0.49,0.0,0.5114338,-0.89848185,-0.13840201,0.45343013405799865,0.03045544624328613,0.25847939550876614
0.3177962525107606,0.08832862826658013,0.07699987909735839,46.8,-293601.2800000004,10.44,83886.08000000007,1.0,-0.12726218451491178,0.495,0.0,0.5114338,-0.89848185,-0.13840201,0.45343013405799865,0.03045544624328613,0.25847939550876614
0.3153630398161811,0.08777868595727681,0.0749043497151055,44.46,-60584.391111111014,11.16,18641.35111111113,1.0,-0.26459547715689524,0.5,0.0,-0.0032694936,-1.0142883,-1.0917157,0.2990191519260406,0.0,0.0
0.31384611426108855,0.09428593392098715,0.06803888811923747,41.94,-310871.94352941215,11.879999999999999,88820.55529411751,1.0,-0.11200292977691362,0.505,0.0,-0.0032694936,-1.0142883,-1.0917157,0.2990191519260406,0.0,0.0
0.31473946918218504,0.08392563837189636,0.051372965912437334,39.6,-53.56827036644863,12.24,8.24127236406906,1.0,-0.08148442030091729,0.51,0.0,-0.0032694936,-1.0142883,-1.0917157,0.2990191519260406,0.0,0.0
0.3167701121878764,0.07911662953203459,0.05141937613447853,37.44,-124105.43342465775,12.42,10342.119452054778,1.0,0.04058961760306801,0.515,0.0,-0.0032694936,-1.0142883,-1.0917157,0.2990191519260406,0.0,0.0
0.3188265690037493,0.08426089982546113,0.0469607698282727,35.46,-230686.71999999962,12.42,0.0,1.0,-0.1577806939909081,0.52,0.0,0.55659115,-1.0018209,-1.1291527,0.4669773459434509,0.0,0.0
0.3222618150197901,0.07453378734354582,0.046887731350603014,33.66,-204047.2216216221,11.879999999999999,-61214.16648648659,1.0,0.05584887234106617,0.525,0.0,0.55659115,-1.0018209,-1.1291527,0.4669773459434509,0.0,0.0
0.324657289960692,0.07416340873902291,0.04634732129615537,32.22,-188743.6799999997,10.98,-117964.79999999981,1.0,-0.34089175084688605,0.53,0.0,0.55659115,-1.0018209,-1.1291527,0.4669773459434509,0.0,0.0
0.3268538368675694,0.08093986745604895,0.044281171806672806,30.959999999999997,-150994.9440000002,9.54,-172565.65028571445,1.0,-0.06622516556291913,0.535,0.0,0.55659115,-1.0018209,-1.1291527,0.4669773459434509,0.0,0.0
0.32889970775466126,0.08096481078652876,0.03866620718571686,30.06,-35612.015094339564,7.56,-78346.43320754715,1.0,-0.12726218451491178,0.54,0.0,0.5665209,-1.2759129,-1.2024049,0.46995627880096436,0.0,0.0
0.3306226785318455,0.08238611402364764,0.03956611868506134,29.7,-30815.294693877502,5.04,-215707.06285714282,1.0,-0.08148442030091729,0.545,0.0,0.5665209,-1.2759129,-1.2024049,0.46995627880096436,0.0,0.0
0.33169067141996256,0.07374885344666013,0.03613876387334434,29.52,-24354.023225806413,1.98,-414018.3948387097,1.0,-0.11200292977691362,0.55,0.0,0.5665209,-1.2759129,-1.2024049,0.46995627880096436,0.0,0.0
0.3328259447761307,0.07188810245908371,0.04158463643585023,28.439999999999998,-26.506151739634213,1.7999999999999998,-4.417691956605698,1.0,0.14740440076905514,0.555,0.0,0.5665209,-1.2759129,-1.2024049,0.46995627880096436,0.0,0.0
0.3351942653111912,0.07900720475128682,0.05126657276492791,27.9,-27962.02666666662,2.88,55924.05333333334,1.0,-0.6002990813928548,0.56,0.0,0.73588705,-1.4041698,-1.0903276,0.5207661151885986,0.0,0.0
0.3358497778129635,0.07562035782398928,0.062276714098090956,27.54,-38716.652307692246,3.06,19358.32615384617,1.0,-0.09674367503891546,0.5650000000000001,0.0,0.73588705,-1.4041698,-1.0903276,0.5207661151885986,0.0,0.0
0.33687632174140303,0.07360137383198855,0.07697748055779549,27.36,-20971.519999999968,3.2399999999999998,20971.519999999968,1.0,0.26947843867304044,0.5700000000000001,0.0,0.73588705,-1.4041698,-1.0903276,0.5207661151885986,0.0,0.0
0.3374669883665954,0.08468204615296325,0.06871122461774531,27.72,50331.64799999992,2.52,-100663.29599999996,1.0,-0.1577806939909081,0.5750000000000001,0.0,0.73588705,-1.4041698,-1.0903276,0.5207661151885986,0.0,0.0
0.33686926776032844,0.07618347791224807,0.07914195789974222,28.259999999999998,62914.5599999999,1.6199999999999999,-104857.60000000002,1.0,-0.005188146610926481,0.58,0.0,0.903136,-1.5150498,-0.8556547,0.5709408044815063,0.0,0.04330358505249023
0.33742015055543584,0.0629982778012342,0.08252902684644334,28.439999999999998,22205.138823529378,1.98,44410.277647058836,1.0,0.10162663655506066,0.585,0.0,0.903136,-1.5150498,-0.8556547,0.5709408044815063,0.0,0.04330358505249023
0.33765366454949713,0.05443732772848793,0.08503702938641872,29.16,94371.84000000032,1.7999999999999998,-23592.96000000002,1.0,-0.23407696768089892,0.59,0.0,0.903136,-1.5150498,-0.8556547,0.5709408044815063,0.0,0.04330358505249023
0.3374938891827135,0.05123287958648911,0.0856841851347806,29.7,12.317470510498733,1.98,4.105823503499588,1.0,-0.020447401348924643,0.595,0.0,0.903136,-1.5150498,-0.8556547,0.5709408044815063,0.0,0.04330358505249023
0.3371806219505063,0.0349978103121201,0.07674253953227071,30.599999999999998,46035.04390243895,1.7999999999999998,-9207.008780487813,1.0,-0.24933622241889708,0.6,0.0,1.0590448,-1.5924755,-0.62696004,0.6,0.0,0.11191198825836181
0.33646826949437403,0.031587357530018456,0.08597447189099726,31.5,99338.77894736866,1.7999999999999998,0.0,1.0,-0.06622516556291913,0.605,0.0,1.0590448,-1.5924755,-0.62696004,0.6,0.0,0.11191198825836181
0.33604683290760423,0.029201117154834366,0.08323491488607085,32.58,29224.827870967696,1.7999999999999998,0.0,1.0,-0.09674367503891546,0.61,0.0,1.0590448,-1.5924755,-0.62696004,0.6,0.0,0.11191198825836181
0.3350527603049546,0.020103071813171742,0.05908407474672342,33.66,119206.53473684192,1.7999999999999998,0.0,1.0,0.22370067445904596,0.615,0.0,1.0590448,-1.5924755,-0.62696004,0.6,0.0,0.11191198825836181
0.33807470771931614,0.010975221806201581,0.05216694536952151,34.74,122428.33297297359,1.7999999999999998,0.0,1.0,-0.21881771294290076,0.62,0.0,1.2991536,-1.7402073,-0.11896216,0.6,0.0,0.26431135162711145
0.3468900786388547,-0.00483821135225754,0.05447798936341774,36.0,155435.97176470564,1.7999999999999998,0.0,1.0,0.025330362865069844,0.625,0.0,1.2991536,-1.7402073,-0.11896216,0.6,0.0,0.26431135162711145
0.3550441547172256,0.0026456140289670706,0.04540404097243923,37.26,165150.71999999974,1.7999999999999998,0.0,1.0,-0.2798547318948934,0.63,0.0,1.2991536,-1.7402073,-0.11896216,0.6,0.0,0.26431135162711145
0.3621413017208179,0.0009918179147472028,0.029553320910796745,38.699999999999996,201326.59199999968,1.7999999999999998,0.0,1.0,0.19318216498304963,0.635,0.0,1.2991536,-1.7402073,-0.11896216,0.6,0.0,0.26431135162711145
0.3750270719453466,-0.00733442467875553,0.023399908404922138,40.14,34.879061236746786,1.7999999999999998,0.0,1.0,-0.21881771294290076,0.64,0.0,1.2376294,-1.5119866,-0.13146788,0.6,0.0,0.2605596363544464
0.38641513710770353,-0.01005126767511735,0.014918554298128434,41.76,89404.90105263144,1.7999999999999998,0.0,1.0,-0.09674367503891546,0.645,0.0,1.2376294,-1.5119866,-0.13146788,0.6,0.0,0.2605596363544464
0.39541796407481977,-0.007606573925361281,0.0279522518325405,43.379999999999995,183642.49945945916,1.7999999999999998,0.0,1.0,-0.1577806939909081,0.65,0.0,1.2376294,-1.5119866,-0.13146788,0.6,0.0,0.2605596363544464
0.40663086868268405,-0.016114396831174497,0.025680434620920005,45.18,204047.2216216221,1.7999999999999998,0.0,1.0,-0.09674367503891546,0.655,0.0,1.2376294,-1.5119866,-0.13146788,0.6,0.0,0.2605596363544464
0.4176758025249296,-0.018900076530859067,0.028864152986680897,46.98,209715.19999999966,1.7999999999999998,0.0,1.0,0.010071108127071682,0.66,0.0,1.4122318,-1.6581593,0.4137927,0.6,0.0,0.4241378098726272
0.42523757657911093,-0.01950808116247732,0.02187561415366207,48.96,237277.7691428576,1.7999999999999998,0.0,1.0,-0.11200292977691362,0.665,0.0,1.4122318,-1.6581593,0.4137927,0.6,0.0,0.4241378098726272
0.43320753444264437,-0.02527914213235262,0.020444921888976512,51.12,251658.2399999996,1.7999999999999998,0.0,1.0,-0.2035584582049026,0.67,0.0,1.4122318,-1.6581593,0.4137927,0.6,0.0,0.4241378098726272
0.4416495771619674,-0.028163633953568915,0.012142193623356024,53.28,283115.5200000005,1.7999999999999998,0.0,1.0,0.05584887234106617,0.675,0.0,1.4122318,-1.6581593,0.4137927,0.6,0.0,0.4241378098726272
0.4473151832026592,-0.032858412620481954,0.025781361827020628,55.44,48.45405342960281,1.7999999999999998,0.0,1.0,-0.24933622241889708,0.68,0.0,1.1997597,-1.2824324,0.120159514,0.6,0.0,0.33604785427451134
0.45299353153351923,-0.026108291400645495,0.023637589636658685,57.599999999999994,127601.36112676036,1.7999999999999998,0.0,1.0,-0.09674367503891546,0.685,0.0,1.1997597,-1.2824324,0.120159514,0.6,0.0,0.33604785427451134
0.459118679855071,-0.024072555758538734,0.010494433863314027,59.76,251658.24000000043,1.7999999999999998,0.0,1.0,-0.21881771294290076,0.6900000000000001,0.0,1.1997597,-1.2824324,0.120159514,0.6,0.0,0.33604785427451134
0.4635220966469964,-0.013349983329006271,0.02188280165537251,62.099999999999994,306708.4799999995,1.7999999999999998,0.0,1.0,-0.11200292977691362,0.6950000000000001,0.0,1.1997597,-1.2824324,0.120159514,0.6,0.0,0.33604785427451134
0.4680747780869766,-0.012533200041820944,0.04386294209203901,64.44,338436.9434482764,1.7999999999999998,0.0,1.0,-0.12726218451491178,0.7000000000000001,0.0,1.3450793,-1.5259314,0.6210165,0.6,0.0,0.4863049507141113
0.47172294614014315,-0.019422730620250024,0.05979386447719158,66.6,301989.8879999995,1.98,25165.824000000022,1.0,-0.09674367503891546,0.705,0.0,1.3450793,-1.5259314,0.6210165,0.6,0.0,0.4863049507141113
0.47503955485314575,-0.010614189976466425,0.07946488392115021,68.75999999999999,258848.47542857102,1.98,0.0,1.0,-0.2035584582049026,0.71,0.0,1.3450793,-1.5259314,0.6210165,0.6,0.0,0.4863049507141113
0.4772831112772326,-0.008792561365873792,0.0976268947269925,70.92,266461.66588235425,1.98,0.0,1.0,-0.005188146610926481,0.715,0.0,1.3450793,-1.5259314,0.6210165,0.6,0.0,0.4863049507141113
0.47816633354463256,-0.014330007957797505,0.11610205799864465,72.89999999999999,267894.2554838696,2.16,24354.02322580647,1.0,-0.05096591082492097,0.72,0.0,1.0017906,-1.0531653,0.106756635,0.6,0.0,0.3320269905030727
0.4791691405409324,-0.01788562140006804,0.1207396501579764,74.88,46.015913118160505,2.52,8.366529657847344,1.0,-0.08148442030091729,0.725,0.0,1.0017906,-1.0531653,0.106756635,0.6,0.0,0.3320269905030727
0.47994625615233505,-0.01749061321702023,0.138064998067134,76.5,101414.51462686596,3.06,33804.838208955225,1.0,-0.05096591082492097,0.73,0.0,1.0017906,-1.0531653,0.106756635,0.6,0.0,0.3320269905030727
0.48053337087467934,-0.01756420479594868,0.15415006173042167,78.11999999999999,194136.3565714274,3.5999999999999996,64712.11885714281,1.0,0.05584887234106617,0.735,0.0,1.0017906,-1.0531653,0.106756635,0.6,0.0,0.3320269905030727
0.48049113675490435,-0.010795374661400575,0.1675397307532231,79.56,172565.6502857157,4.5,107853.53142857147,1.0,-0.31037324137088973,0.74,0.0,0.5776911,-0.962322,0.661457,0.4733073234558105,0.011303400993347168,0.49843710064887997
0.4807758394896248,-0.011298361940461988,0.18425550913766378,80.82,135508.2830769221,5.58,116149.95692307693,1.0,-0.12726218451491178,0.745,0.0,0.5776911,-0.962322,0.661457,0.4733073234558105,0.011303400993347168,0.49843710064887997
0.48009189513398554,-0.014660881168353311,0.20093812572711678,81.89999999999999,129424.23771428551,6.84,150994.944,1.0,0.04058961760306801,0.75,0.0,0.5776911,-0.962322,0.661457,0.4733073234558105,0.011303400993347168,0.49843710064887997
0.4803483793690993,-0.0038956277696863663,0.21418216512498708,82.61999999999999,88820.55529411751,8.459999999999999,199846.2494117646,1.0,-0.08148442030091729,0.755,0.0,0.5776911,-0.962322,0.661457,0.4733073234558105,0.011303400993347168,0.49843710064887997
0.48013962611848554,-0.005570598643864531,0.22798348453248835,83.16,70778.88000000082,10.26,235929.6000000001,1.0,-0.17303994872890627,0.76,0.0,0.63485336,-0.8153316,0.0080938935,0.4904560089111328,0.055400526523590087,0.3024281680583954
0.47986924875141534,-0.012386886913214382,0.23941192818382304,83.52,50331.64799999992,12.24,276824.0640000001,1.0,0.04058961760306801,0.765,0.0,0.63485336,-0.8153316,0.0080938935,0.4904560089111328,0.055400526523590087,0.3024281680583954
0.48032927195484404,-0.009791625327519591,0.2465643116150547,83.52,0.0,14.219999999999999,48.20871164362088,1.0,-0.2035584582049026,0.77,0.0,0.63485336,-0.8153316,0.0080938935,0.4904560089111328,0.055400526523590087,0.3024281680583954
0.47975622814355023,-0.017963933090143033,0.2571262803551973,83.52,0.0,16.02,116149.95692307697,1.0,0.05584887234106617,0.775,0.0,0.63485336,-0.8153316,0.0080938935,0.4904560089111328,0.055400526523590087,0.3024281680583954
0.47978606189802364,-0.010017639507401017,0.2713134910764237,83.52,0.0,17.64,188743.6800000001,1.0,-0.12726218451491178,0.78,0.0,0.20451024,-0.71840954,0.0015875176,0.36135307252407073,0.0844771385192871,0.3004762552678585
0.4788582241636892,-0.00990451064555642,0.2838709380300034,83.52,0.0,18.72,133230.83294117625,1.0,0.07110812707906433,0.785,0.0,0.20451024,-0.71840954,0.0015875176,0.36135307252407073,0.0844771385192871,0.3004762552678585
0.4787176208726011,-0.014097922966084645,0.29462049292324993,83.52,0.0,19.08,52067.222068965435,1.0,-0.29511398663289157,0.79,0.0,0.20451024,-0.71840954,0.0015875176,0.36135307252407073,0.0844771385192871,0.3004762552678585
0.4786656684556694,-0.014631233864376281,0.30306606119273694,83.52,0.0,18.9,-22205.138823529378,1.0,-0.020447401348924643,0.795,0.0,0.20451024,-0.71840954,0.0015875176,0.36135307252407073,0.0844771385192871,0.3004762552678585
0.4786941634110184,-0.02106496709261415,0.30783011046625275,83.52,0.0,18.36,-68634.06545454534,1.0,-0.17303994872890627,0.8,0.0,0.15189329,-0.9472668,-0.6971537,0.345567986369133,0.015819954872131347,0.09085389375686645
0.47820851510904666,-0.023966189803691855,0.3133572373398441,83.52,0.0,17.46,-125829.1199999998,1.0,-0.035706656086922806,0.805,0.0,0.15189329,-0.9472668,-0.6971537,0.345567986369133,0.015819954872131347,0.09085389375686645
0.47824065772650043,-0.0185624842962372,0.3207082082467622,83.34,-4.087041857040607,16.38,-24.522251142244688,1.0,-0.34089175084688605,0.81,0.0,0.15189329,-0.9472668,-0.6971537,0.345567986369133,0.015819954872131347,0.09085389375686645
0.4785747694606416,-0.00860525034711054,0.32582406769457056,83.34,0.0,14.94,-102369.45355932199,1.0,-0.020447401348924643,0.8150000000000001,0.0,0.15189329,-0.9472668,-0.6971537,0.345567986369133,0.015819954872131347,0.09085389375686645
0.4785642738267673,-0.013308042922138353,0.33104636438392676,83.16,-21570.706285715103,13.139999999999999,-215707.06285714294,1.0,-0.020447401348924643,0.8200000000000001,0.0,0.5349674,-0.99516165,-1.2806474,0.46049022674560547,0.0014515042304992676,0.0
0.4780441254862767,-0.023790704159926682,0.3398889699237606,83.16,0.0,11.16,-259522.55999999982,1.0,-0.005188146610926481,0.8250000000000001,0.0,0.5349674,-0.99516165,-1.2806474,0.46049022674560547,0.0014515042304992676,0.0
0.478373139896802,-0.019833607711858846,0.3484826995068261,82.98,-25165.823999998967,8.82,-327155.712,1.0,-0.08148442030091729,0.8300000000000001,0.0,0.5349674,-0.99516165,-1.2806474,0.46049022674560547,0.0014515042304992676,0.0
0.47829366019348335,-0.02364096510609609,0.35266593155241316,82.8,-23592.960000000894,6.4799999999999995,-306708.4800000001,1.0,-0.08148442030091729,0.835,0.0,0.5349674,-0.99516165,-1.2806474,0.46049022674560547,0.0014515042304992676,0.0
0.47848306508677835,-0.0057571401092359606,0.3531300730447942,82.61999999999999,-22205.138823530255,3.78,-333077.08235294116,1.0,-0.17303994872890627,0.84,0.0,0.3881898,-0.9145694,-0.9498012,0.416456937789917,0.02562918663024902,0.015059638023376464
0.4788258128767665,-0.005147490982967217,0.35262057130531854,82.44,-23592.95999999903,1.6199999999999999,-283115.52,1.0,-0.09674367503891546,0.845,0.0,0.3881898,-0.9145694,-0.9498012,0.416456937789917,0.02562918663024902,0.015059638023376464
0.4789498709239673,-0.010180966783443494,0.351631771960344,80.64,-235929.59999999963,2.16,70778.88000000003,1.0,-0.05096591082492097,0.85,0.0,0.3881898,-0.9145694,-0.9498012,0.416456937789917,0.02562918663024902,0.015059638023376464
0.4784401209552232,-0.006487803343053559,0.3506069903509539,79.38,-29.94929723051826,3.06,21.39235516465581,1.0,-0.3714102603228824,0.855,0.0,0.3881898,-0.9145694,-0.9498012,0.416456937789917,0.02562918663024902,0.015059638023376464
0.4784860378526479,0.005289327300905444,0.3498731705039648,78.11999999999999,-74434.12732394396,3.5999999999999996,31900.340281690118,1.0,-0.31037324137088973,0.86,0.0,0.40580416,-0.95533335,-0.7552019,0.421741247177124,0.013399994373321534,0.0734394371509552
0.47884597321538697,0.015369923574466132,0.34926719341441664,76.86,-125829.1199999991,3.78,17975.588571428587,1.0,0.010071108127071682,0.865,0.0,0.40580416,-0.95533335,-0.7552019,0.421741247177124,0.013399994373321534,0.0734394371509552
0.47945014861317153,0.02083534861235694,0.3470277421455138,75.78,-133230.83294117625,3.42,-44410.27764705881,1.0,-0.14252143925290994,0.87,0.0,0.40580416,-0.95533335,-0.7552019,0.421741247177124,0.013399994373321534,0.0734394371509552
0.47838415506906956,0.02436204530241274,0.3463162316291873,74.7,-137268.1309090907,2.88,-68634.06545454546,1.0,0.025330362865069844,0.875,0.0,0.40580416,-0.95533335,-0.7552019,0.421741247177124,0.013399994373321534,0.0734394371509552
0.4785477726543755,0.0147977815188477,0.3458044424115571,73.8,-114390.10909090981,1.98,-114390.10909090909,1.0,-0.2798547318948934,0.88,0.0,0.08646488,-0.32203263,-1.023329,0.3259394645690918,0.2033902108669281,0.0
0.4792012424225138,0.010123827427320594,0.34348027563998235,72.53999999999999,-155435.9717647065,1.7999999999999998,-22205.138823529433,1.0,-0.05096591082492097,0.885,0.0,0.08646488,-0.32203263,-1.023329,0.3259394645690918,0.2033902108669281,0.0
0.4790285394254782,0.01845677591496385,0.3410671087262263,71.28,-165150.7199999988,1.98,23592.96000000002,1.0,-0.11200292977691362,0.89,0.0,0.08646488,-0.32203263,-1.023329,0.3259394645690918,0.2033902108669281,0.0
0.48007847506922835,0.007676251882557295,0.33853777533736173,70.38,-20.686846013470323,1.7999999999999998,-4.137369202694042,1.0,0.17792291024505147,0.895,0.0,0.08646488,-0.32203263,-1.023329,0.3259394645690918,0.2033902108669281,0.0
0.4817755397965172,0.013584386758090716,0.33252766305466475,69.3,-45298.48319999993,1.7999999999999998,0.0,1.0,-0.18829920346690443,0.9,0.0,-0.14976366,0.28704625,-0.49098143,0.25507090240716934,0.3861138761043548,0.1527055710554123
0.4819070921978666,0.01368957123437709,0.31977846268997784,68.39999999999999,-82062.4695652179,1.7999999999999998,0.0,1.0,0.3610339671010294,0.905,0.0,-0.14976366,0.28704625,-0.49098143,0.25507090240716934,0.3861138761043548,0.1527055710554123
0.4822565498207387,0.020546348506248528,0.30381752493186703,67.5,-102023.61081080984,1.7999999999999998,0.0,1.0,-0.1577806939909081,0.91,0.0,-0.14976366,0.28704625,-0.49098143,0.25507090240716934,0.3861138761043548,0.1527055710554123
0.48257687471499483,0.024366633963018927,0.2867889359813957,66.78,-97416.09290322565,1.7999999999999998,0.0,1.0,0.11688589129305882,0.915,0.0,-0.14976366,0.28704625,-0.49098143,0.25507090240716934,0.3861138761043548,0.1527055710554123
0.4831985835595641,0.009595802671030801,0.26889362240761766,66.06,-88820.55529411751,1.7999999999999998,0.0,1.0,-0.12726218451491178,0.92,0.0,-0.0021137297,0.26820526,-0.40994653,0.2993658810853958,0.38046157658100127,0.17701604068279267
0.48394498273984976,0.023027415359605216,0.2529547674426527,65.52,-66615.416470589,1.7999999999999998,0.0,1.0,0.11688589129305882,0.925,0.0,-0.0021137297,0.26820526,-0.40994653,0.2993658810853958,0.38046157658100127,0.17701604068279267
0.48473758256904365,0.027600125279347593,0.24031312330917862,65.16,-44410.277647058756,1.7999999999999998,0.0,1.0,-0.29511398663289157,0.93,0.0,-0.0021137297,0.26820526,-0.40994653,0.2993658810853958,0.38046157658100127,0.17701604068279267
0.4836753205622685,0.015337366874788875,0.228061392557238,64.98,-23592.95999999903,1.7999999999999998,0.0,1.0,-0.035706656086922806,0.935,0.0,-0.0021137297,0.26820526,-0.40994653,0.2993658810853958,0.38046157658100127,0.17701604068279267
0.48013067602318843,0.016483573164557352,0.218149042051547,64.8,-4.397466974208596,1.7999999999999998,0.0,1.0,-0.2035584582049026,0.9400000000000001,0.0,0.11342317,-0.22899732,-1.2960112,0.33402695059776305,0.2313008040189743,0.0
0.47508019736779644,0.009573592720100188,0.21098229686473086,64.62,-11439.010909090439,1.7999999999999998,0.0,1.0,0.04058961760306801,0.9450000000000001,0.0,0.11342317,-0.22899732,-1.2960112,0.33402695059776305,0.2313008040189743,0.0
0.47102449895944554,0.022151823113080893,0.20301069634076319,64.62,0.0,1.7999999999999998,0.0,1.0,-0.2035584582049026,0.9500000000000001,0.0,0.11342317,-0.22899732,-1.2960112,0.33402695059776305,0.2313008040189743,0.0
0.46081540890681405,0.02114684082443995,0.19483704153744077,64.8,22878.021818180878,1.7999999999999998,0.0,1.0,0.14740440076905514,0.9550000000000001,0.0,0.11342317,-0.22899732,-1.2960112,0.33402695059776305,0.2313008040189743,0.0
0.4476419400164812,0.03349369860606784,0.18932223284250763,64.8,0.0,1.7999999999999998,0.0,1.0,0.05584887234106617,0.96,0.0,-6.891787e-05,-0.5472566,-1.3045416,0.2999793246388435,0.13582302331924437,0.0
0.4372862530905056,0.044110259857284895,0.18283948650106832,64.98,22205.138823530255,1.98,22205.138823529433,1.0,-0.035706656086922806,0.965,0.0,-6.891787e-05,-0.5472566,-1.3045416,0.2999793246388435,0.13582302331924437,0.0
0.4262624830683538,0.07024028615168555,0.17653626225101607,64.98,0.0,1.98,0.0,1.0,-0.17303994872890627,0.97,0.0,-6.891787e-05,-0.5472566,-1.3045416,0.2999793246388435,0.13582302331924437,0.0
0.4111691022143305,0.0862527615536866,0.17262028503589497,64.98,0.0,2.16,23592.96000000002,1.0,0.11688589129305882,0.975,0.0,-6.891787e-05,-0.5472566,-1.3045416,0.2999793246388435,0.13582302331924437,0.0
0.3990441632538229,0.10866724501773213,0.16936226107107996,64.8,-4.060575706725338,2.34,4.060575706725177,1.0,-0.08148442030091729,0.98,0.0,-0.08171472,-0.7505735,-1.1861601,0.2754855841398239,0.07482794523239135,0.0
0.3874559923147413,0.12469776984878785,0.1667754135928421,64.62,-12796.181694914729,2.6999999999999997,25592.363389830498,1.0,-0.035706656086922806,0.985,0.0,-0.08171472,-0.7505735,-1.1861601,0.2754855841398239,0.07482794523239135,0.0
0.3765286753486615,0.15213379650956324,0.16516113961408896,64.25999999999999,-39735.51157894888,3.06,39735.5115789474,1.0,-0.34089175084688605,0.99,0.0,-0.08171472,-0.7505735,-1.1861601,0.2754855841398239,0.07482794523239135,0.0
0.36758172932950167,0.16781527762410473,0.16431851155442403,63.9,-48708.046451611866,3.5999999999999996,73062.0696774193,1.0,-0.005188146610926481,0.995,0.0,-0.08171472,-0.7505735,-1.1861601,0.2754855841398239,0.07482794523239135,0.0
0.3600335840013335,0.1915582906642436,0.16429223553479472,63.18,-97416.09290322565,4.32,97416.09290322589,1.0,-0.4477065340128732,1.0,0.0,-0.26650345,-0.548447,-0.83287036,0.2200489640235901,0.13546589612960816,0.050138890743255615
0.35216984723143147,0.20686916824442905,0.16453636670880917,62.64,-49237.48173913036,5.04,65649.97565217389,1.0,0.04058961760306801,1.0050000000000001,0.0,-0.26650345,-0.548447,-0.83287036,0.2200489640235901,0.13546589612960816,0.050138890743255615
0.3462465818779668,0.2263792211633059,0.1644695927586214,61.739999999999995,-111025.69411764776,5.9399999999999995,111025.694117647,1.0,-0.020447401348924643,1.01,0.0,-0.26650345,-0.548447,-0.83287036,0.2200489640235901,0.13546589612960816,0.050138890743255615
0.3419964397201442,0.23183352376802205,0.16335978925184888,60.839999999999996,-107853.53142857125,7.02,129424.23771428573,1.0,0.0863673818170625,1.0150000000000001,0.0,-0.26650345,-0.548447,-0.83287036,0.2200489640235901,0.13546589612960816,0.050138890743255615
0.33860998718160445,0.23878864758436594,0.16190072515061218,59.76,-150994.94399999976,8.1,150994.94400000002,1.0,-0.2798547318948934,1.02,0.0,0.0071641356,0.029554758,-0.34522924,0.30214924067258836,0.3088664274662733,0.19643122851848602
0.3361016222839587,0.2420029519185683,0.16046668855909482,58.68,-26.135449163983758,9.36,30.491357357981094,1.0,-0.08148442030091729,1.025,0.0,0.0071641356,0.029554758,-0.34522924,0.30214924067258836,0.3088664274662733,0.19643122851848602
0.33418202288471377,0.2307843033786975,0.15556947550711156,57.419999999999995,-56221.52170212789,10.44,48189.87574468085,1.0,-0.21881771294290076,1.03,0.0,0.0071641356,0.029554758,-0.34522924,0.30214924067258836,0.3088664274662733,0.19643122851848602
0.33162505600536857,0.22819309319252568,0.14725800140011083,56.16,-117440.51199999981,11.7,117440.51199999997,1.0,0.23895992919704412,1.035,0.0,0.0071641356,0.029554758,-0.34522924,0.30214924067258836,0.3088664274662733,0.19643122851848602
0.3296448550980692,0.23134202954035377,0.1355014866098302,54.72,-172565.65028571401,12.959999999999999,150994.944,1.0,0.010071108127071682,1.04,0.0,0.4374498,0.06680909,1.4037207,0.4312349438667297,0.32004272639751435,0.6
0.32783557099468685,0.23556693768571826,0.12382571798647708,53.28,-172565.65028571401,14.399999999999999,172565.65028571422,1.0,0.11688589129305882,1.045,0.0,0.4374498,0.06680909,1.4037207,0.4312349438667297,0.32004272639751435,0.6
0.3250675806762216,0.2355236433003443,0.11140091677366637,51.839999999999996,-183024.17454545517,15.66,160146.1527272729,1.0,-0.2035584582049026,1.05,0.0,0.4374498,0.06680909,1.4037207,0.4312349438667297,0.32004272639751435,0.6
0.32214124630769747,0.22421803750392216,0.09932581048725765,50.4,-172565.65028571401,16.919999999999998,150994.94399999976,1.0,0.2084414197210478,1.055,0.0,0.4374498,0.06680909,1.4037207,0.4312349438667297,0.32004272639751435,0.6
0.31959849348636293,0.22594245737415078,0.08828944599282873,48.78,-212336.63999999966,18.18,165150.7200000002,1.0,-0.5087435529648658,1.06,0.0,-0.15065563,0.49648,0.84992343,0.2548033118247986,0.4489439964294433,0.5549770295619965
0.3159635521976254,0.23325521520569087,0.07859475405668494,47.339999999999996,-33.3460193788821,19.259999999999998,25.00951453416145,1.0,0.11688589129305882,1.065,0.0,-0.15065563,0.49648,0.84992343,0.2548033118247986,0.4489439964294433,0.5549770295619965
0.31042122612224,0.2302531383465813,0.06905163051709062,45.72,-80890.14857142845,20.34,53926.76571428581,1.0,-0.17303994872890627,1.07,0.0,-0.15065563,0.49648,0.84992343,0.2548033118247986,0.4489439964294433,0.5549770295619965
0.3061748228272346,0.2308571479667255,0.059281550256702606,44.1,-165726.15804878023,21.419999999999998,110484.10536585348,1.0,-0.005188146610926481,1.075,0.0,-0.15065563,0.49648,0.84992343,0.2548033118247986,0.4489439964294433,0.5549770295619965
0.3016741697731801,0.23177684940346066,0.053304648603084495,42.48,-183642.49945945997,22.5,122428.33297297318,1.0,-0.09674367503891546,1.08,0.0,0.2751931,-0.044808187,1.1812009,0.3825579285621643,0.28655754402279854,0.6
0.2949784477996267,0.22923506413738953,0.04627756740424117,41.04,-183024.17454545427,23.22,91512.08727272713,1.0,0.010071108127071682,1.085,0.0,0.2751931,-0.044808187,1.1812009,0.3825579285621643,0.28655754402279854,0.6
0.29004992516102324,0.2348150302501857,0.04433628322472521,39.42,-199846.24941176438,23.939999999999998,88820.55529411751,1.0,-0.2035584582049026,1.09,0.0,0.2751931,-0.044808187,1.1812009,0.3825579285621643,0.28655754402279854,0.6
0.2868753655953592,0.21966128420269673,0.03469212969929455,37.98,-163237.77729729784,24.48,61214.16648648679,1.0,0.010071108127071682,1.095,0.0,0.2751931,-0.044808187,1.1812009,0.3825579285621643,0.28655754402279854,0.6
0.28584749645174823,0.220330870034605,0.023888688516260026,36.72,-160146.15272727248,25.02,68634.06545454534,1.0,-0.5392620624408622,1.1,0.0,0.16359484,-0.6939075,-0.7834029,0.34907845258712766,0.09182775020599365,0.06497912406921387
0.28575082405735247,0.21490810746675407,0.04172147198776183,35.28,-188743.6799999997,25.02,0.0,1.0,0.07110812707906433,1.105,0.0,0.16359484,-0.6939075,-0.7834029,0.34907845258712766,0.09182775020599365,0.06497912406921387
0.28681540964283936,0.22362925871710426,0.05884516401285288,34.199999999999996,-26.114355420783934,24.84,-4.352392570130627,1.0,-0.12726218451491178,1.11,0.0,0.16359484,-0.6939075,-0.7834029,0.34907845258712766,0.09182775020599365,0.06497912406921387
0.28923152190744006,0.2217677087889391,0.08353494259722014,33.3,-50331.64799999992,24.3,-30198.988799999952,1.0,-0.005188146610926481,1.115,0.0,0.16359484,-0.6939075,-0.7834029,0.34907845258712766,0.09182775020599365,0.06497912406921387
0.2911412994435753,0.22823761651433552,0.09848149095573097,32.58,-81618.88864864851,23.4,-102023.61081081105,1.0,-0.23407696768089892,1.12,0.0,0.6167842,-0.9893285,-1.3067938,0.4850352644920349,0.003201448917388916,0.0
0.2923669088852123,0.2289286193506347,0.11121346363485611,32.04,-64712.118857142756,22.14,-150994.94399999976,1.0,-0.09674367503891546,1.125,0.0,0.6167842,-0.9893285,-1.3067938,0.4850352644920349,0.003201448917388916,0.0
0.29409405386264587,0.2424510406185843,0.1332078105743765,31.86,-23592.959999999963,20.16,-259522.56000000006,1.0,-0.26459547715689524,1.1300000000000001,0.0,0.6167842,-0.9893285,-1.3067938,0.4850352644920349,0.003201448917388916,0.0
0.29493212990978873,0.25805701548757876,0.15022358817177978,31.86,0.0,18.0,-232299.91384615385,1.0,0.05584887234106617,1.135,0.0,0.6167842,-0.9893285,-1.3067938,0.4850352644920349,0.003201448917388916,0.0
0.29548816376489323,0.2593806297706552,0.1662031265276728,32.04,19358.326153846123,15.299999999999999,-290374.89230769244,1.0,-0.14252143925290994,1.1400000000000001,0.0,0.7368666,-1.4287597,-0.915884,0.5210599780082702,0.0,0.025234794616699217
0.2966390951522609,0.2748978525729232,0.18628615196188322,32.4,44410.277647058756,12.42,-355282.22117647046,1.0,0.05584887234106617,1.145,0.0,0.7368666,-1.4287597,-0.915884,0.5210599780082702,0.0,0.025234794616699217
0.29671920684185477,0.2861082072661486,0.20251302019333228,32.76,44410.277647058756,9.36,-377487.36000000004,1.0,-0.12726218451491178,1.1500000000000001,0.0,0.7368666,-1.4287597,-0.915884,0.5210599780082702,0.0,0.025234794616699217
0.29657442544295026,0.2955776837200997,0.21729852627348287,33.3,12.212993982270326,6.12,-73.27796389362206,1.0,0.07110812707906433,1.155,0.0,0.7368666,-1.4287597,-0.915884,0.5210599780082702,0.0,0.025234794616699217
0.2969241930346342,0.296758481563492,0.2335421954660174,34.019999999999996,41943.039999999935,2.52,-209715.2,1.0,-0.21881771294290076,1.16,0.0,1.0020148,-1.6317567,-0.5720637,0.6,0.0,0.1283808946609497
0.29704812132432346,0.29229918618767964,0.24899173090001764,33.48,-48189.87574468077,1.6199999999999999,-80316.4595744681,1.0,0.07110812707906433,1.165,0.0,1.0020148,-1.6317567,-0.5720637,0.6,0.0,0.1283808946609497
0.2971545923820895,0.29718392970035307,0.25743972697467743,33.12,-45756.04363636357,2.88,160146.15272727274,1.0,-0.3714102603228824,1.17,0.0,1.0020148,-1.6317567,-0.5720637,0.6,0.0,0.1283808946609497
0.2983765867483603,0.3066684248971211,0.2595303586206034,32.76,-47185.919999999925,3.96,141557.76,1.0,0.11688589129305882,1.175,0.0,1.0020148,-1.6317567,-0.5720637,0.6,0.0,0.1283808946609497
0.2994944068991085,0.3058705488135275,0.26211308791654475,32.22,-70778.87999999989,5.04,141557.76,1.0,-0.12726218451491178,1.18,0.0,0.97749054,-1.500197,-0.31141585,0.5932471632957458,0.0,0.20657524466514587
0.3003319100006819,0.3041872478129746,0.26275735682911466,32.04,-22878.021818181784,5.3999999999999995,45756.04363636357,1.0,0.010071108127071682,1.185,0.0,0.97749054,-1.500197,-0.31141585,0.5932471632957458,0.0,0.20657524466514587
0.3016878603667112,0.3007809619495474,0.2612774797379089,32.04,0.0,5.22,-23592.959999999963,1.0,-0.020447401348924643,1.19,0.0,0.97749054,-1.500197,-0.31141585,0.5932471632957458,0.0,0.20657524466514587
0.30750602107835223,0.30620728906554706,0.26103600496398865,32.22,4.16995608972057,5.04,-4.16995608972057,1.0,-0.05096591082492097,1.195,0.0,0.97749054,-1.500197,-0.31141585,0.5932471632957458,0.0,0.20657524466514587
0.3198294701857444,0.30638214733592817,0.2606581256833411,32.76,32824.98782608691,4.14,-54708.31304347828,1.0,-0.24933622241889708,1.2,0.0,0.5072218,-1.4800128,-0.057224967,0.45216654539108275,0.0,0.28283251002430915
0.3292527066058015,0.2953905867796537,0.25770325860075854,33.48,75497.47199999988,2.88,-132120.57599999997,1.0,-0.09674367503891546,1.205,0.0,0.5072218,-1.4800128,-0.057224967,0.45216654539108275,0.0,0.28283251002430915
0.33917181725584156,0.29064597855098706,0.24952732780564174,34.56,125829.12000000064,1.6199999999999999,-146800.64,1.0,-0.08148442030091729,1.21,0.0,0.5072218,-1.4800128,-0.057224967,0.45216654539108275,0.0,0.28283251002430915
0.3517603350868778,0.273027905961428,0.23899203089931953,34.92,47185.919999999925,1.98,47185.92000000001,1.0,0.26947843867304044,1.215,0.0,0.5072218,-1.4800128,-0.057224967,0.45216654539108275,0.0,0.28283251002430915
0.36285788880636055,0.24892203833063314,0.22658601046911514,35.82,114390.10909090891,2.16,22878.021818181838,1.0,0.010071108127071682,1.22,0.0,0.25882253,-1.5418261,-0.81171215,0.3776467591524124,0.0,0.05648635625839233
0.3720122207758557,0.2158655493673148,0.21383061552595461,36.72,107853.53142857125,2.16,0.0,1.0,-0.18829920346690443,1.225,0.0,0.25882253,-1.5418261,-0.81171215,0.3776467591524124,0.0,0.05648635625839233
0.38428993090580627,0.19712781204179794,0.2037605655105949,38.16,172565.65028571401,1.7999999999999998,-43141.41257142861,1.0,-0.1577806939909081,1.23,0.0,0.25882253,-1.5418261,-0.81171215,0.3776467591524124,0.0,0.05648635625839233
0.39454802909133474,0.1759280243315176,0.1953957952528789,39.42,165150.72000000067,1.7999999999999998,0.0,1.0,0.23895992919704412,1.235,0.0,0.25882253,-1.5418261,-0.81171215,0.3776467591524124,0.0,0.05648635625839233
0.4025897972786958,0.1610967287570024,0.1886361300323934,41.04,38.393967961576436,1.7999999999999998,0.0,1.0,-0.2035584582049026,1.24,0.0,-0.16810471,-1.0876861,-0.59198886,0.24956858754158018,0.0,0.12240334153175353
0.4121048975929791,0.14798287120539233,0.18430709891265007,42.66,80890.14857142845,1.7999999999999998,0.0,1.0,0.0863673818170625,1.245,0.0,-0.16810471,-1.0876861,-0.59198886,0.24956858754158018,0.0,0.12240334153175353
0.42167945843504484,0.1278799399513953,0.18200211965970975,44.46,198677.5578947373,1.7999999999999998,0.0,1.0,-0.09674367503891546,1.25,0.0,-0.16810471,-1.0876861,-0.59198886,0.24956858754158018,0.0,0.12240334153175353
0.4281286355717148,0.112049739878073,0.18133415604046219,46.44,251658.2399999996,1.7999999999999998,0.0,1.0,-0.005188146610926481,1.2550000000000001,0.0,-0.16810471,-1.0876861,-0.59198886,0.24956858754158018,0.0,0.12240334153175353
0.4357392608154581,0.11260816039796344,0.1803619553074586,48.6,283115.5200000005,1.7999999999999998,0.0,1.0,-0.2035584582049026,1.26,0.0,0.17776683,-0.56213725,0.050789885,0.35333004891872405,0.1313588261604309,0.31523696556687353
0.4425370897515381,0.10704108063351553,0.18053958266649334,50.94,288666.8047058819,1.7999999999999998,0.0,1.0,-0.14252143925290994,1.2650000000000001,0.0,0.17776683,-0.56213725,0.050789885,0.35333004891872405,0.1313588261604309,0.31523696556687353
0.4472481390275596,0.08741481119643316,0.18155365744300744,53.28,306708.48000000045,1.7999999999999998,0.0,1.0,-0.21881771294290076,1.27,0.0,0.17776683,-0.56213725,0.050789885,0.35333004891872405,0.1313588261604309,0.31523696556687353
0.4512343741502887,0.08262362620158788,0.18119852309599438,55.62,327155.7119999995,1.7999999999999998,0.0,1.0,-0.035706656086922806,1.2750000000000001,0.0,0.17776683,-0.56213725,0.050789885,0.35333004891872405,0.1313588261604309,0.31523696556687353
0.45364284646727476,0.07848547412479812,0.18174791509421317,58.14,58.203858433784774,1.7999999999999998,0.0,1.0,-0.17303994872890627,1.28,0.0,0.79791844,0.21979702,-0.7740256,0.5393755316734313,0.3659391045570373,0.06779231429100037
0.4540638343008996,0.05688527222546773,0.18324048866615603,60.66,146800.63999999978,1.7999999999999998,0.0,1.0,-0.17303994872890627,1.285,0.0,0.79791844,0.21979702,-0.7740256,0.5393755316734313,0.3659391045570373,0.06779231429100037
0.4519164213315182,0.04734733129726185,0.18410797006098392,63.18,285666.1102702706,1.98,20404.72216216218,1.0,-0.29511398663289157,1.29,0.0,0.79791844,0.21979702,-0.7740256,0.5393755316734313,0.3659391045570373,0.06779231429100037
0.4496716429218216,0.03782424500035141,0.18462183349748268,65.52,251658.2399999996,1.98,0.0,1.0,-0.020447401348924643,1.295,0.0,0.79791844,0.21979702,-0.7740256,0.5393755316734313,0.3659391045570373,0.06779231429100037
0.4469317632340457,0.036845810063302904,0.18513134171630025,67.86,316602.30193548434,2.16,24354.02322580647,1.0,0.14740440076905514,1.3,0.0,0.44494298,0.52668667,-0.10523973,0.43348289430141446,0.4580060005187988,0.26842808201909063
0.44336224672955027,0.02083850904830148,0.1854622253340523,70.2,280419.1817142861,2.34,21570.706285714252,1.0,-0.06622516556291913,1.305,0.0,0.44494298,0.52668667,-0.10523973,0.43348289430141446,0.4580060005187988,0.26842808201909063
0.4411588295275228,0.0076059309180057,0.18571912190919854,72.17999999999999,244256.52705882228,2.6999999999999997,44410.27764705881,1.0,-0.34089175084688605,1.31,0.0,0.44494298,0.52668667,-0.10523973,0.43348289430141446,0.4580060005187988,0.26842808201909063
0.44004462371518943,0.008743110131659388,0.18519114743590687,74.16,251658.24000000051,3.2399999999999998,68634.06545454546,1.0,0.07110812707906433,1.315,0.0,0.44494298,0.52668667,-0.10523973,0.43348289430141446,0.4580060005187988,0.26842808201909063
0.43836983942635566,0.0006419133366970545,0.18481985362162623,76.14,286369.72137931094,3.96,104134.44413793106,1.0,-0.24933622241889708,1.32,0.0,-0.11316699,1.1567633,-0.0320573,0.26604990363121034,0.6,0.2903828099370003
0.4371715322099723,0.008551470924726216,0.1849610738970937,77.75999999999999,39.491403895220536,4.859999999999999,21.939668830678194,1.0,-0.12726218451491178,1.325,0.0,-0.11316699,1.1567633,-0.0320573,0.26604990363121034,0.6,0.2903828099370003
0.43624140128474553,0.004161703136076414,0.1860678654135834,79.2,59213.703529412254,5.9399999999999995,44410.27764705883,1.0,-0.1577806939909081,1.33,0.0,-0.11316699,1.1567633,-0.0320573,0.26604990363121034,0.6,0.2903828099370003
0.4352583804699048,0.016493355443811,0.1886772887862669,80.46,170478.16258064393,7.38,194832.18580645166,1.0,-0.05096591082492097,1.335,0.0,-0.11316699,1.1567633,-0.0320573,0.26604990363121034,0.6,0.2903828099370003
0.4341796972639774,0.01266685875817971,0.19146504558710847,81.36,139810.1333333342,8.82,223696.2133333334,1.0,-0.09674367503891546,1.34,0.0,-0.2041803,0.9285139,0.59404016,0.2387459099292755,0.5785541653633117,0.47821204662322997
0.4336781219109313,0.014983437952181364,0.1928564775684998,82.08,104134.44413793087,10.799999999999999,286369.7213793101,1.0,0.04058961760306801,1.345,0.0,-0.2041803,0.9285139,0.59404016,0.2387459099292755,0.5785541653633117,0.47821204662322997
0.43350550544410105,0.034337961752563886,0.19338908708778924,82.44,52067.222068965435,13.139999999999999,338436.94344827585,1.0,-0.17303994872890627,1.35,0.0,-0.2041803,0.9285139,0.59404016,0.2387459099292755,0.5785541653633117,0.47821204662322997
0.4339587530858096,0.04889328845169656,0.1940151267312673,82.61999999999999,29037.48923076804,15.66,406524.84923076944,1.0,0.1626636555070533,1.355,0.0,-0.2041803,0.9285139,0.59404016,0.2387459099292755,0.5785541653633117,0.47821204662322997
0.4341331679207911,0.06122269190400703,0.19404535857351163,82.44,-37748.73599999845,18.36,566231.0399999998,1.0,-0.34089175084688605,1.36,0.0,0.16482669,0.5049322,0.15593287,0.3494480073451996,0.4514796674251556,0.3467798620462417
0.43389804814799127,0.0828738720831424,0.19394796923040614,82.08,-8.093726562248724,21.06,60.70294921686552,1.0,-0.005188146610926481,1.365,0.0,0.16482669,0.5049322,0.15593287,0.3494480073451996,0.4514796674251556,0.3467798620462417
0.4343219255214356,0.11083712300683984,0.1943638641532247,81.36,-35115.1032558139,23.759999999999998,131681.63720930228,1.0,-0.08148442030091729,1.37,0.0,0.16482669,0.5049322,0.15593287,0.3494480073451996,0.4514796674251556,0.3467798620462417
0.4343448549242337,0.12307824015467111,0.19482321284582446,80.64,-143804.70857142835,26.099999999999998,467365.3028571428,1.0,-0.020447401348924643,1.375,0.0,0.16482669,0.5049322,0.15593287,0.3494480073451996,0.4514796674251556,0.3467798620462417
0.43410950995881314,0.13543987780199612,0.19584780382469538,79.74,-209715.20000000132,28.259999999999998,503316.48000000004,1.0,-0.26459547715689524,1.3800000000000001,0.0,0.30689794,0.24055474,0.78298664,0.3920693814754486,0.37216642051935195,0.5348959922790527
0.4334626680977,0.15566125089134294,0.19722640307074563,78.66,-266461.6658823525,30.06,444102.7764705884,1.0,-0.020447401348924643,1.385,0.0,0.30689794,0.24055474,0.78298664,0.3920693814754486,0.37216642051935195,0.5348959922790527
0.4333818131134725,0.18666779628212266,0.19852992935747846,77.58,-196949.92695652143,31.14,196949.92695652207,1.0,-0.2035584582049026,1.3900000000000001,0.0,0.30689794,0.24055474,0.78298664,0.3920693814754486,0.37216642051935195,0.5348959922790527
0.43382712456700473,0.19570494889863602,0.20508320064384927,76.32,-278148.5810526327,31.68,119206.53473684192,1.0,0.22370067445904596,1.395,0.0,0.30689794,0.24055474,0.78298664,0.3920693814754486,0.37216642051935195,0.5348959922790527
0.43314065637888094,0.21280754520160597,0.2140554023086834,75.24,-238413.06947368383,31.68,0.0,1.0,-0.17303994872890627,1.4000000000000001,0.0,-0.26927269,0.35746112,-0.5312023,0.2192181944847107,0.40723833739757537,0.1406393051147461
0.4301231291820831,0.22404339689641642,0.22037941164722868,73.98,-330301.4399999976,31.14,-141557.75999999978,1.0,0.10162663655506066,1.405,0.0,-0.26927269,0.35746112,-0.5312023,0.2192181944847107,0.40723833739757537,0.1406393051147461
0.4274784322625725,0.246022887417068,0.2292757665920379,72.36,-40.00454801295272,30.24,-22.224748896084833,1.0,-0.26459547715689524,1.41,0.0,-0.26927269,0.35746112,-0.5312023,0.2192181944847107,0.40723833739757537,0.1406393051147461
0.42157106752544404,0.26194352582883895,0.24522099234428207,70.74,-98474.96347826114,29.16,-65649.97565217382,1.0,-0.035706656086922806,1.415,0.0,-0.26927269,0.35746112,-0.5312023,0.2192181944847107,0.40723833739757537,0.1406393051147461
0.40973930756434157,0.2764654385391434,0.2606353701953524,68.94,-243540.23225806412,27.9,-170478.16258064538,1.0,-0.14252143925290994,1.42,0.0,0.25292242,0.1847699,0.12540534,0.3758767247200012,0.3554309695959091,0.3376216024160385
0.3975922534206192,0.2938178075229105,0.2732295819897641,66.96,-286369.72137931094,26.279999999999998,-234302.49931034498,1.0,-0.005188146610926481,1.425,0.0,0.25292242,0.1847699,0.12540534,0.3758767247200012,0.3554309695959091,0.3376216024160385
0.3870759109211085,0.3093565820715798,0.2867349788178342,64.8,-323560.5942857138,24.3,-296597.21142857097,1.0,-0.24933622241889708,1.43,0.0,0.25292242,0.1847699,0.12540534,0.3758767247200012,0.3554309695959091,0.3376216024160385
0.37706639813478493,0.3242999569013764,0.2968185531363903,62.64,-323560.5942857138,22.14,-323560.5942857143,1.0,0.11688589129305882,1.435,0.0,0.25292242,0.1847699,0.12540534,0.3758767247200012,0.3554309695959091,0.3376216024160385
0.3700868907870674,0.32379661422380995,0.3038396163455874,60.3,-363506.3466666672,19.62,-391468.3733333333,1.0,-0.08148442030091729,1.44,0.0,0.55702305,0.5948018,-0.45993796,0.46710691452026365,0.4784405350685119,0.16201861202716827
0.36648687104255523,0.3415133004020137,0.30968275789412725,57.96,-408944.6399999994,17.099999999999998,-440401.92000000057,1.0,0.010071108127071682,1.445,0.0,0.55702305,0.5948018,-0.45993796,0.46710691452026365,0.4784405350685119,0.16201861202716827
0.36503993003433394,0.3397893227153824,0.3140660116484765,55.62,-52.58470015269637,14.219999999999999,-64.71963095716465,1.0,-0.17303994872890627,1.45,0.0,0.55702305,0.5948018,-0.45993796,0.46710691452026365,0.4784405350685119,0.16201861202716827
0.3656933538360701,0.3453981050195668,0.31711439756969895,53.28,-119691.11414634128,11.16,-156519.14926829262,1.0,-0.14252143925290994,1.455,0.0,0.55702305,0.5948018,-0.45993796,0.46710691452026365,0.4784405350685119,0.16201861202716827
0.36635045782823467,0.35819119275461414,0.3240513556873093,50.94,-245366.78400000036,7.739999999999999,-358612.9920000001,1.0,-0.08148442030091729,1.46,0.0,1.024274,0.00046942383,0.10071145,0.6,0.30014082714915274,0.33021343499422073
0.36544194417094616,0.36082828513634835,0.3329546335137108,48.78,-266461.6658823525,4.14,-444102.7764705882,1.0,0.26947843867304044,1.465,0.0,1.024274,0.00046942383,0.10071145,0.6,0.30014082714915274,0.33021343499422073
0.3635604832658962,0.3697769936934217,0.33981414186639697,46.26,-352321.53600000043,1.44,-377487.36,1.0,-0.29511398663289157,1.47,0.0,1.024274,0.00046942383,0.10071145,0.6,0.30014082714915274,0.33021343499422073
0.3625805062217008,0.3670698647400293,0.34158152631152616,43.019999999999996,-357619.6042105265,2.16,79471.02315789476,1.0,0.04058961760306801,1.475,0.0,1.024274,0.00046942383,0.10071145,0.6,0.30014082714915274,0.33021343499422073
0.35840698957534795,0.3699521802737189,0.34201801621390315,39.78,-388272.71314285655,3.2399999999999998,129424.23771428567,1.0,-0.05096591082492097,1.48,0.0,0.64328456,0.049385156,0.015627272,0.4929853677749634,0.3148155469447374,0.3046881817281246
0.34941026054782354,0.36532676001836245,0.3431425702573026,36.54,-399692.49882352963,3.5999999999999996,44410.27764705881,1.0,-0.11200292977691362,1.485,0.0,0.64328456,0.049385156,0.015627272,0.4929853677749634,0.3148155469447374,0.3046881817281246
0.34212999049629894,0.36914143588705395,0.3424665808603236,34.199999999999996,-306708.48000000045,2.88,-94371.83999999997,1.0,-0.11200292977691362,1.49,0.0,0.64328456,0.049385156,0.015627272,0.4929853677749634,0.3148155469447374,0.3046881817281246
0.337947924547097,0.37425709671834795,0.34161254589015183,32.22,-48.590630967983444,1.6199999999999999,-30.921310615989515,1.0,0.17792291024505147,1.495,0.0,0.64328456,0.049385156,0.015627272,0.4929853677749634,0.3148155469447374,0.3046881817281246
0.337585333770863,0.3690609703616922,0.34170390170782844,29.7,-173272.88655737703,1.7999999999999998,12376.634754098357,1.0,-0.11200292977691362,1.5,0.0,0.7831651,-0.8021201,-5.5380166e-05,0.5349495291709899,0.05936397314071655,0.2999833859503269
0.33852053553620226,0.3692668330651658,0.34013889288429827,27.72,-244256.5270588236,1.7999999999999998,0.0,1.0,0.19318216498304963,1.5050000000000001,0.0,0.7831651,-0.8021201,-5.5380166e-05,0.5349495291709899,0.05936397314071655,0.2999833859503269
0.3403342858528328,0.37562456957407275,0.33902750772402174,26.099999999999998,-183642.49945945956,1.7999999999999998,0.0,1.0,-0.2035584582049026,1.51,0.0,0.7831651,-0.8021201,-5.5380166e-05,0.5349495291709899,0.05936397314071655,0.2999833859503269
0.3438705396653735,0.3822060649971237,0.3390404313617121,24.66,-201326.59199999968,1.7999999999999998,0.0,1.0,0.2084414197210478,1.5150000000000001,0.0,0.7831651,-0.8021201,-5.5380166e-05,0.5349495291709899,0.05936397314071655,0.2999833859503269
0.3460796955358715,0.3928146064895598,0.33769868826997623,23.759999999999998,-114390.10909090936,1.7999999999999998,0.0,1.0,-0.26459547715689524,1.52,0.0,0.5189213,-0.34991756,0.028887413,0.455676394701004,0.19502473175525664,0.30866622403264043
0.34790113149193025,0.38591281278240075,0.33679541343943753,23.22,-70778.87999999989,1.7999999999999998,0.0,1.0,-0.06622516556291913,1.5250000000000001,0.0,0.5189213,-0.34991756,0.028887413,0.455676394701004,0.19502473175525664,0.30866622403264043
0.35104547671516245,0.3881700861695303,0.33669505284534107,23.04,-23592.959999999963,1.6199999999999999,-23592.959999999992,1.0,-0.31037324137088973,1.53,0.0,0.5189213,-0.34991756,0.028887413,0.455676394701004,0.19502473175525664,0.30866622403264043
0.3526328888502636,0.39139872772575013,0.33599041447231875,23.22,4.072820806067891,1.7999999999999998,4.072820806067895,1.0,-0.020447401348924643,1.5350000000000001,0.0,0.5189213,-0.34991756,0.028887413,0.455676394701004,0.19502473175525664,0.30866622403264043
0.35340163041780376,0.39164716665103533,0.3352409895619048,23.759999999999998,37129.90426229502,1.7999999999999998,0.0,1.0,-0.05096591082492097,1.54,0.0,0.3590788,0.17655571,1.0354338,0.4077236384153366,0.3529667124152183,0.6
0.3550656281045202,0.39893065817816303,0.335022616283842,24.48,71902.35428571452,1.7999999999999998,0.0,1.0,-0.14252143925290994,1.545,0.0,0.3590788,0.17655571,1.0354338,0.4077236384153366,0.3529667124152183,0.6
0.3572257847274138,0.3875918588054621,0.33423191789480494,25.56,133230.83294117625,1.7999999999999998,0.0,1.0,-0.035706656086922806,1.55,0.0,0.3590788,0.17655571,1.0354338,0.4077236384153366,0.3529667124152183,0.6
0.3597944094359406,0.3869618054630185,0.3326511340071764,27.0,194832.18580645177,1.7999999999999998,0.0,1.0,-0.06622516556291913,1.555,0.0,0.3590788,0.17655571,1.0354338,0.4077236384153366,0.3529667124152183,0.6
0.3648075508781841,0.37928103391927775,0.33127702643771745,28.619999999999997,212336.63999999966,1.7999999999999998,0.0,1.0,-0.43244727927487503,1.56,0.0,-0.22699755,0.60864925,0.88041407,0.2319007337093353,0.48259477615356444,0.5641242206096649
0.37506490194703934,0.3846921055018246,0.32920392657360625,30.419999999999998,222051.3882352942,1.7999999999999998,0.0,1.0,0.025330362865069844,1.565,0.0,-0.22699755,0.60864925,0.88041407,0.2319007337093353,0.48259477615356444,0.5641242206096649
0.3830916930034127,0.3870630032937244,0.32657524144359984,32.22,228780.21818181826,1.7999999999999998,0.0,1.0,-0.11200292977691362,1.57,0.0,-0.22699755,0.60864925,0.88041407,0.2319007337093353,0.48259477615356444,0.5641242206096649
0.38979502427248575,0.3963650173450788,0.32410789426937053,34.379999999999995,274536.2618181814,1.7999999999999998,0.0,1.0,0.0863673818170625,1.575,0.0,-0.22699755,0.60864925,0.88041407,0.2319007337093353,0.48259477615356444,0.5641242206096649
0.39906029895147943,0.40795702202248274,0.3225455898602703,36.54,48.838808422550784,1.7999999999999998,0.0,1.0,-0.21881771294290076,1.58,0.0,-0.29811904,0.5770116,0.8755413,0.21056428849697112,0.47310347557067867,0.562662398815155
0.4083803766932632,0.4106340880475236,0.31995937870416635,38.879999999999995,124236.34632911373,1.7999999999999998,0.0,1.0,-0.11200292977691362,1.585,0.0,-0.29811904,0.5770116,0.8755413,0.21056428849697112,0.47310347557067867,0.562662398815155
0.4146503067793004,0.3941077625297186,0.3179449662303854,41.22,265261.3881081085,1.7999999999999998,0.0,1.0,-0.29511398663289157,1.59,0.0,-0.29811904,0.5770116,0.8755413,0.21056428849697112,0.47310347557067867,0.562662398815155
0.4212151465698759,0.37349043785136016,0.31596680275353445,43.559999999999995,280419.1817142853,1.7999999999999998,0.0,1.0,0.14740440076905514,1.595,0.0,-0.29811904,0.5770116,0.8755413,0.21056428849697112,0.47310347557067867,0.562662398815155
0.42619542981668357,0.3656078409970801,0.3138964609212759,45.9,306708.48000000045,1.98,23592.96000000002,1.0,-0.26459547715689524,1.6,0.0,0.16516927,-0.23980138,1.0310936,0.34955078065395356,0.22805958688259123,0.6
0.42856020193065714,0.3551154995621508,0.31178674347265695,48.239999999999995,288666.8047058819,1.98,0.0,1.0,-0.08148442030091729,1.605,0.0,0.16516927,-0.23980138,1.0310936,0.34955078065395356,0.22805958688259123,0.6
0.42845355183194844,0.3410392790106388,0.31038181857469094,50.4,258848.47542857187,1.98,0.0,1.0,-0.17303994872890627,1.61,0.0,0.16516927,-0.23980138,1.0310936,0.34955078065395356,0.22805958688259123,0.6
0.4282233918054388,0.32961874809529895,0.309510408010007,52.559999999999995,292248.27870967693,2.16,24354.02322580647,1.0,-0.05096591082492097,1.615,0.0,0.16516927,-0.23980138,1.0310936,0.34955078065395356,0.22805958688259123,0.6
0.42727595319257944,0.3275526801720952,0.31049459218603903,54.36,243540.23225806508,2.34,24354.023225806413,1.0,-0.11200292977691362,1.62,0.0,-0.37416187,0.118206635,1.2832674,0.18775143921375273,0.3354619905352592,0.6
0.4249247210895621,0.3325434317653836,0.31124748906407135,55.98,39.13115266555704,2.6999999999999997,8.69581170345713,1.0,0.10162663655506066,1.625,0.0,-0.37416187,0.118206635,1.2832674,0.18775143921375273,0.3354619905352592,0.6
0.423147939841615,0.3226666177622386,0.31146340415748075,57.239999999999995,51811.99058823521,3.42,29606.85176470589,1.0,-0.2035584582049026,1.6300000000000001,0.0,-0.37416187,0.118206635,1.2832674,0.18775143921375273,0.3354619905352592,0.6
0.421406429191356,0.32672290736864756,0.3152302160937832,58.32,102951.0981818187,4.32,85792.58181818185,1.0,0.05584887234106617,1.635,0.0,-0.37416187,0.118206635,1.2832674,0.18775143921375273,0.3354619905352592,0.6
0.4189094713285552,0.3281293503631525,0.32425043640858214,58.86,66615.41647058813,5.3999999999999995,133230.83294117637,1.0,-0.035706656086922806,1.6400000000000001,0.0,-1.025595,0.9817797,1.7352178,0.0,0.5945339083671569,0.6
0.4174266973937337,0.3300654295890255,0.33421074272183626,59.22,47185.919999999925,6.4799999999999995,141557.76,1.0,-0.005188146610926481,1.645,0.0,-1.025595,0.9817797,1.7352178,0.0,0.5945339083671569,0.6
0.4167405877790489,0.3354293886049709,0.3465328432069307,59.22,0.0,7.56,125829.12000000001,1.0,-0.24933622241889708,1.6500000000000001,0.0,-1.025595,0.9817797,1.7352178,0.0,0.5945339083671569,0.6
0.41517902429235437,0.33228656415990804,0.36129998908057587,59.04,-21570.706285714252,8.1,64712.118857142865,1.0,-0.21881771294290076,1.655,0.0,-1.025595,0.9817797,1.7352178,0.0,0.5945339083671569,0.6
0.4143687702211455,0.33486714802404194,0.37451776349997207,58.86,-22878.021818181784,8.1,0.0,1.0,-0.21881771294290076,1.6600000000000001,0.0,-1.0809622,1.6893798,1.8477222,0.0,0.6,0.6
0.4142361979551189,0.3216571668962826,0.38678799857902313,58.68,-4.135193703340575,7.38,-16.540774813362322,1.0,-0.035706656086922806,1.665,0.0,-1.0809622,1.6893798,1.8477222,0.0,0.6,0.6
0.4130026303148744,0.322718952269886,0.4002796440327203,58.68,0.0,6.12,-56221.52170212765,1.0,-0.24933622241889708,1.67,0.0,-1.0809622,1.6893798,1.8477222,0.0,0.6,0.6
0.4130461179895354,0.32852486051397933,0.4101847027823401,58.68,0.0,4.14,-212941.58769230774,1.0,0.2084414197210478,1.675,0.0,-1.0809622,1.6893798,1.8477222,0.0,0.6,0.6
0.4131917271391593,0.330803150836009,0.41837215294159213,58.5,-23592.959999999963,1.6199999999999999,-330301.43999999994,1.0,-0.12726218451491178,1.68,0.0,-1.0117184,1.7572123,2.034814,0.0,0.6,0.6
0.41167409144254785,0.3386670061123983,0.4276946247008357,57.059999999999995,-183024.17454545517,1.98,45756.04363636365,1.0,0.3305154576250331,1.685,0.0,-1.0117184,1.7572123,2.034814,0.0,0.6,0.6
0.4037476767712457,0.3329946125081598,0.43753843463099323,56.16,-111025.69411764688,2.34,44410.27764705881,1.0,-0.43244727927487503,1.69,0.0,-1.0117184,1.7572123,2.034814,0.0,0.6,0.6
0.39335418821288315,0.32556773655024024,0.4455915040706081,54.9,-160146.15272727248,1.7999999999999998,-68634.06545454546,1.0,-0.005188146610926481,1.695,0.0,-1.0117184,1.7572123,2.034814,0.0,0.6,0.6
0.3842314044534728,0.3283209204877209,0.45378404703295866,53.46,-194832.1858064513,1.7999999999999998,0.0,1.0,-0.08148442030091729,1.7,0.0,-1.2558541,1.4828573,1.9847972,0.0,0.6,0.6
0.3718776502319243,0.3270635583770644,0.4608492489334379,52.199999999999996,-176160.7680000007,1.7999999999999998,0.0,1.0,0.025330362865069844,1.705,0.0,-1.2558541,1.4828573,1.9847972,0.0,0.6,0.6
0.35562685831083435,0.3220909509147571,0.4661912337162285,50.58,-39.56268511240365,1.7999999999999998,0.0,1.0,-0.26459547715689524,1.71,0.0,-1.2558541,1.4828573,1.9847972,0.0,0.6,0.6
0.34171475032747656,0.31939997379499174,0.4720682166891091,48.78,-96791.63076923061,1.7999999999999998,0.0,1.0,-0.12726218451491178,1.715,0.0,-1.2558541,1.4828573,1.9847972,0.0,0.6,0.6
0.32664666535197606,0.3297243305634373,0.47754024600128997,46.98,-188743.68000000046,1.7999999999999998,0.0,1.0,-0.18829920346690443,1.72,0.0,-0.06614962,0.25264782,2.4274745,0.2801551133394241,0.3757943451404571,0.6
0.30954409308590947,0.3452476780799572,0.48148082963149735,45.0,-230686.71999999962,1.7999999999999998,0.0,1.0,-0.005188146610926481,1.725,0.0,-0.06614962,0.25264782,2.4274745,0.2801551133394241,0.3757943451404571,0.6
0.2883266742680816,0.3591971980785016,0.4855762059427057,43.019999999999996,-267894.2554838715,1.7999999999999998,0.0,1.0,-0.05096591082492097,1.73,0.0,-0.06614962,0.25264782,2.4274745,0.2801551133394241,0.3757943451404571,0.6
0.26703976063278384,0.37777528227843266,0.4890931174714864,40.68,-297414.28363636316,1.7999999999999998,0.0,1.0,-0.14252143925290994,1.735,0.0,-0.06614962,0.25264782,2.4274745,0.2801551133394241,0.3757943451404571,0.6
0.24392111685922033,0.3868967888765139,0.4913291167869908,38.339999999999996,-288666.8047058828,1.7999999999999998,0.0,1.0,-0.21881771294290076,1.74,0.0,0.27073997,-0.39696658,-0.6664855,0.38122199177742006,0.18091002702713013,0.10005435347557068
0.22194673903012432,0.3936486200881563,0.49335470959902294,35.64,-353894.39999999944,1.7999999999999998,0.0,1.0,-0.08148442030091729,1.745,0.0,0.27073997,-0.39696658,-0.6664855,0.38122199177742006,0.18091002702713013,0.10005435347557068
0.200012564083162,0.4042205990825145,0.49499177147164586,32.94,-61.22972214562625,1.7999999999999998,0.0,1.0,-0.1577806939909081,1.75,0.0,0.27073997,-0.39696658,-0.6664855,0.38122199177742006,0.18091002702713013,0.10005435347557068
0.17984315380539678,0.4106099410413541,0.4962326024037258,30.24,-145187.4461538461,1.7999999999999998,0.0,1.0,0.07110812707906433,1.7550000000000001,0.0,0.27073997,-0.39696658,-0.6664855,0.38122199177742006,0.18091002702713013,0.10005435347557068
0.1612645788397355,0.42269319725302523,0.496825150509743,27.18,-279012.396521739,1.7999999999999998,0.0,1.0,-0.12726218451491178,1.76,8.522882461547852,1.1613206,-0.56667614,-0.116878174,0.6,0.1299971580505371,0.26493654772639275
0.1436813158824251,0.4288974628225739,0.49740710088321866,24.3,-232299.91384615377,1.7999999999999998,0.0,1.0,-0.035706656086922806,1.7650000000000001,8.522882461547852,1.1613206,-0.56667614,-0.116878174,0.6,0.1299971580505371,0.26493654772639275
0.12849248954797335,0.43516087845063034,0.4978187831168683,21.06,-438372.4180645164,1.7999999999999998,0.0,1.0,-0.23407696768089892,1.77,8.522882461547852,1.1613206,-0.56667614,-0.116878174,0.6,0.1299971580505371,0.26493654772639275
0.12063894833305884,0.43411615082431154,0.49804168936499765,17.82,-377487.3599999998,1.7999999999999998,0.0,1.0,-0.21881771294290076,1.7750000000000001,8.522882461547852,1.1613206,-0.56667614,-0.116878174,0.6,0.1299971580505371,0.26493654772639275
0.11528391380850013,0.4509783512959202,0.4979801082215904,14.58,-438372.41806451615,1.7999999999999998,0.0,1.0,-0.09674367503891546,1.78,20.0,0.8429798,-0.9165796,-1.117558,0.5528939366340637,0.025026118755340575,0.0
0.1006296901956873,0.45934470183480347,0.4977268836957345,11.34,-438372.41806451615,1.7999999999999998,0.0,1.0,0.04058961760306801,1.7850000000000001,20.0,0.8429798,-0.9165796,-1.117558,0.5528939366340637,0.025026118755340575,0.0
0.09241325053552553,0.45642228832381515,0.49753505315058877,7.92,-462726.4412903226,1.7999999999999998,0.0,1.0,-0.11200292977691362,1.79,20.0,0.8429798,-0.9165796,-1.117558,0.5528939366340637,0.025026118755340575,0.0
0.07450196515750328,0.47065104000544283,0.49735187953788196,4.5,-82.96617434758467,3.06,30.566485285952254,1.0,23.387249366740924,1.795,20.0,0.8429798,-0.9165796,-1.117558,0.5528939366340637,0.025026118755340575,0.0
0.08028527328878506,0.4747653882266938,0.4980650070635252,2.34,-124105.43342465755,8.64,320605.7030136986,1.0,-4.170964690084535,1.8,8.522882461547852,0.2011409,-1.0488828,-0.9111866,0.3603422686457634,0.0,0.026644027233123778
0.06707299214493431,0.46825811474097284,0.5002211667405675,1.26,-119206.53473684209,10.26,178809.80210526308,1.0,5.930661946470526,1.805,8.522882461547852,0.2011409,-1.0488828,-0.9111866,0.3603422686457634,0.0,0.026644027233123778
0.0694544191684065,0.4706902953019715,0.4996647346770412,1.44,24354.023225806442,8.459999999999999,-243540.2322580646,1.0,6.647846919156496,1.81,8.522882461547852,0.2011409,-1.0488828,-0.9111866,0.3603422686457634,0.0,0.026644027233123778
0.06684102139508377,0.4565628135165942,0.49866187208541846,2.52,156201.66620689657,7.38,-156201.66620689642,1.0,-1.5768913846247923,1.815,8.522882461547852,0.2011409,-1.0488828,-0.9111866,0.3603422686457634,0.0,0.026644027233123778
0.08994343766373622,0.4567616349257517,0.49782486769289824,4.68,283115.51999999996,4.68,-353894.4,1.0,-1.7142246772667757,1.82,0.0,-0.09628461,-0.5476607,-0.19188845,0.2711146160960197,0.13570178747177122,0.2424334645271301
0.11829278179210966,0.45256005904452745,0.4923889244778111,7.38,343170.32727272727,1.44,-411804.3927272727,1.0,0.605182042909,1.825,0.0,-0.09628461,-0.5476607,-0.19188845,0.2711146160960197,0.13570178747177122,0.2424334645271301
0.13165984219104873,0.4541356434264018,0.4879040146946718,7.739999999999999,48708.04645161283,2.34,121770.11612903225,1.0,-0.6918546098208438,1.83,0.0,-0.09628461,-0.5476607,-0.19188845,0.2711146160960197,0.13570178747177122,0.2424334645271301
0.15229784583568112,0.4544083829095739,0.48543159696101074,9.36,37.39432093601753,2.88,12.464773645339175,1.0,1.2308114871669815,1.835,0.0,-0.09628461,-0.5476607,-0.19188845,0.2711146160960197,0.13570178747177122,0.2424334645271301
0.1730266701063809,0.4417163008849573,0.47683642920908487,11.52,119206.5347368421,1.6199999999999999,-69537.1452631579,1.0,-1.088595233008796,1.84,0.0,0.5097536,-0.42995498,-0.46191415,0.4529260754585266,0.17101350724697112,0.16142575442790985
0.18791608355761605,0.4180054274935973,0.46081055818117916,12.959999999999999,150994.94399999996,1.7999999999999998,18874.367999999995,1.0,0.7882930997650348,1.845,0.0,0.5097536,-0.42995498,-0.46191415,0.4529260754585266,0.17101350724697112,0.16142575442790985
0.20557598587151665,0.4041460417116523,0.4466534628998307,14.94,224451.94378378382,1.7999999999999998,0.0,1.0,-0.41718802453687687,1.85,0.0,0.5097536,-0.42995498,-0.46191415,0.4529260754585266,0.17101350724697112,0.16142575442790985
0.22515754462483312,0.3840870253124382,0.43242667228260434,16.74,243540.23225806438,1.7999999999999998,0.0,1.0,-0.6308175908688511,1.855,0.0,0.5097536,-0.42995498,-0.46191415,0.4529260754585266,0.17101350724697112,0.16142575442790985
0.2397861929668763,0.37191635968953807,0.4128600799994278,18.72,230686.72000000006,1.7999999999999998,0.0,1.0,0.2847376934110386,1.86,0.0,0.7823874,-0.7543905,-0.9481156,0.5347162127494812,0.07368285655975342,0.015565323829650878
0.25528988595137025,0.3635349075147001,0.39141312299415854,21.06,288666.8047058823,1.7999999999999998,0.0,1.0,-0.6002990813928548,1.865,0.0,0.7823874,-0.7543905,-0.9481156,0.5347162127494812,0.07368285655975342,0.015565323829650878
0.27284353396285893,0.34478369297614325,0.3700338408380634,23.22,301989.88800000004,1.7999999999999998,0.0,1.0,0.14740440076905514,1.87,0.0,0.7823874,-0.7543905,-0.9481156,0.5347162127494812,0.07368285655975342,0.015565323829650878
0.28661895100378115,0.3256082768893483,0.3487151138938514,25.56,327155.712,1.98,25165.824000000022,1.0,-0.11200292977691362,1.875,0.0,0.7823874,-0.7543905,-0.9481156,0.5347162127494812,0.07368285655975342,0.015565323829650878
0.2978874143650998,0.30590793633387126,0.3299052345009738,27.9,56.15667957865345,1.98,0.0,1.0,0.07110812707906433,1.8800000000000001,0.0,0.17326635,-0.48871848,-1.824116,0.35197990536689755,0.15338445603847503,0.0
0.3069969584343976,0.28393678761357716,0.3146996308178463,30.24,53340.6052173913,1.98,0.0,1.0,-0.12726218451491178,1.885,0.0,0.17326635,-0.48871848,-1.824116,0.35197990536689755,0.15338445603847503,0.0
0.3115185394548443,0.26219522119619676,0.300892093418635,32.76,264241.15199999994,1.98,0.0,1.0,0.34577471236303126,1.8900000000000001,0.0,0.17326635,-0.48871848,-1.824116,0.35197990536689755,0.15338445603847503,0.0
0.31201286754290286,0.25652448039278697,0.2904293657514828,35.28,293601.2800000004,1.98,0.0,1.0,-0.05096591082492097,1.895,0.0,0.17326635,-0.48871848,-1.824116,0.35197990536689755,0.15338445603847503,0.0
0.31089272683548325,0.2447597837420573,0.28306258868053313,37.62,306708.4799999995,1.98,0.0,1.0,-0.020447401348924643,1.9000000000000001,0.0,0.48718908,-0.10110383,-1.0366856,0.44615672528743744,0.26966885179281236,0.0
0.3091717273964382,0.23953790981674966,0.27691778007896,39.96,280419.1817142861,2.16,21570.706285714306,1.0,0.05584887234106617,1.905,0.0,0.48718908,-0.10110383,-1.0366856,0.44615672528743744,0.26966885179281236,0.0
0.30898706125795306,0.235053873260542,0.2723086166939549,42.3,288666.8047058819,2.16,0.0,1.0,-0.2798547318948934,1.9100000000000001,0.0,0.48718908,-0.10110383,-1.0366856,0.44615672528743744,0.26966885179281236,0.0
0.3135704613668927,0.22962295446502695,0.2693082514374692,44.46,283115.5200000005,2.16,0.0,1.0,0.26947843867304044,1.915,0.0,0.48718908,-0.10110383,-1.0366856,0.44615672528743744,0.26966885179281236,0.0
0.31935123273445915,0.22618749734503482,0.2648755180567368,46.44,44.864682506239596,2.34,4.078607500567236,1.0,-0.3714102603228824,1.92,0.0,1.1895393,0.6146436,-0.71392477,0.6,0.48439307212829585,0.0858225703239441
0.32509361000332626,0.2314198130299785,0.26043998543920677,48.42,103809.02400000021,2.6999999999999997,18874.367999999995,1.0,-0.005188146610926481,1.925,0.0,1.1895393,0.6146436,-0.71392477,0.6,0.48439307212829585,0.0858225703239441
0.3348878474817317,0.2231147968283056,0.2568855264239767,50.22,63443.2537815125,3.06,12688.650756302532,1.0,-0.43244727927487503,1.93,0.0,1.1895393,0.6146436,-0.71392477,0.6,0.48439307212829585,0.0858225703239441
0.34648955558715283,0.2114742249481332,0.2518912904446256,52.019999999999996,209715.19999999966,3.42,41943.039999999986,1.0,0.1626636555070533,1.935,0.0,1.1895393,0.6146436,-0.71392477,0.6,0.48439307212829585,0.0858225703239441
0.35617271608559176,0.21227665714718108,0.2435227366099216,53.82,235929.60000000056,3.78,47185.919999999984,1.0,-0.29511398663289157,1.94,0.0,0.5052301,1.0533379,0.53992546,0.45156903862953185,0.6,0.4619776368141174
0.3671667157501844,0.21066939841968185,0.23594122679383372,55.44,113246.20799999982,4.32,37748.73600000003,1.0,-0.035706656086922806,1.945,0.0,0.5052301,1.0533379,0.53992546,0.45156903862953185,0.6,0.4619776368141174
0.3781066635978776,0.19977352273866025,0.228266973172887,57.059999999999995,183642.49945945916,4.859999999999999,61214.16648648639,1.0,-0.29511398663289157,1.95,0.0,0.5052301,1.0533379,0.53992546,0.45156903862953185,0.6,0.4619776368141174
0.3856608627893451,0.1966658447148175,0.21772510620715696,58.32,170478.16258064585,5.58,97416.09290322589,1.0,0.2084414197210478,1.955,0.0,0.5052301,1.0533379,0.53992546,0.45156903862953185,0.6,0.4619776368141174
0.3883807355708945,0.18748708330924704,0.20503574136463643,59.58,170478.1625806449,6.4799999999999995,121770.11612903219,1.0,-0.29511398663289157,1.96,0.0,0.25275886,1.3931447,1.1719768,0.3758276581764221,0.6,0.6
0.38972331322403597,0.18865797085254452,0.19028610103187196,60.66,25.109884756736342,7.56,25.109884756736385,1.0,0.07110812707906433,1.965,0.0,0.25275886,1.3931447,1.1719768,0.3758276581764221,0.6,0.6
0.3901531139062848,0.189790794062749,0.17474587284680398,61.559999999999995,53926.765714285626,8.82,75497.47200000004,1.0,-0.1577806939909081,1.97,0.0,0.25275886,1.3931447,1.1719768,0.3758276581764221,0.6,0.6
0.39134957560220707,0.20212019794814767,0.159066131373475,62.28,88820.55529411839,10.44,199846.2494117646,1.0,-0.06622516556291913,1.975,0.0,0.25275886,1.3931447,1.1719768,0.3758276581764221,0.6,0.6
0.39320316356619084,0.20268419234218343,0.1441343112895821,62.64,47185.919999999925,12.24,235929.6000000001,1.0,-0.23407696768089892,1.98,0.0,-0.27637202,1.3624632,2.2366471,0.21708839535713195,0.6,0.6
0.3950625390297547,0.20492388910846168,0.12972960220753854,62.82,7122.4030188679135,14.399999999999999,85468.83622641503,1.0,-0.035706656086922806,1.985,0.0,-0.27637202,1.3624632,2.2366471,0.21708839535713195,0.6,0.6
0.3979877934243273,0.20106304023964572,0.11660862607209443,63.0,22205.138823529378,16.56,266461.665882353,1.0,-0.14252143925290994,1.99,0.0,-0.27637202,1.3624632,2.2366471,0.21708839535713195,0.6,0.6
0.4061353454043063,0.19829184389225527,0.10385004173632906,62.82,-21570.706285714252,19.08,301989.888,1.0,0.19318216498304963,1.995,0.0,-0.27637202,1.3624632,2.2366471,0.21708839535713195,0.6,0.6
0.4155647746712215,0.21394875388159618,0.09339516826332725,62.64,-24354.023225806413,21.599999999999998,340956.32516129024,1.0,-0.14252143925290994,2.0,0.0,-0.36474782,1.0498679,1.9434636,0.19057565331459045,0.6,0.6
0.423457965121944,0.22756898206120818,0.08313381486710039,62.46,-19867.755789473653,24.3,298016.33684210555,1.0,0.0863673818170625,2.005,0.0,-0.36474782,1.0498679,1.9434636,0.19057565331459045,0.6,0.6
0.4314235562016382,0.23448193500036676,0.07457911419511772,62.099999999999994,-8.71061022463759,26.64,56.61896646014329,1.0,-0.12726218451491178,2.0100000000000002,0.0,-0.36474782,1.0498679,1.9434636,0.19057565331459045,0.6,0.6
0.4374065649510553,0.24810123454814528,0.07332695851404177,61.739999999999995,-20971.519999999968,28.98,136314.88,1.0,-0.05096591082492097,2.015,0.0,-0.36474782,1.0498679,1.9434636,0.19057565331459045,0.6,0.6
0.44133289428574374,0.2581512295505768,0.07539251710445836,61.199999999999996,-59603.26736842096,31.32,258280.82526315787,1.0,-0.2035584582049026,2.02,0.0,0.09718395,0.8256209,2.53735,0.32915518507361413,0.5476862668991088,0.6
0.4445186252079847,0.27772913234593855,0.08018361676794805,60.839999999999996,-47185.919999999925,33.3,259522.5599999996,1.0,0.04058961760306801,2.025,0.0,0.09718395,0.8256209,2.53735,0.32915518507361413,0.5476862668991088,0.6
0.44670651433974096,0.2880545140594751,0.08981123534942076,60.3,-75497.47199999988,34.92,226492.41600000064,1.0,-0.24933622241889708,2.0300000000000002,0.0,0.09718395,0.8256209,2.53735,0.32915518507361413,0.5476862668991088,0.6
0.44808919006996695,0.3144573228094942,0.10942211304533819,59.76,-68634.06545454534,36.0,137268.1309090907,1.0,0.07110812707906433,2.035,0.0,0.09718395,0.8256209,2.53735,0.32915518507361413,0.5476862668991088,0.6
0.4485985697825233,0.33554968055517786,0.12827642608287879,59.22,-20043.57663716811,36.72,26724.76884955748,1.0,-0.26459547715689524,2.04,0.0,-0.52354646,1.2515332,2.0961304,0.14293606281280516,0.6,0.6
0.4491406335078707,0.3451838397458096,0.144180055315721,58.86,-47185.919999999925,36.9,23592.959999999963,1.0,0.10162663655506066,2.045,0.0,-0.52354646,1.2515332,2.0961304,0.14293606281280516,0.6,0.6
0.44896136370945194,0.35597865025637865,0.16374724441512425,58.32,-12.237938122048458,36.54,-8.158625414698973,1.0,-0.2798547318948934,2.05,0.0,-0.52354646,1.2515332,2.0961304,0.14293606281280516,0.6,0.6
0.44783049066396624,0.36973747140821844,0.18252786860231393,57.78,-41180.439272727206,35.46,-82360.87854545441,1.0,0.19318216498304963,2.055,0.0,-0.52354646,1.2515332,2.0961304,0.14293606281280516,0.6,0.6
0.44740983667722917,0.37338514076995405,0.19637258490306816,57.239999999999995,-20404.722162162398,34.199999999999996,-47611.01837837857,1.0,-0.12726218451491178,2.06,0.0,-1.3854961,1.5971522,1.5263268,0.0,0.6,0.6
0.4480766551297235,0.3900414830876824,0.2116801224145016,56.519999999999996,-83886.07999999987,32.4,-209715.19999999966,1.0,0.0863673818170625,2.065,0.0,-1.3854961,1.5971522,1.5263268,0.0,0.6,0.6
0.446617472691939,0.4033090524089028,0.2283502891488965,55.98,-73062.06967741923,30.06,-316602.3019354839,1.0,0.025330362865069844,2.07,0.0,-1.3854961,1.5971522,1.5263268,0.0,0.6,0.6
0.4445473177604804,0.41093759648578215,0.2406666143193683,55.26,-91512.08727272713,27.54,-320292.3054545454,1.0,-0.14252143925290994,2.075,0.0,-1.3854961,1.5971522,1.5263268,0.0,0.6,0.6
0.44227167777596166,0.4195607269166864,0.2537477195371503,54.54,-94371.83999999985,24.66,-377487.35999999987,1.0,-0.05096591082492097,2.08,0.0,-1.5081397,1.3919622,0.98783314,0.0,0.6,0.5963499426841735
0.43566355174798727,0.42525040950177617,0.26827599606712005,53.64,-114390.10909090891,21.779999999999998,-366048.3490909094,1.0,-0.24933622241889708,2.085,0.0,-1.5081397,1.3919622,0.98783314,0.0,0.6,0.5963499426841735
0.42252863724169376,0.42809365993187554,0.2801983319661066,52.559999999999995,-141557.7600000007,18.72,-401080.31999999983,1.0,-0.06622516556291913,2.09,0.0,-1.5081397,1.3919622,0.98783314,0.0,0.6,0.5963499426841735
0.41036694496914106,0.43375283684715493,0.29144640745167544,51.12,-35.115307414577934,15.84,-70.23061482915595,1.0,-0.005188146610926481,2.095,0.0,-1.5081397,1.3919622,0.98783314,0.0,0.6,0.5963499426841735
0.40023515012147326,0.4321291688358155,0.30426522681123974,49.68,-79471.02315789461,12.959999999999999,-158942.0463157895,1.0,-0.26459547715689524,2.1,0.0,-0.8759216,-0.1687899,1.3075788,0.03722351789474487,0.24936303198337553,0.6
0.3897243739679635,0.4296828393007092,0.31522374152475635,48.059999999999995,-174224.93538461588,10.08,-309733.2184615384,1.0,-0.035706656086922806,2.105,0.0,-0.8759216,-0.1687899,1.3075788,0.03722351789474487,0.24936303198337553,0.6
0.3819928726237422,0.4288869633591074,0.32559388030779385,46.26,-222051.38823529377,7.02,-377487.36000000004,1.0,-0.035706656086922806,2.11,0.0,-0.8759216,-0.1687899,1.3075788,0.03722351789474487,0.24936303198337553,0.6
0.3760037397353659,0.4371850605615941,0.33659858001520115,44.46,-243540.23225806412,3.96,-414018.3948387096,1.0,0.07110812707906433,2.115,0.0,-0.8759216,-0.1687899,1.3075788,0.03722351789474487,0.24936303198337553,0.6
0.36376374136084194,0.4283537675212791,0.3468452413458736,42.3,-80174.3065486727,1.6199999999999999,-86855.49876106194,1.0,-0.12726218451491178,2.12,0.0,0.4464738,-1.1039065,0.6299614,0.4339421421289444,0.0,0.48898841142654415
0.3501442511997489,0.42847678057159144,0.3559465545947967,38.879999999999995,-387689.72108108125,1.98,40809.44432432434,1.0,0.05584887234106617,2.125,0.0,0.4464738,-1.1039065,0.6299614,0.4339421421289444,0.0,0.48898841142654415
0.3390602986150524,0.4263583841227917,0.3667085618143316,35.82,-427819.00799999933,2.88,125829.11999999998,1.0,-0.05096591082492097,2.13,0.0,0.4464738,-1.1039065,0.6299614,0.4339421421289444,0.0,0.48898841142654415
0.32587972950830935,0.4304086931070877,0.37677688193488745,32.76,-69.2555133227572,2.88,0.0,1.0,-0.11200292977691362,2.1350000000000002,0.0,0.4464738,-1.1039065,0.6299614,0.4339421421289444,0.0,0.48898841142654415
0.30697780233615246,0.4333544541172709,0.3850066605541229,30.24,-80073.07636363636,1.98,-28597.52727272727,1.0,-0.24933622241889708,2.14,0.0,1.4773129,-0.82971454,-0.89532083,0.6,0.05108563899993896,0.03140375018119812
0.28476247410217054,0.4318316723472033,0.3934290070605525,27.18,-366702.0068571427,1.7999999999999998,-21570.706285714306,1.0,0.34577471236303126,2.145,0.0,1.4773129,-0.82971454,-0.89532083,0.6,0.05108563899993896,0.03140375018119812
0.2609378484093447,0.4356474206983337,0.40142028240677435,24.3,-402653.18399999983,1.98,25165.824000000022,1.0,-0.23407696768089892,2.15,0.0,1.4773129,-0.82971454,-0.89532083,0.6,0.05108563899993896,0.03140375018119812
0.23764076094069447,0.43464210618914845,0.4079027663670862,21.419999999999998,-389664.37161290355,1.7999999999999998,-24354.02322580647,1.0,0.04058961760306801,2.1550000000000002,0.0,1.4773129,-0.82971454,-0.89532083,0.6,0.05108563899993896,0.03140375018119812
0.21484263412175478,0.4471221199509481,0.41417359974510953,18.36,-388926.37090909074,1.7999999999999998,0.0,1.0,-0.23407696768089892,2.16,8.522882461547852,1.8662363,-0.011709802,-0.12396032,0.6,0.29648705944418907,0.26281190291047096
0.193783239348981,0.4431749480227813,0.42046183052120484,15.479999999999999,-355282.2211764707,1.7999999999999998,0.0,1.0,-0.12726218451491178,2.165,8.522882461547852,1.8662363,-0.011709802,-0.12396032,0.6,0.29648705944418907,0.26281190291047096
0.1739429928421641,0.4462248886692274,0.42511215242708966,12.78,-365310.34838709666,1.7999999999999998,0.0,1.0,0.05584887234106617,2.17,8.522882461547852,1.8662363,-0.011709802,-0.12396032,0.6,0.29648705944418907,0.26281190291047096
0.15670162004558513,0.446346426752487,0.4303761757595015,9.9,-377487.35999999987,1.6199999999999999,-23592.959999999992,1.0,-0.12726218451491178,2.1750000000000003,8.522882461547852,1.8662363,-0.011709802,-0.12396032,0.6,0.29648705944418907,0.26281190291047096
0.14322003548240764,0.4489825664673086,0.43530972421551806,7.199999999999999,-66.23204978243581,1.6199999999999999,0.0,1.0,-0.21881771294290076,2.18,20.0,1.2048674,0.15069154,0.2525889,0.6,0.34520746171474453,0.375776669383049
0.13458305785110047,0.45356861570990326,0.43941104523201946,4.68,-185432.387368421,4.68,225167.8989473684,1.0,4.893032624286651,2.185,20.0,1.2048674,0.15069154,0.2525889,0.6,0.34520746171474453,0.375776669383049
0.12752869132346184,0.4480700452698554,0.4442988900668888,3.2399999999999998,-188743.68,7.92,424673.28,1.0,-1.7905209509567666,2.19,20.0,1.2048674,0.15069154,0.2525889,0.6,0.34520746171474453,0.375776669383049
0.12381038658893335,0.44724617408538414,0.44950256023233526,2.6999999999999997,-23349.733608247425,8.28,15566.489072164924,1.0,2.604144413586816,2.195,20.0,1.2048674,0.15069154,0.2525889,0.6,0.34520746171474453,0.375776669383049
0.12312585754147337,0.4468872499444617,0.4521543420197175,3.42,88820.55529411767,6.3,-244256.52705882347,1.0,-1.6226691488387868,2.2,8.522882461547852,0.87282085,0.48181045,0.39278165,0.5618462562561035,0.4445431351661682,0.41783449351787566
0.12400786401054564,0.4443268370428505,0.4504285547189453,4.859999999999999,188743.67999999993,4.32,-259522.55999999994,1.0,0.010071108127071682,2.205,8.522882461547852,0.87282085,0.48181045,0.39278165,0.5618462562561035,0.4445431351661682,0.41783449351787566
0.12477693587765155,0.4332486297371141,0.4480862432863053,6.66,228780.21818181826,2.34,-251658.24000000005,1.0,-2.202520828882717,2.21,8.522882461547852,0.87282085,0.48181045,0.39278165,0.5618462562561035,0.4445431351661682,0.41783449351787566
0.1343451379721411,0.426691074272849,0.4460161777082839,7.92,182235.27724137928,1.7999999999999998,-78100.83310344828,1.0,1.3071077608569723,2.215,8.522882461547852,0.87282085,0.48181045,0.39278165,0.5618462562561035,0.4445431351661682,0.41783449351787566
0.1578761517806685,0.4108044223140087,0.443568401240799,9.54,36.490032597779894,2.16,8.108896132839988,1.0,-1.0580767235327997,2.22,0.0,0.11786693,0.5603598,0.07263148,0.3353600800037384,0.468107932806015,0.3217894434928894
0.17715859495035766,0.40675301544194353,0.4405592124815661,11.34,98048.66493506497,1.6199999999999999,-29414.599480519493,1.0,1.4444410534989558,2.225,0.0,0.11786693,0.5603598,0.07263148,0.3353600800037384,0.468107932806015,0.3217894434928894
0.19342903263708,0.3795896187746745,0.43956945000753156,12.78,163237.77729729723,1.7999999999999998,20404.722162162154,1.0,-0.5392620624408622,2.23,0.0,0.11786693,0.5603598,0.07263148,0.3353600800037384,0.468107932806015,0.3217894434928894
0.21403311708403008,0.36631839278965944,0.4376648858368669,14.76,61516.45866666668,1.7999999999999998,0.0,1.0,0.3305154576250331,2.235,0.0,0.11786693,0.5603598,0.07263148,0.3353600800037384,0.468107932806015,0.3217894434928894
0.23213010937415068,0.347198804330527,0.4294633401254852,16.74,259522.55999999982,1.7999999999999998,0.0,1.0,-0.14252143925290994,2.24,0.0,0.429202,-0.05281292,0.68931425,0.4287605971097946,0.28415612429380416,0.506794273853302
0.24651215407126195,0.34035192489890986,0.41857277763470657,18.9,251658.24000000002,1.7999999999999998,0.0,1.0,-0.06622516556291913,2.245,0.0,0.429202,-0.05281292,0.68931425,0.4287605971097946,0.28415612429380416,0.506794273853302
0.2646247330755332,0.3310155358687787,0.4096536720379231,21.06,139379.9483076923,1.7999999999999998,0.0,1.0,-0.005188146610926481,2.25,0.0,0.429202,-0.05281292,0.68931425,0.4287605971097946,0.28415612429380416,0.506794273853302
0.28154335667448327,0.3203755970739009,0.40162842391736897,23.58,330301.43999999994,1.7999999999999998,0.0,1.0,-0.4782250434888695,2.255,0.0,0.429202,-0.05281292,0.68931425,0.4287605971097946,0.28415612429380416,0.506794273853302
0.2940792682876841,0.3240969739470158,0.3956427049907786,25.919999999999998,327155.712,1.7999999999999998,0.0,1.0,-0.12726218451491178,2.2600000000000002,0.0,0.07971257,0.8195896,1.7501527,0.32391377091407775,0.5458768844604492,0.6
0.3092736547681464,0.33327349010153845,0.3909743474540681,28.619999999999997,65.61840273955139,1.7999999999999998,0.0,1.0,-0.23407696768089892,2.265,0.0,0.07971257,0.8195896,1.7501527,0.32391377091407775,0.5458768844604492,0.6
0.32506996709308966,0.34104439865087655,0.3887210875741838,31.14,140928.61440000017,1.7999999999999998,0.0,1.0,0.34577471236303126,2.27,0.0,0.07971257,0.8195896,1.7501527,0.32391377091407775,0.5458768844604492,0.6
0.3363902620488883,0.3366153928231824,0.3879115805340753,33.839999999999996,314572.7999999995,1.7999999999999998,0.0,1.0,-0.11200292977691362,2.275,0.0,0.07971257,0.8195896,1.7501527,0.32391377091407775,0.5458768844604492,0.6
0.3489147477684593,0.33714611735094796,0.3869820190409411,36.72,355282.2211764709,1.7999999999999998,0.0,1.0,-0.035706656086922806,2.2800000000000002,0.0,0.2710943,0.7493429,1.8732157,0.3813282877206802,0.5248028755187988,0.6
0.3618839915784428,0.3394802071082513,0.3862314788531249,39.42,290374.8923076926,1.7999999999999998,0.0,1.0,0.07110812707906433,2.285,0.0,0.2710943,0.7493429,1.8732157,0.3813282877206802,0.5248028755187988,0.6
0.3709614903426771,0.34324320756615423,0.3856479339377275,42.12,323560.5942857138,1.7999999999999998,0.0,1.0,-0.08148442030091729,2.29,0.0,0.2710943,0.7493429,1.8732157,0.3813282877206802,0.5248028755187988,0.6
0.3748580383623768,0.3489730893782842,0.3849796428558089,44.64,84557.1686400001,1.98,6039.797760000005,1.0,0.22370067445904596,2.295,0.0,0.2710943,0.7493429,1.8732157,0.3813282877206802,0.5248028755187988,0.6
0.3755727160502908,0.35023629580663446,0.3830591134403016,47.16,285666.1102702698,1.98,0.0,1.0,-0.3714102603228824,2.3000000000000003,0.0,-0.990425,1.9118371,1.8230247,0.00287250280380249,0.6,0.6
0.37551303870983826,0.3491277623125687,0.3800225124931602,49.32,48.84328457826787,1.98,0.0,1.0,0.04058961760306801,2.305,0.0,-0.990425,1.9118371,1.8230247,0.00287250280380249,0.6,0.6
0.37609341997318696,0.3436172057936514,0.37765603756236943,51.12,106334.46760563363,2.16,10633.446760563389,1.0,-0.4477065340128732,2.31,0.0,-0.990425,1.9118371,1.8230247,0.00287250280380249,0.6,0.6
0.3783707281395746,0.34751472919288423,0.3760064757070592,52.739999999999995,178809.80210526288,2.34,19867.755789473653,1.0,0.05584887234106617,2.315,0.0,-0.990425,1.9118371,1.8230247,0.00287250280380249,0.6,0.6
0.37934907197693274,0.34412569116726355,0.3766976310115007,53.82,133230.83294117713,2.6999999999999997,44410.27764705881,1.0,-0.3256324961088879,2.32,0.0,-1.1807624,2.1437535,1.6179111,0.0,0.6,0.6
0.3797111815600003,0.357401429162202,0.37672121427300914,54.54,100663.29599999984,3.06,50331.648000000045,1.0,0.04058961760306801,2.325,0.0,-1.1807624,2.1437535,1.6179111,0.0,0.6,0.6
0.3795522284470466,0.36309065097230536,0.37670940521998164,54.9,48708.04645161283,3.5999999999999996,73062.0696774193,1.0,-0.3256324961088879,2.33,0.0,-1.1807624,2.1437535,1.6179111,0.0,0.6,0.6
0.3792799470984664,0.3638608937927861,0.37845340181789794,54.9,0.0,4.14,66615.41647058824,1.0,0.010071108127071682,2.335,0.0,-1.1807624,2.1437535,1.6179111,0.0,0.6,0.6
0.3785447849217974,0.36979231822352476,0.37955247917810825,54.72,-23592.959999999963,4.5,47185.92000000004,1.0,-0.34089175084688605,2.34,0.0,-1.4696277,1.7784333,1.5512456,0.0,0.6,0.6
0.3782866136374488,0.3657679491843178,0.3797119786024633,54.18,-73062.06967741923,4.5,0.0,1.0,0.17792291024505147,2.345,0.0,-1.4696277,1.7784333,1.5512456,0.0,0.6,0.6
0.37853750861550417,0.3772863457489502,0.38226429002254964,53.46,-17.520473416722723,4.14,-8.760236708361383,1.0,-0.26459547715689524,2.35,0.0,-1.4696277,1.7784333,1.5512456,0.0,0.6,0.6
0.37871714172250875,0.3901372783810119,0.3882850904185709,52.559999999999995,-25505.902702702864,3.78,-10202.361081081077,1.0,-0.09674367503891546,2.355,0.0,-1.4696277,1.7784333,1.5512456,0.0,0.6,0.6
0.37963681613850014,0.3886122256763698,0.39434099569606695,51.48,-133230.83294117625,3.2399999999999998,-66615.41647058824,1.0,-0.020447401348924643,2.36,0.0,-0.77693987,-0.014441326,2.446798,0.06691803932189941,0.29566760212182996,0.6
0.3808288118773063,0.40157451889359946,0.401352035096683,50.22,-165150.71999999974,2.34,-117964.79999999999,1.0,-0.18829920346690443,2.365,0.0,-0.77693987,-0.014441326,2.446798,0.06691803932189941,0.29566760212182996,0.6
0.3816226061478006,0.4140357502503667,0.4117249246685185,48.42,-251658.2399999996,1.7999999999999998,-75497.47200000001,1.0,-0.020447401348924643,2.37,0.0,-0.77693987,-0.014441326,2.446798,0.06691803932189941,0.29566760212182996,0.6
0.3821022089974365,0.42331596294771157,0.4215788201788115,46.44,-244256.52705882402,1.98,22205.138823529433,1.0,0.04058961760306801,2.375,0.0,-0.77693987,-0.014441326,2.446798,0.06691803932189941,0.29566760212182996,0.6
0.38349641618456065,0.43102211980965294,0.43040259007049375,44.46,-259522.5599999996,1.7999999999999998,-23592.96000000002,1.0,-0.06622516556291913,2.38,0.0,0.1483052,-1.294017,1.3551064,0.3444915577769279,0.0,0.6
0.38575083640688423,0.4299463213680108,0.43999492287768943,42.3,-312403.33241379366,1.7999999999999998,0.0,1.0,0.04058961760306801,2.3850000000000002,0.0,0.1483052,-1.294017,1.3551064,0.3444915577769279,0.0,0.6
0.3861025696497357,0.44011879127725206,0.44847249328785666,40.14,-274536.2618181814,1.7999999999999998,0.0,1.0,-0.43244727927487503,2.39,0.0,0.1483052,-1.294017,1.3551064,0.3444915577769279,0.0,0.6
0.37855426543630677,0.4490710758056509,0.455415235184002,37.98,-49.496531520949404,1.7999999999999998,0.0,1.0,0.010071108127071682,2.395,0.0,0.1483052,-1.294017,1.3551064,0.3444915577769279,0.0,0.6
0.36059707185909556,0.4554281338388035,0.4622632884837581,35.64,-71120.80695652163,1.7999999999999998,0.0,1.0,-0.06622516556291913,2.4,8.522882461547852,1.190329,-0.449815,0.11057229,0.6,0.16505549848079681,0.33317168802022934
0.33584120311326604,0.4687303306520834,0.4677236837606752,33.3,-208822.79489361733,1.7999999999999998,0.0,1.0,0.07110812707906433,2.4050000000000002,8.522882461547852,1.190329,-0.449815,0.11057229,0.6,0.16505549848079681,0.33317168802022934
0.30915916627056156,0.47169683648933736,0.4717905849625294,30.779999999999998,-63291.29389221556,1.7999999999999998,0.0,1.0,-0.18829920346690443,2.41,8.522882461547852,1.190329,-0.449815,0.11057229,0.6,0.16505549848079681,0.33317168802022934
0.2820478735074069,0.47601569594572035,0.4759433777713372,28.259999999999998,-257796.2458536585,1.7999999999999998,0.0,1.0,0.05584887234106617,2.415,8.522882461547852,1.190329,-0.449815,0.11057229,0.6,0.16505549848079681,0.33317168802022934
0.2560430615017257,0.4765829838536622,0.4799248787661012,25.56,-283115.5199999999,1.7999999999999998,0.0,1.0,-0.34089175084688605,2.42,20.0,0.7945808,-0.57408583,-1.3286452,0.5383742451667786,0.12777425050735472,0.0
0.23019631440602148,0.47353716164769705,0.48332284741533416,22.68,-345131.30057142844,1.7999999999999998,0.0,1.0,0.0863673818170625,2.4250000000000003,20.0,0.7945808,-0.57408583,-1.3286452,0.5383742451667786,0.12777425050735472,0.0
0.20746082581666225,0.46914927360866265,0.48622522139089897,19.98,-343170.32727272715,1.7999999999999998,0.0,1.0,-0.11200292977691362,2.43,20.0,0.7945808,-0.57408583,-1.3286452,0.5383742451667786,0.12777425050735472,0.0
0.18559705503025514,0.46613128131960085,0.4891029591141257,17.099999999999998,-65.17779089530742,1.7999999999999998,0.0,1.0,0.04058961760306801,2.435,20.0,0.7945808,-0.57408583,-1.3286452,0.5383742451667786,0.12777425050735472,0.0
0.1664903311730743,0.46432300751244143,0.49091055533392264,14.219999999999999,-145537.2954216867,1.7999999999999998,0.0,1.0,-0.26459547715689524,2.44,8.522882461547852,0.9652499,-1.0174416,-1.9198164,0.5895749688148498,0.0,0.0
0.1485301551886762,0.45712331602521467,0.49330905857208074,11.16,-305585.0057142856,1.7999999999999998,0.0,1.0,0.0863673818170625,2.445,8.522882461547852,0.9652499,-1.0174416,-1.9198164,0.5895749688148498,0.0,0.0
0.13740452020359878,0.465336806009341,0.4957816459547227,8.459999999999999,-283115.52000000014,1.6199999999999999,-18874.367999999995,1.0,-0.12726218451491178,2.45,8.522882461547852,0.9652499,-1.0174416,-1.9198164,0.5895749688148498,0.0,0.0
0.13505971358651386,0.46045343984587517,0.4976350676654445,5.58,-355282.22117647046,1.6199999999999999,0.0,1.0,29.475692007202355,2.455,8.522882461547852,0.9652499,-1.0174416,-1.9198164,0.5895749688148498,0.0,0.0
0.13467322132034923,0.4602734018700722,0.5002528809852202,3.78,-57195.05454545456,6.3,148707.14181818182,1.0,-3.6368907742545993,2.46,0.0,1.2343754,-1.0144358,-1.3114898,0.6,0.0,0.0
0.13498081497297174,0.44692839759053843,0.5046839316064122,3.2399999999999998,-64712.118857142865,6.84,64712.118857142865,1.0,-0.7834101382488328,2.465,0.0,1.2343754,-1.0144358,-1.3114898,0.6,0.0,0.0
0.14038228984673276,0.43935736161824085,0.5068253875914341,3.96,49506.53901639346,4.5,-160896.2518032787,1.0,11.942808313241969,2.47,0.0,1.2343754,-1.0144358,-1.3114898,0.6,0.0,0.0
0.15793387376358672,0.4247789721003716,0.5057578484492289,5.9399999999999995,276824.06399999995,3.06,-201326.592,1.0,0.5899227881710019,2.475,0.0,1.2343754,-1.0144358,-1.3114898,0.6,0.0,0.0
0.1719850686507506,0.4020157470309524,0.5037320733486751,7.92,48.488497360922985,1.44,-39.672406931664256,1.0,-0.6308175908688511,2.48,0.0,1.1691254,-1.4828988,-1.7929711,0.6,0.0,0.0
0.18725432812791803,0.3791808746281305,0.5024130547200139,9.54,90596.96639999996,2.16,40265.31840000001,1.0,0.42207098605302207,2.485,0.0,1.1691254,-1.4828988,-1.7929711,0.6,0.0,0.0
0.20837412861482604,0.36420519212429736,0.500339542645426,11.7,226492.41600000003,1.6199999999999999,-56623.10400000003,1.0,-0.29511398663289157,2.49,0.0,1.1691254,-1.4828988,-1.7929711,0.6,0.0,0.0
0.22780423809794675,0.35138807953271917,0.49751583353733847,13.5,235929.6000000001,1.7999999999999998,23592.959999999992,1.0,0.05584887234106617,2.495,0.0,1.1691254,-1.4828988,-1.7929711,0.6,0.0,0.0
0.24264107290187928,0.327505177433933,0.49698484800198933,15.84,297414.28363636363,1.7999999999999998,0.0,1.0,-0.3256324961088879,2.5,0.0,1.2798172,-1.8856146,-1.1837282,0.6,0.0,0.0
0.26165232573703107,0.3145235974562771,0.4963987226562087,18.36,310871.9435294117,1.6199999999999999,-22205.138823529403,1.0,-0.05096591082492097,2.505,0.0,1.2798172,-1.8856146,-1.1837282,0.6,0.0,0.0
0.2796775403498051,0.3052603596131213,0.488405787796137,20.88,320292.3054545454,1.7999999999999998,22878.02181818181,1.0,0.11688589129305882,2.5100000000000002,0.0,1.2798172,-1.8856146,-1.1837282,0.6,0.0,0.0
0.29296713848327566,0.29499469362380276,0.47041034692044803,23.759999999999998,377487.35999999987,1.7999999999999998,0.0,1.0,-0.035706656086922806,2.515,0.0,1.2798172,-1.8856146,-1.1837282,0.6,0.0,0.0
0.3081015169778483,0.28214282682194586,0.44323285867520273,26.64,66.45611724836061,1.7999999999999998,0.0,1.0,-0.21881771294290076,2.52,0.0,0.9980686,-1.5722479,-1.4608548,0.5994205713272095,0.0,0.0
0.3244143079347851,0.26716023235521236,0.4136652246544822,29.7,207009.19741935475,1.7999999999999998,0.0,1.0,-0.11200292977691362,2.525,0.0,0.9980686,-1.5722479,-1.4608548,0.5994205713272095,0.0,0.0
0.33614115769085484,0.24673357245361396,0.38274839965860413,32.76,366702.0068571427,1.7999999999999998,0.0,1.0,-0.08148442030091729,2.5300000000000002,0.0,0.9980686,-1.5722479,-1.4608548,0.5994205713272095,0.0,0.0
0.3485821229614267,0.24012621421739166,0.35364397014037424,36.0,424673.28000000026,1.7999999999999998,0.0,1.0,-0.06622516556291913,2.535,0.0,0.9980686,-1.5722479,-1.4608548,0.5994205713272095,0.0,0.0
0.3621294574548411,0.22602528605969938,0.3241906801667223,39.24,399692.49882352963,1.98,22205.138823529433,1.0,-0.06622516556291913,2.54,0.0,1.1057533,-1.8313437,-0.2767114,0.6,0.0,0.21698657870292662
0.3731025291188186,0.20805960126274586,0.29733718552177213,42.48,424673.27999999933,1.98,0.0,1.0,-0.26459547715689524,2.545,0.0,1.1057533,-1.8313437,-0.2767114,0.6,0.0,0.21698657870292662
0.3829045339990092,0.1865601179628228,0.2711364226819251,45.9,333593.48093023273,1.98,0.0,1.0,-0.06622516556291913,2.5500000000000003,0.0,1.1057533,-1.8313437,-0.2767114,0.6,0.0,0.21698657870292662
0.3939364825365759,0.1641633476472854,0.2471452903347999,49.32,318767.10400000017,1.98,0.0,1.0,-0.005188146610926481,2.555,0.0,1.1057533,-1.8313437,-0.2767114,0.6,0.0,0.21698657870292662
0.40256003224058456,0.15026272788456765,0.22441071642271632,52.559999999999995,388272.71314285655,1.98,0.0,1.0,-0.12726218451491178,2.56,0.0,0.48889124,-1.3060786,-0.9255043,0.4466673731803894,0.0,0.02234870195388794
0.41064047343469096,0.1288181011390879,0.20366036302916704,55.98,81.57525806965269,1.98,0.0,1.0,0.04058961760306801,2.565,0.0,0.48889124,-1.3060786,-0.9255043,0.4466673731803894,0.0,0.02234870195388794
0.4190556788239068,0.11527982173672481,0.18414727536053951,59.4,231363.2206451614,1.98,0.0,1.0,-0.2798547318948934,2.57,0.0,0.48889124,-1.3060786,-0.9255043,0.4466673731803894,0.0,0.02234870195388794
0.4260804804154568,0.11826374043519765,0.16639153554411582,62.64,388272.71314285736,1.98,0.0,1.0,-0.06622516556291913,2.575,0.0,0.48889124,-1.3060786,-0.9255043,0.4466673731803894,0.0,0.02234870195388794
0.43251604902206797,0.10084037110163471,0.14987554824551585,65.88,144569.62723404233,2.16,8031.645957446815,1.0,-0.1577806939909081,2.58,0.0,0.7516602,-1.4814696,0.048272017,0.5254980683326721,0.0,0.31448160521686075
0.4394613721077905,0.08908272905328626,0.1349678469663585,68.94,388926.3709090912,2.34,22878.021818181784,1.0,0.025330362865069844,2.585,0.0,0.7516602,-1.4814696,0.048272017,0.5254980683326721,0.0,0.31448160521686075
0.44597825051720186,0.0866333959946942,0.12104871681322343,71.82,355282.22117647005,2.6999999999999997,44410.27764705881,1.0,-0.5850398266548567,2.59,0.0,0.7516602,-1.4814696,0.048272017,0.5254980683326721,0.0,0.31448160521686075
0.45109503893994934,0.06395110265351484,0.10847052123697672,74.7,377487.36000000127,3.2399999999999998,70778.88,1.0,-0.1577806939909081,2.595,0.0,0.7516602,-1.4814696,0.048272017,0.5254980683326721,0.0,0.31448160521686075
0.45666845487584473,0.0722830143471991,0.09703737899955696,77.22,340956.3251612898,4.14,121770.11612903225,1.0,-0.29511398663289157,2.6,0.0,0.042269066,-0.9786227,-0.7219405,0.31268071979284284,0.006413197517395019,0.08341784477233886
0.46194396427865736,0.04028131930441918,0.0883962893701336,79.38,49.492745956044956,5.22,24.74637297802252,1.0,0.14740440076905514,2.605,0.0,0.042269066,-0.9786227,-0.7219405,0.31268071979284284,0.006413197517395019,0.08341784477233886
0.4661636364023577,0.02481542241911649,0.0796714529688878,81.36,91260.68043956062,6.66,66371.40395604397,1.0,-0.2798547318948934,2.61,0.0,0.042269066,-0.9786227,-0.7219405,0.31268071979284284,0.006413197517395019,0.08341784477233886
0.47091930562016443,0.022342572957059867,0.07238901725728122,83.16,188743.6799999997,8.64,207618.04800000004,1.0,0.2084414197210478,2.615,0.0,0.042269066,-0.9786227,-0.7219405,0.31268071979284284,0.006413197517395019,0.08341784477233886
0.4754836706532717,0.03236679885319709,0.06998399673610203,84.24,31677.260979020928,10.98,68634.06545454545,1.0,-0.17303994872890627,2.62,0.0,-0.6463611,-0.4493697,0.65640277,0.10609166622161866,0.16518909037113189,0.4969208300113678
0.4785521559769975,0.041593442126329185,0.0691397221312573,85.14,114390.10909090981,14.219999999999999,411804.3927272725,1.0,0.11688589129305882,2.625,0.0,-0.6463611,-0.4493697,0.65640277,0.10609166622161866,0.16518909037113189,0.4969208300113678
0.4798579812479776,0.017020285422724622,0.0668301097268283,85.5,39735.511578947306,17.82,397355.1157894738,1.0,-0.11200292977691362,2.63,0.0,-0.6463611,-0.4493697,0.65640277,0.10609166622161866,0.16518909037113189,0.4969208300113678
0.4806705570814241,0.02036715402242147,0.06684422045282921,85.32,-21570.706285715103,21.96,496126.24457142863,1.0,-0.005188146610926481,2.6350000000000002,0.0,-0.6463611,-0.4493697,0.65640277,0.10609166622161866,0.16518909037113189,0.4969208300113678
0.4804316549316032,0.016806308487675132,0.07305200641410589,85.14,-25165.823999998967,26.459999999999997,629145.5999999995,1.0,-0.09674367503891546,2.64,0.0,-0.26159874,-0.6233598,-0.26983836,0.22152037918567657,0.11299206018447876,0.21904849112033845
0.4802346344918078,0.01670467802237738,0.07643919030295838,84.6,-37748.736000000434,30.779999999999998,301989.88800000004,1.0,0.14740440076905514,2.645,0.0,-0.26159874,-0.6233598,-0.26983836,0.22152037918567657,0.11299206018447876,0.21904849112033845
0.4794031594745757,-0.0022836846834167674,0.06839299880527648,84.06,-13.229542645529646,34.92,101.42649361572889,1.0,0.04058961760306801,2.65,0.0,-0.26159874,-0.6233598,-0.26983836,0.22152037918567657,0.11299206018447876,0.21904849112033845
0.4785739512548297,-0.009953625190153083,0.08229778634159303,83.52,-35389.44000000041,38.339999999999996,224133.11999999965,1.0,-0.2035584582049026,2.6550000000000002,0.0,-0.26159874,-0.6233598,-0.26983836,0.22152037918567657,0.11299206018447876,0.21904849112033845
0.4789026956802975,0.00696977557263937,0.09910376949825478,83.34,-19358.32615384536,41.04,290374.8923076926,1.0,-0.3561510055848842,2.66,0.0,-0.55330884,-0.5430777,0.083381295,0.13400734663009642,0.13707668781280516,0.32501438856124876
0.4780735776570515,0.0038314976465056525,0.11414784913826466,83.34,0.0,42.48,183024.17454545427,1.0,0.14740440076905514,2.665,0.0,-0.55330884,-0.5430777,0.083381295,0.13400734663009642,0.13707668781280516,0.32501438856124876
0.477549914787824,0.006872439300847188,0.1263954852095585,83.34,0.0,42.66,23592.959999999963,1.0,-0.31037324137088973,2.67,0.0,-0.55330884,-0.5430777,0.083381295,0.13400734663009642,0.13707668781280516,0.32501438856124876
0.47757029547658914,0.01449548445612679,0.13195081336715717,83.7,13852.747155963281,41.94,-27705.494311926563,1.0,-0.06622516556291913,2.6750000000000003,0.0,-0.55330884,-0.5430777,0.083381295,0.13400734663009642,0.13707668781280516,0.32501438856124876
0.47620884226164273,0.0018012385218908718,0.13579696478996403,84.06,44410.277647058756,40.86,-133230.83294117625,1.0,-0.17303994872890627,2.68,0.0,-0.39278948,-0.63589346,-0.63828605,0.18216315507888795,0.10923196077346801,0.10851418375968933
0.4758580916777345,0.0017671003033878023,0.13760117072640482,84.24,2706.0025806450503,39.42,-21648.020645161258,1.0,0.19318216498304963,2.685,0.0,-0.39278948,-0.63589346,-0.63828605,0.18216315507888795,0.10923196077346801,0.10851418375968933
0.4744811094157736,0.011379557920783703,0.1386157199196853,84.24,0.0,38.16,-28.47779110557893,1.0,-0.31037324137088973,2.69,0.0,-0.39278948,-0.63589346,-0.63828605,0.18216315507888795,0.10923196077346801,0.10851418375968933
0.4727662542419116,-0.003456890754791688,0.1388424752572183,84.06,-11102.56941176425,36.72,-88820.55529411751,1.0,0.2542191839350423,2.695,0.0,-0.39278948,-0.63589346,-0.63828605,0.18216315507888795,0.10923196077346801,0.10851418375968933
0.4721930373615903,-0.004228033996826717,0.1472781825270528,83.88,-6088.5058064518435,35.28,-48708.04645161283,1.0,-0.09674367503891546,2.7,0.0,0.03649624,-0.6849276,-1.3562653,0.3109488721936941,0.09452172517776489,0.0
0.4708234487203323,0.005361051631832085,0.16513174880248693,83.34,-70778.87999999896,33.66,-212336.6400000006,1.0,0.025330362865069844,2.705,0.0,0.03649624,-0.6849276,-1.3562653,0.3109488721936941,0.09452172517776489,0.0
0.46508271251081734,0.004125399033709663,0.18119138759919787,82.98,-47185.919999999925,31.86,-235929.59999999963,1.0,-0.21881771294290076,2.71,0.0,0.03649624,-0.6849276,-1.3562653,0.3109488721936941,0.09452172517776489,0.0
0.455818859326907,0.020586603741164312,0.1941666088479226,82.25999999999999,-88820.55529411926,29.88,-244256.5270588236,1.0,0.010071108127071682,2.715,0.0,0.03649624,-0.6849276,-1.3562653,0.3109488721936941,0.09452172517776489,0.0
0.44529915631944816,0.03545918078963953,0.20307215045973293,81.72,-66615.41647058725,27.9,-244256.5270588236,1.0,-0.34089175084688605,2.72,0.0,-0.10570489,-0.6886678,-1.2430507,0.2682885333895683,0.09339966773986816,0.0
0.43063516353567394,0.03944441695821485,0.20818591846531015,80.82,-114390.10909090981,25.919999999999998,-251658.24000000005,1.0,-0.11200292977691362,2.725,0.0,-0.10570489,-0.6886678,-1.2430507,0.2682885333895683,0.09339966773986816,0.0
0.4127055072355136,0.04624756674490575,0.21409034606535335,80.1,-97416.09290322565,23.939999999999998,-267894.25548387103,1.0,-0.38666951506088054,2.73,0.0,-0.10570489,-0.6886678,-1.2430507,0.2682885333895683,0.09339966773986816,0.0
0.39636677180578084,0.06325797134594145,0.22403686616778748,79.02,-26.37036360884393,21.96,-48.345666616213876,1.0,-0.05096591082492097,2.735,0.0,-0.10570489,-0.6886678,-1.2430507,0.2682885333895683,0.09339966773986816,0.0
0.37857879381524623,0.07090618443918055,0.23225527868378726,77.94,-78100.83310344815,19.98,-143184.8606896552,1.0,-0.29511398663289157,2.74,0.0,0.30216762,-0.73566437,-1.3693581,0.39065028727054596,0.07930068969726563,0.0
0.36068231660060934,0.09260670882287955,0.23593081687624212,76.86,-129424.23771428551,18.0,-237277.7691428572,1.0,0.04058961760306801,2.745,0.0,0.30216762,-0.73566437,-1.3693581,0.39065028727054596,0.07930068969726563,0.0
0.3444669344953802,0.09872868012309034,0.23672689497885013,75.78,-137268.1309090907,16.02,-251658.24000000005,1.0,-0.14252143925290994,2.75,0.0,0.30216762,-0.73566437,-1.3693581,0.39065028727054596,0.07930068969726563,0.0
0.3296482033808665,0.09439257480832025,0.2375272393953575,74.34,-201326.59199999968,14.219999999999999,-251658.2400000001,1.0,0.10162663655506066,2.755,0.0,0.30216762,-0.73566437,-1.3693581,0.39065028727054596,0.07930068969726563,0.0
0.31484736745261976,0.09560423575223492,0.23737379332572506,73.08,-50815.60615384636,12.42,-72593.72307692304,1.0,-0.09674367503891546,2.7600000000000002,0.0,0.15617365,-0.8503535,-1.095604,0.3468520939350128,0.044893956184387206,0.0
0.30377396603309925,0.09518920998759953,0.23609171030168993,71.64,-183024.17454545427,10.62,-228780.21818181826,1.0,0.19318216498304963,2.765,0.0,0.15617365,-0.8503535,-1.095604,0.3468520939350128,0.044893956184387206,0.0
0.29679486029270064,0.1168647574399537,0.23606063884468348,70.02,-219186.2090322587,8.82,-243540.23225806438,1.0,-0.08148442030091729,2.77,0.0,0.15617365,-0.8503535,-1.095604,0.3468520939350128,0.044893956184387206,0.0
0.2933638336062557,0.11630754027921614,0.23566494382369435,68.39999999999999,-36.704096627647665,7.38,-32.62586366902006,1.0,0.010071108127071682,2.775,0.0,0.15617365,-0.8503535,-1.095604,0.3468520939350128,0.044893956184387206,0.0
0.291705381830759,0.10806962212801283,0.23395366375301008,66.6,-127961.81694915234,5.76,-115165.63525423729,1.0,-0.24933622241889708,2.7800000000000002,0.0,0.1112694,-0.9084482,-0.80627424,0.3333808198571205,0.02746553421020508,0.058117729425430295
0.29104973524965255,0.10477335632982955,0.23229559239076134,64.8,-228780.21818181782,4.5,-160146.1527272727,1.0,0.05584887234106617,2.785,0.0,0.1112694,-0.9084482,-0.80627424,0.3333808198571205,0.02746553421020508,0.058117729425430295
0.29065153556250745,0.09728254295922366,0.2272937082980847,63.0,-228780.21818181782,3.06,-183024.17454545453,1.0,-0.31037324137088973,2.79,0.0,0.1112694,-0.9084482,-0.80627424,0.3333808198571205,0.02746553421020508,0.058117729425430295
0.2907149003556162,0.11443029159542227,0.21662603629030655,61.019999999999996,-286369.72137931094,1.98,-156201.66620689657,1.0,0.10162663655506066,2.795,0.0,0.1112694,-0.9084482,-0.80627424,0.3333808198571205,0.02746553421020508,0.058117729425430295
0.2910467454783941,0.10286793499514617,0.20166830236749447,58.32,-377487.3599999994,2.16,25165.824000000022,1.0,-0.08148442030091729,2.8000000000000003,0.0,0.6430346,-0.834823,-0.3887546,0.49291037321090697,0.049553096294403076,0.18337361812591552
0.29185827182625423,0.10878377107786635,0.1846701373347532,55.62,-353894.4000000004,2.52,47185.919999999984,1.0,0.010071108127071682,2.805,0.0,0.6430346,-0.834823,-0.3887546,0.49291037321090697,0.049553096294403076,0.18337361812591552
0.29248172338406786,0.10814414774349707,0.1674657646400146,52.919999999999995,-377487.3600000004,3.06,75497.47200000001,1.0,-0.34089175084688605,2.81,0.0,0.6430346,-0.834823,-0.3887546,0.49291037321090697,0.049553096294403076,0.18337361812591552
0.29308326322528633,0.11011894534523314,0.15072145003277387,50.04,-124531.9125773194,3.96,38916.222680412364,1.0,0.19318216498304963,2.815,0.0,0.6430346,-0.834823,-0.3887546,0.49291037321090697,0.049553096294403076,0.18337361812591552
0.29489323805508394,0.09976646925325244,0.13498153996036197,47.16,-66.37176863609146,4.68,16.592942159022847,1.0,-0.14252143925290994,2.82,0.0,0.32244962,-1.0770245,-0.76927227,0.39673488736152646,0.0,0.06921831965446472
0.29660381205772307,0.10346002611782011,0.12014103576429457,44.28,-165473.91123287645,5.3999999999999995,41368.47780821916,1.0,0.025330362865069844,2.825,0.0,0.32244962,-1.0770245,-0.76927227,0.39673488736152646,0.0,0.06921831965446472
0.29824603862434895,0.10608726089708198,0.10728321557330704,41.4,-102369.45355932212,5.9399999999999995,19194.272542372884,1.0,-0.38666951506088054,2.83,0.0,0.32244962,-1.0770245,-0.76927227,0.39673488736152646,0.0,0.06921831965446472
0.3015402946342574,0.10176464447269491,0.09373138560559471,38.519999999999996,-345131.3005714289,6.4799999999999995,64712.118857142865,1.0,0.07110812707906433,2.835,0.0,0.32244962,-1.0770245,-0.76927227,0.39673488736152646,0.0,0.06921831965446472
0.30435000471310836,0.1079733341636211,0.08384751401882001,36.0,-352321.53599999944,6.66,25165.824000000084,1.0,-0.21881771294290076,2.84,0.0,0.818997,-0.90789723,-0.15297315,0.5456991076469421,0.02763082981109619,0.2541080564260483
0.3073215848583173,0.10602487123984787,0.07293585250786673,33.48,-310871.94352941215,6.4799999999999995,-22205.138823529487,1.0,0.07110812707906433,2.845,0.0,0.818997,-0.90789723,-0.15297315,0.5456991076469421,0.02763082981109619,0.2541080564260483
0.31074840066355724,0.10346231662339836,0.05814314889470135,31.32,-292248.27870967693,5.76,-97416.09290322577,1.0,-0.34089175084688605,2.85,0.0,0.818997,-0.90789723,-0.15297315,0.5456991076469421,0.02763082981109619,0.2541080564260483
0.3140133322938952,0.10736649131316445,0.058334630552555874,29.7,-226492.41600000014,4.68,-150994.94400000002,1.0,0.2847376934110386,2.855,0.0,0.818997,-0.90789723,-0.15297315,0.5456991076469421,0.02763082981109619,0.2541080564260483
0.3165282202872628,0.11501795266392145,0.04458674164883779,28.259999999999998,-208268.88827586226,2.88,-260336.11034482755,1.0,-0.14252143925290994,2.86,0.0,0.56082606,-1.2387718,-0.94112754,0.46824781894683837,0.0,0.017661738395690917
0.3194249952801675,0.1197713877257229,0.04515940443655426,26.82,-35.0043916913946,1.44,-35.00439169139466,1.0,0.14740440076905514,2.865,0.0,0.56082606,-1.2387718,-0.94112754,0.46824781894683837,0.0,0.017661738395690917
0.32296615100331644,0.1139130644517154,0.037040311754886056,25.38,-38716.65230769234,1.98,14518.744615384616,1.0,-0.3714102603228824,2.87,0.0,0.56082606,-1.2387718,-0.94112754,0.46824781894683837,0.0,0.017661738395690917
0.3251592066827116,0.11442182949926256,0.029890219844946744,24.48,-92070.0878048779,2.16,18414.017560975626,1.0,0.23895992919704412,2.875,0.0,0.56082606,-1.2387718,-0.94112754,0.46824781894683837,0.0,0.017661738395690917
0.32728828169851243,0.11827354339402776,0.04287996510658658,23.759999999999998,-53926.765714285895,1.7999999999999998,-26963.382857142882,1.0,-0.5087435529648658,2.88,0.0,0.86767244,-1.3623506,-1.10342,0.5603017330169677,0.0,0.0
0.33390399005392274,0.10334243181486179,0.039167534188427264,23.22,-66615.41647058813,1.6199999999999999,-22205.138823529403,1.0,-0.020447401348924643,2.8850000000000002,0.0,0.86767244,-1.3623506,-1.10342,0.5603017330169677,0.0,0.0
0.3430039572752401,0.10200775229196377,0.03988969251058214,23.4,20971.519999999968,1.6199999999999999,0.0,1.0,-0.31037324137088973,2.89,0.0,0.86767244,-1.3623506,-1.10342,0.5603017330169677,0.0,0.0
0.349373141876572,0.10415542262173651,0.05699689922096337,23.58,21570.706285714252,1.6199999999999999,0.0,1.0,-0.035706656086922806,2.895,0.0,0.86767244,-1.3623506,-1.10342,0.5603017330169677,0.0,0.0
0.3560498536575098,0.10110824966449762,0.05197179644522443,24.119999999999997,68634.06545454534,1.6199999999999999,0.0,1.0,-0.17303994872890627,2.9,0.0,1.0622185,-1.5871178,-1.0915891,0.6,0.0,0.0
0.36247777827543776,0.10248971615511339,0.05441519354105392,25.2,24.348394295942377,1.6199999999999999,0.0,1.0,0.14740440076905514,2.9050000000000002,0.0,1.0622185,-1.5871178,-1.0915891,0.6,0.0,0.0
0.36590040168248594,0.09426906498060694,0.07303352001053325,26.459999999999997,80073.07636363624,1.6199999999999999,0.0,1.0,-0.18829920346690443,2.91,0.0,1.0622185,-1.5871178,-1.0915891,0.6,0.0,0.0
0.37135659000473215,0.09784696424424329,0.08924851795681098,27.9,177641.11058823546,1.6199999999999999,0.0,1.0,-0.05096591082492097,2.915,0.0,1.0622185,-1.5871178,-1.0915891,0.6,0.0,0.0
0.3827667405542979,0.07784956338342493,0.08888053964011511,29.88,259522.56000000006,1.6199999999999999,0.0,1.0,0.010071108127071682,2.92,0.0,1.356159,-1.92867,-0.23388225,0.6,0.0,0.22983532547950744
0.3925557814259522,0.08383044805603884,0.11529018776035291,31.86,286369.7213793104,1.6199999999999999,0.0,1.0,-0.005188146610926481,2.9250000000000003,0.0,1.356159,-1.92867,-0.23388225,0.6,0.0,0.22983532547950744
0.40045744460837907,0.09306641443768501,0.12862744150328081,34.199999999999996,94371.83999999985,1.6199999999999999,0.0,1.0,-0.26459547715689524,2.93,0.0,1.356159,-1.92867,-0.23388225,0.6,0.0,0.22983532547950744
0.4082885790816275,0.08077254219604785,0.13443256628679867,36.9,323560.5942857146,1.6199999999999999,0.0,1.0,0.2847376934110386,2.935,0.0,1.356159,-1.92867,-0.23388225,0.6,0.0,0.22983532547950744
0.41327899100526777,0.08327742844592204,0.13649074540382972,39.6,353894.4000000004,1.6199999999999999,0.0,1.0,-0.4019287697988787,2.94,0.0,1.2034837,-1.5261208,-0.4389855,0.6,0.0,0.16830435097217558
0.41684542944734704,0.07206272559244375,0.13835254554724805,42.48,215707.0628571425,1.7999999999999998,13481.691428571425,1.0,0.1626636555070533,2.945,0.0,1.2034837,-1.5261208,-0.4389855,0.6,0.0,0.16830435097217558
0.4219797243264627,0.06013992778616091,0.1386338941563132,45.54,74.80399496433073,1.7999999999999998,0.0,1.0,-0.1577806939909081,2.95,0.0,1.2034837,-1.5261208,-0.4389855,0.6,0.0,0.16830435097217558
0.4267623332056735,0.05581352083134054,0.1381817356648629,48.78,247082.6356363638,1.7999999999999998,0.0,1.0,0.025330362865069844,2.955,0.0,1.2034837,-1.5261208,-0.4389855,0.6,0.0,0.16830435097217558
0.4301115975078901,0.050308412603524484,0.13805062197180004,51.839999999999996,366702.00685714226,1.7999999999999998,0.0,1.0,-0.3561510055848842,2.96,0.0,1.3957402,-1.799874,0.42392114,0.6,0.0,0.4271763414144516
0.4352054809216537,0.03938899339977253,0.13692593892044613,55.26,349866.3336585368,1.7999999999999998,0.0,1.0,-0.08148442030091729,2.965,0.0,1.3957402,-1.799874,0.42392114,0.6,0.0,0.4271763414144516
0.44054952189089774,0.02869535743439445,0.13217176012621198,58.5,452984.8320000003,1.7999999999999998,0.0,1.0,-0.18829920346690443,2.97,0.0,1.3957402,-1.799874,0.42392114,0.6,0.0,0.4271763414144516
0.444988257825602,0.025187261383157154,0.12382280274679351,61.919999999999995,448266.2399999993,1.7999999999999998,0.0,1.0,0.05584887234106617,2.975,0.0,1.3957402,-1.799874,0.42392114,0.6,0.0,0.4271763414144516
0.4499148169616025,0.031540294997853345,0.11314661196195855,65.16,411804.392727273,1.98,22878.021818181838,1.0,-0.24933622241889708,2.98,0.0,1.0495213,-1.2379287,-0.050491326,0.6,0.0,0.28485260233283044
0.4548284847459426,0.023583143478789148,0.1067409379991962,68.39999999999999,438372.41806451546,1.98,0.0,1.0,0.07110812707906433,2.985,0.0,1.0495213,-1.2379287,-0.050491326,0.6,0.0,0.28485260233283044
0.4592455025646449,0.02902543437728678,0.10322477135386694,71.46,69.06990765256705,2.16,4.062935744268651,1.0,-0.06622516556291913,2.99,0.0,1.0495213,-1.2379287,-0.050491326,0.6,0.0,0.28485260233283044
0.46359403762668294,0.0221697749504674,0.1005940093942815,74.52,197454.92676923092,2.34,11614.995692307673,1.0,0.025330362865069844,2.995,0.0,1.0495213,-1.2379287,-0.050491326,0.6,0.0,0.28485260233283044
0.46927620425416194,0.006100816399453747,0.0987655005721941,77.39999999999999,335544.3199999995,2.6999999999999997,41943.039999999986,1.0,-0.12726218451491178,3.0,0.0,0.9066576,-1.4251153,0.7874812,0.5719972729682922,0.0,0.5362443566322327
0.47344115874166876,0.006733401050993479,0.09949510856544731,80.1,353894.4000000004,3.42,94371.84000000003,1.0,0.025330362865069844,3.005,0.0,0.9066576,-1.4251153,0.7874812,0.5719972729682922,0.0,0.5362443566322327
0.4773740913989023,-0.0030175475123459922,0.0989991006269639,82.44,327155.71200000047,4.32,125829.12000000005,1.0,0.010071108127071682,3.0100000000000002,0.0,0.9066576,-1.4251153,0.7874812,0.5719972729682922,0.0,0.5362443566322327
0.4816436967970802,0.0026540408173244792,0.0996221748427875,84.6,283115.51999999955,5.58,165150.71999999997,1.0,0.07110812707906433,3.015,0.0,0.9066576,-1.4251153,0.7874812,0.5719972729682922,0.0,0.5362443566322327
0.48445743932788493,-0.001447609819320398,0.10363233002767848,86.39999999999999,228780.21818181782,7.38,228780.21818181817,1.0,-0.05096591082492097,3.02,0.0,0.6595795,-1.0079892,0.084892966,0.49787385463714595,0.0,0.32546788975596425
0.4872186430957244,0.00016251273117852275,0.10718966841039536,87.66,165150.72000000067,9.9,330301.44000000006,1.0,-0.12726218451491178,3.025,0.0,0.6595795,-1.0079892,0.084892966,0.49787385463714595,0.0,0.32546788975596425
0.4903427874512088,-0.007097306008249925,0.10994230191435825,88.38,97416.09290322565,12.959999999999999,414018.3948387095,1.0,-0.2035584582049026,3.0300000000000002,0.0,0.6595795,-1.0079892,0.084892966,0.49787385463714595,0.0,0.32546788975596425
0.4929163462209282,-0.0006835460055055537,0.12211639827990764,88.56,4.35779390119326,16.74,91.51367192505496,1.0,0.0863673818170625,3.035,0.0,0.6595795,-1.0079892,0.084892966,0.49787385463714595,0.0,0.32546788975596425
0.4955664827224227,0.010528743368136247,0.14088473909327248,88.38,-8987.794285714626,20.88,206719.2685714286,1.0,-0.12726218451491178,3.04,0.0,-0.4596314,-0.09206763,1.4405506,0.16211057603359222,0.27237971127033234,0.6
0.49742654676735765,8.783081272096405e-05,0.15749093978647233,88.02,-9263.4934969325,25.2,111161.9219631902,1.0,0.10162663655506066,3.045,0.0,-0.4596314,-0.09206763,1.4405506,0.16211057603359222,0.27237971127033234,0.6
0.49873692790761226,-0.005880151233910647,0.17361129408874543,87.47999999999999,-64712.11885714361,29.16,474555.5382857144,1.0,-0.23407696768089892,3.0500000000000003,0.0,-0.4596314,-0.09206763,1.4405506,0.16211057603359222,0.27237971127033234,0.6
0.49933816991823965,-0.007990852941761575,0.18997116022929972,86.94,-68634.06545454444,32.58,434682.4145454543,1.0,0.010071108127071682,3.055,0.0,-0.4596314,-0.09206763,1.4405506,0.16211057603359222,0.27237971127033234,0.6
0.4993869997667832,-0.002941817117788691,0.20118566260021636,86.58,-45756.04363636357,34.92,297414.2836363641,1.0,-0.31037324137088973,3.06,0.0,0.031329256,-0.7480662,-0.20189682,0.30939877666532994,0.07558014392852783,0.23943095505237577
0.49958910519345057,-0.0012188678701040348,0.21218293917922626,86.39999999999999,-22205.138823530255,36.0,133230.83294117625,1.0,0.025330362865069844,3.065,0.0,0.031329256,-0.7480662,-0.20189682,0.30939877666532994,0.07558014392852783,0.23943095505237577
0.4993049718945396,-0.00772226819971731,0.22773089748438766,86.58,23592.960000000894,35.82,-23592.959999999963,1.0,-0.23407696768089892,3.0700000000000003,0.0,0.031329256,-0.7480662,-0.20189682,0.30939877666532994,0.07558014392852783,0.23943095505237577
0.4991619147785038,-0.004597075153798321,0.24047449106172694,86.75999999999999,4.150881170862417,34.56,-29.056168196038065,1.0,0.23895992919704412,3.075,0.0,0.031329256,-0.7480662,-0.20189682,0.30939877666532994,0.07558014392852783,0.23943095505237577
0.49890993327613214,-0.006349672557152838,0.24981699004282942,86.94,9320.675555555908,32.76,-93206.75555555578,1.0,-0.2798547318948934,3.08,0.0,0.26466405,-0.9216665,-1.0263472,0.3793992161750793,0.023500049114227293,0.0
0.49822389592983224,-0.018323041534607034,0.2650549075635836,86.94,0.0,30.599999999999998,-220968.21073170734,1.0,0.04058961760306801,3.085,0.0,0.26466405,-0.9216665,-1.0263472,0.3793992161750793,0.023500049114227293,0.0
0.49793510453979134,-0.006762166487594205,0.2795873397368301,86.94,0.0,28.08,-293601.27999999997,1.0,-0.3256324961088879,3.09,0.0,0.26466405,-0.9216665,-1.0263472,0.3793992161750793,0.023500049114227293,0.0
0.49799825481301846,-0.0073588999963978075,0.29032935948910255,86.94,0.0,25.2,-98208.09365853656,1.0,-0.09674367503891546,3.095,0.0,0.26466405,-0.9216665,-1.0263472,0.3793992161750793,0.023500049114227293,0.0
0.49692390465834213,-0.013388295409854149,0.29930113722781543,86.75999999999999,-19867.75578947444,21.96,-357619.60421052616,1.0,0.1626636555070533,3.1,0.0,0.5324558,-0.88234186,-1.189016,0.4597367405891418,0.03529744148254394,0.0
0.4971989525364137,-0.006522756137423527,0.3035328974324472,86.39999999999999,-25165.82399999996,18.72,-226492.41600000014,1.0,-0.005188146610926481,3.105,0.0,0.5324558,-0.88234186,-1.189016,0.4597367405891418,0.03529744148254394,0.0
0.4950902429345652,0.002316325129761713,0.3078171766014677,86.22,-23592.95999999903,15.12,-471859.19999999995,1.0,-0.18829920346690443,3.11,0.0,0.5324558,-0.88234186,-1.189016,0.4597367405891418,0.03529744148254394,0.0
0.4948781751919609,-0.003167915949480192,0.31532841865052547,85.67999999999999,-75497.47200000087,11.52,-503316.4799999999,1.0,0.14740440076905514,3.115,0.0,0.5324558,-0.88234186,-1.189016,0.4597367405891418,0.03529744148254394,0.0
0.4938349057159775,0.00694466044646313,0.3263688338998951,85.14,-12.84910257501215,7.92,-85.66068383341559,1.0,-0.14252143925290994,3.12,0.0,0.23086852,-0.8008746,-1.2054087,0.36926055550575254,0.05973762273788452,0.0
0.49209422487855314,0.014745072518344664,0.33557564020048025,84.42,-45073.11761194023,4.32,-225365.58805970146,1.0,-0.035706656086922806,3.125,0.0,0.23086852,-0.8008746,-1.2054087,0.36926055550575254,0.05973762273788452,0.0
0.4918787416916412,0.023896408999626667,0.3402099340609818,83.7,-81618.88864864851,1.44,-326475.55459459464,1.0,-0.4477065340128732,3.13,0.0,0.23086852,-0.8008746,-1.2054087,0.36926055550575254,0.05973762273788452,0.0
0.49187118775210176,0.038130655936096124,0.341897198916518,81.0,-343170.3272727276,2.52,137268.13090909092,1.0,0.11688589129305882,3.1350000000000002,0.0,0.23086852,-0.8008746,-1.2054087,0.36926055550575254,0.05973762273788452,0.0
0.4850276002083067,0.057758124840045034,0.3433519365756044,78.66,-316602.30193548434,3.96,194832.1858064516,1.0,-0.43244727927487503,3.14,0.0,0.6213844,-0.54807436,-1.1468835,0.48641531467437743,0.13557769060134886,0.0
0.4751024852763252,0.06023658080835802,0.34295452657337555,76.5,-274536.2618181814,4.859999999999999,114390.10909090903,1.0,-0.020447401348924643,3.145,0.0,0.6213844,-0.54807436,-1.1468835,0.48641531467437743,0.13557769060134886,0.0
0.46565419238609845,0.05699489383758802,0.34232343594750725,74.34,-274536.2618181814,5.3999999999999995,68634.06545454546,1.0,0.07110812707906433,3.15,0.0,0.6213844,-0.54807436,-1.1468835,0.48641531467437743,0.13557769060134886,0.0
0.4542695506449097,0.05508907445870264,0.34275583176826835,72.36,-73493.11433628334,5.3999999999999995,0.0,1.0,0.0863673818170625,3.1550000000000002,0.0,0.6213844,-0.54807436,-1.1468835,0.48641531467437743,0.13557769060134886,0.0
0.44339143797444286,0.05135394735433424,0.3411436952483102,70.56,-41.83427089567119,4.859999999999999,-12.550281268701378,1.0,-0.31037324137088973,3.16,0.0,0.08679437,0.028606132,-0.7377379,0.3260383106768131,0.30858183950185775,0.07867863178253173
0.43561140557376715,0.04761188514647781,0.33874760583438496,68.75999999999999,-106334.46760563448,4.14,-42533.787042253505,1.0,0.04058961760306801,3.165,0.0,0.08679437,0.028606132,-0.7377379,0.3260383106768131,0.30858183950185775,0.07867863178253173
0.4319781228605297,0.06715570021011162,0.331316871660317,66.96,-204047.2216216213,2.88,-142833.0551351351,1.0,-0.035706656086922806,3.17,0.0,0.08679437,0.028606132,-0.7377379,0.3260383106768131,0.30858183950185775,0.07867863178253173
0.4301424442075638,0.05756744398294298,0.3179312840890755,65.52,-172565.65028571401,1.7999999999999998,-129424.23771428573,1.0,0.025330362865069844,3.1750000000000003,0.0,0.08679437,0.028606132,-0.7377379,0.3260383106768131,0.30858183950185775,0.07867863178253173
0.42959200135429054,0.0576230037360054,0.2981338090377389,63.36,-312403.3324137926,1.7999999999999998,0.0,1.0,0.010071108127071682,3.18,0.0,0.6976998,-0.19227433,-0.60072076,0.5093099355697631,0.24231770038604736,0.11978377103805542
0.4285525999507117,0.047705914977523495,0.2771426870171672,61.559999999999995,-260336.1103448282,2.16,52067.222068965566,1.0,-0.3714102603228824,3.185,0.0,0.6976998,-0.19227433,-0.60072076,0.5093099355697631,0.24231770038604736,0.11978377103805542
0.4276362444018679,0.06405472267956465,0.2535535996401406,59.76,-243540.23225806412,2.16,0.0,1.0,0.04058961760306801,3.19,0.0,0.6976998,-0.19227433,-0.60072076,0.5093099355697631,0.24231770038604736,0.11978377103805542
0.42643155419563583,0.05158640650906107,0.2312359078537162,58.14,-219186.20903225773,1.98,-24354.02322580647,1.0,-0.11200292977691362,3.1950000000000003,0.0,0.6976998,-0.19227433,-0.60072076,0.5093099355697631,0.24231770038604736,0.11978377103805542
0.4230076169461518,0.046174700811848476,0.20930140362515945,56.699999999999996,-194832.18580645227,1.7999999999999998,-24354.02322580647,1.0,-0.2798547318948934,3.2,0.0,0.34805077,-0.5776788,-1.5994058,0.4044152319431305,0.12669636011123656,0.0
0.41799096242336437,0.059421242235560806,0.18866934354322554,55.26,-32.47203096774189,1.7999999999999998,0.0,1.0,-0.09674367503891546,3.205,0.0,0.34805077,-0.5776788,-1.5994058,0.4044152319431305,0.12669636011123656,0.0
0.4135821602561349,0.060970896420788276,0.16917285972276547,53.82,-71056.44423529401,1.7999999999999998,0.0,1.0,-0.2798547318948934,3.21,0.0,0.34805077,-0.5776788,-1.5994058,0.4044152319431305,0.12669636011123656,0.0
0.4111043727827583,0.07752109531021033,0.15127771779389254,52.739999999999995,-122428.33297297359,1.7999999999999998,0.0,1.0,-0.035706656086922806,3.215,0.0,0.34805077,-0.5776788,-1.5994058,0.4044152319431305,0.12669636011123656,0.0
0.41139093674659005,0.06614707934034897,0.13507547195048825,51.66,-26646.166588235254,1.7999999999999998,0.0,1.0,-0.2798547318948934,3.22,0.0,0.3723351,-0.7697824,-1.5171351,0.4117005318403244,0.06906527280807495,0.0
0.4118537982368084,0.08544774008974153,0.12071509354111697,50.94,-94371.83999999985,1.7999999999999998,0.0,1.0,0.10162663655506066,3.225,0.0,0.3723351,-0.7697824,-1.5171351,0.4117005318403244,0.06906527280807495,0.0
0.41239611795698083,0.09768415755503697,0.107135886894033,50.22,-91512.08727272713,1.7999999999999998,0.0,1.0,-0.5545213171788603,3.23,0.0,0.3723351,-0.7697824,-1.5171351,0.4117005318403244,0.06906527280807495,0.0
0.41135873490858027,0.11244949001083025,0.09702956970556871,49.68,-66615.41647058813,1.7999999999999998,0.0,1.0,-0.08148442030091729,3.235,0.0,0.3723351,-0.7697824,-1.5171351,0.4117005318403244,0.06906527280807495,0.0
0.40940901812185687,0.13582425508939716,0.089689945371751,49.32,-50331.64799999992,1.7999999999999998,0.0,1.0,-0.524002807702864,3.24,0.0,0.09569074,-1.0075566,-1.5040861,0.3287072226405144,0.0,0.0
0.4079037098058038,0.15126980086346065,0.08483173737642558,49.14,-25165.82399999996,1.7999999999999998,0.0,1.0,0.22370067445904596,3.245,0.0,0.09569074,-1.0075566,-1.5040861,0.3287072226405144,0.0,0.0
0.4076194409635613,0.16269357151993397,0.08279976452637684,49.14,0.0,1.7999999999999998,0.0,1.0,-0.21881771294290076,3.25,0.0,0.09569074,-1.0075566,-1.5040861,0.3287072226405144,0.0,0.0
0.4075341119711932,0.15891738914281703,0.08195742387592371,49.32,5510.764379562035,1.7999999999999998,0.0,1.0,-0.06622516556291913,3.255,0.0,0.09569074,-1.0075566,-1.5040861,0.3287072226405144,0.0,0.0
0.40670178996024864,0.1780313227091069,0.08231830295019382,49.68,40809.44432432426,1.7999999999999998,0.0,1.0,-0.24933622241889708,3.2600000000000002,0.0,-0.14663066,-0.6511934,-1.3964549,0.25601080209016797,0.10464198589324951,0.0
0.40732044428115194,0.19210852947677795,0.08221220763303833,50.04,47185.919999999925,1.7999999999999998,0.0,1.0,0.19318216498304963,3.265,0.0,-0.14663066,-0.6511934,-1.3964549,0.25601080209016797,0.10464198589324951,0.0
0.4070319745166663,0.19385188844741738,0.08268826984959327,50.58,75497.47199999988,1.7999999999999998,0.0,1.0,-0.3256324961088879,3.27,0.0,-0.14663066,-0.6511934,-1.3964549,0.25601080209016797,0.10464198589324951,0.0
0.4065527635117677,0.19717844353869562,0.08296192720783276,51.12,68634.06545454534,1.7999999999999998,0.0,1.0,0.1626636555070533,3.275,0.0,-0.14663066,-0.6511934,-1.3964549,0.25601080209016797,0.10464198589324951,0.0
0.40654477894623053,0.19870487750280044,0.08132249219345578,51.66,41943.039999999935,1.7999999999999998,0.0,1.0,-0.09674367503891546,3.2800000000000002,0.0,0.037493944,-0.0054339394,-0.54048735,0.31124818325042725,0.2983698181807995,0.13785379528999328
0.40541689677662024,0.19654257895756616,0.08017863559723454,52.379999999999995,88820.55529411751,1.7999999999999998,0.0,1.0,-0.12726218451491178,3.285,0.0,0.037493944,-0.0054339394,-0.54048735,0.31124818325042725,0.2983698181807995,0.13785379528999328
0.4047360715571974,0.2038024213602106,0.07529804590244403,53.1,16.573727457329593,1.7999999999999998,0.0,1.0,-0.17303994872890627,3.29,0.0,0.037493944,-0.0054339394,-0.54048735,0.31124818325042725,0.2983698181807995,0.13785379528999328
0.4039218444325527,0.19599064377421976,0.0673137748794433,53.82,33185.70197802193,1.7999999999999998,0.0,1.0,-0.05096591082492097,3.295,0.0,0.037493944,-0.0054339394,-0.54048735,0.31124818325042725,0.2983698181807995,0.13785379528999328
0.40300545390530573,0.19123233742614354,0.06376829533665596,54.54,81618.88864864851,1.7999999999999998,0.0,1.0,-0.21881771294290076,3.3000000000000003,0.0,0.41503608,0.5477614,0.3784919,0.42451082468032836,0.46432841420173643,0.4135475724935532
0.40239220625461325,0.19643885469103856,0.056852228402175284,55.44,130168.05517241359,1.7999999999999998,0.0,1.0,-0.005188146610926481,3.305,0.0,0.41503608,0.5477614,0.3784919,0.42451082468032836,0.46432841420173643,0.4135475724935532
0.4013817864784828,0.19363332690928242,0.047650132095286485,56.16,20543.529795918334,1.7999999999999998,0.0,1.0,-0.4782250434888695,3.31,0.0,0.41503608,0.5477614,0.3784919,0.42451082468032836,0.46432841420173643,0.4135475724935532
0.4001140554148276,0.18906654645688342,0.0357840091603286,56.879999999999995,86282.82514285701,1.7999999999999998,0.0,1.0,0.22370067445904596,3.315,0.0,0.41503608,0.5477614,0.3784919,0.42451082468032836,0.46432841420173643,0.4135475724935532
0.39935672705719677,0.19024429713439414,0.029897476274304165,57.599999999999994,94371.83999999985,1.7999999999999998,0.0,1.0,-0.4477065340128732,3.3200000000000003,0.0,-0.024737455,0.9022273,1.3447396,0.29257876351475715,0.5706681847572327,0.6
0.39842702315604284,0.19837026182661976,0.03051771426416099,58.32,97416.09290322661,1.98,24354.02322580647,1.0,-0.09674367503891546,3.325,0.0,-0.024737455,0.9022273,1.3447396,0.29257876351475715,0.5706681847572327,0.6
0.3967326025277289,0.19237711553001266,0.026040300341060637,58.86,73062.06967741923,1.98,0.0,1.0,-0.26459547715689524,3.33,0.0,-0.024737455,0.9022273,1.3447396,0.29257876351475715,0.5706681847572327,0.6
0.39581039060844864,0.1861908044392308,0.013641368409924332,59.4,12.85960789657461,2.16,4.286535965524881,1.0,0.010071108127071682,3.335,0.0,-0.024737455,0.9022273,1.3447396,0.29257876351475715,0.5706681847572327,0.6
0.39505694899116167,0.16864473381601008,0.009649767144324183,59.94,33307.70823529406,2.16,0.0,1.0,-0.2798547318948934,3.34,0.0,-0.1938225,0.5921862,1.2732155,0.24185324907302855,0.47765586376190183,0.6
0.39088309252581627,0.15881535811995523,0.0006272699768507795,60.3,41943.039999999935,2.34,20971.519999999968,1.0,-0.005188146610926481,3.345,0.0,-0.1938225,0.5921862,1.2732155,0.24185324907302855,0.47765586376190183,0.6
0.384593369021625,0.15717461760936743,0.007710822458134055,60.66,47185.919999999925,2.6999999999999997,47185.919999999984,1.0,-0.29511398663289157,3.35,0.0,-0.1938225,0.5921862,1.2732155,0.24185324907302855,0.47765586376190183,0.6
0.3792131311277742,0.15152757993140276,0.011743610725763671,60.839999999999996,26033.611034482718,3.2399999999999998,78100.83310344828,1.0,0.19318216498304963,3.355,0.0,-0.1938225,0.5921862,1.2732155,0.24185324907302855,0.47765586376190183,0.6
0.3728670750446725,0.14861643325342366,0.01606534753201539,60.839999999999996,0.0,3.78,70778.88,1.0,-0.4477065340128732,3.36,0.0,0.034486234,-0.27359954,0.35866237,0.31034587025642396,0.21792013943195343,0.4075987100601196
0.36638266204360775,0.1495521201834875,0.002994176705587338,60.839999999999996,0.0,4.5,75497.47200000002,1.0,0.10162663655506066,3.365,0.0,0.034486234,-0.27359954,0.35866237,0.31034587025642396,0.21792013943195343,0.4075987100601196
0.3609649759109662,0.15114600485026655,0.01961973227571164,60.66,-8987.794285714272,5.3999999999999995,44938.9714285714,1.0,-0.31037324137088973,3.37,0.0,0.034486234,-0.27359954,0.35866237,0.31034587025642396,0.21792013943195343,0.4075987100601196
0.3579159619598136,0.17296197638499025,0.03995917711106382,60.48,-4.175791325125271,6.3,20.878956625626397,1.0,-0.14252143925290994,3.375,0.0,0.034486234,-0.27359954,0.35866237,0.31034587025642396,0.21792013943195343,0.4075987100601196
0.3573130281199521,0.18421468864746293,0.057324230186760736,60.12,-27962.02666666662,7.38,83886.08,1.0,-0.2798547318948934,3.38,0.0,0.13763475,-0.85408306,-0.107315965,0.34129042625427247,0.043775081634521484,0.26780521050095557
0.35682457427460845,0.20267159709287286,0.07990322566628669,59.58,-73062.06967741923,8.459999999999999,146124.1393548386,1.0,0.10162663655506066,3.3850000000000002,0.0,0.13763475,-0.85408306,-0.107315965,0.34129042625427247,0.043775081634521484,0.26780521050095557
0.35671850822795714,0.22259203311730183,0.10606794114194185,59.04,-23349.733608247385,9.719999999999999,54482.711752577314,1.0,-0.2035584582049026,3.39,0.0,0.13763475,-0.85408306,-0.107315965,0.34129042625427247,0.043775081634521484,0.26780521050095557
0.35669592138731615,0.23002650731969104,0.1264517035583438,58.32,-91512.08727272713,10.98,160146.1527272729,1.0,-0.08148442030091729,3.395,0.0,0.13763475,-0.85408306,-0.107315965,0.34129042625427247,0.043775081634521484,0.26780521050095557
0.3572392897632807,0.24717964423200683,0.14016865969262765,57.419999999999995,-117964.80000000075,12.24,165150.71999999997,1.0,-0.29511398663289157,3.4,0.0,-0.16547842,-0.9442949,0.95501256,0.2503564730286598,0.01671152114868164,0.5865037679672241
0.35725404346852246,0.2672434093555055,0.15792776574721118,56.519999999999996,-114390.10909090891,13.68,183024.17454545447,1.0,-0.2035584582049026,3.4050000000000002,0.0,-0.16547842,-0.9442949,0.95501256,0.2503564730286598,0.01671152114868164,0.5865037679672241
0.354379748090007,0.29280459230069344,0.17330994027527852,55.44,-150994.94399999976,15.299999999999999,226492.41599999988,1.0,-0.23407696768089892,3.41,0.0,-0.16547842,-0.9442949,0.95501256,0.2503564730286598,0.01671152114868164,0.5865037679672241
0.3491732850072719,0.3038649706426626,0.18749571557079986,54.18,-165150.71999999974,16.74,188743.67999999993,1.0,-0.035706656086922806,3.415,0.0,-0.16547842,-0.9442949,0.95501256,0.2503564730286598,0.01671152114868164,0.5865037679672241
0.34500832108542895,0.3165122637931452,0.20484373158906485,52.919999999999995,-30.508607583244938,18.18,34.86698009513697,1.0,-0.2798547318948934,3.42,0.0,0.20667173,-1.0447485,-0.03261569,0.3620015189051628,0.0,0.2902152925729751
0.33870905926955847,0.32834950208286595,0.22054833689042333,51.48,-81618.88864864851,19.439999999999998,71416.52756756745,1.0,-0.14252143925290994,3.4250000000000003,0.0,0.20667173,-1.0447485,-0.03261569,0.3620015189051628,0.0,0.2902152925729751
0.332586363175622,0.33807941086422605,0.23383491038203413,50.22,-142833.0551351349,20.34,102023.61081081105,1.0,-0.24933622241889708,3.43,0.0,0.20667173,-1.0447485,-0.03261569,0.3620015189051628,0.0,0.2902152925729751
0.3282189192263885,0.3391036906327193,0.2482705386845651,48.96,-165150.71999999974,20.88,70778.87999999989,1.0,-0.17303994872890627,3.435,0.0,0.20667173,-1.0447485,-0.03261569,0.3620015189051628,0.0,0.2902152925729751
0.32458016562949354,0.3462945218047712,0.2608568509261953,47.699999999999996,-176160.7680000007,20.7,-25165.82399999996,1.0,-0.34089175084688605,3.44,0.0,0.2516515,-1.0318687,0.5668441,0.37549544870853424,0.0,0.470053231716156
0.320914817526715,0.34603646763812435,0.2700863559980774,46.8,-121770.11612903206,19.98,-97416.09290322565,1.0,0.19318216498304963,3.4450000000000003,0.0,0.2516515,-1.0318687,0.5668441,0.37549544870853424,0.0,0.470053231716156
0.31842927788733894,0.3301376553210934,0.277309680411412,45.9,-117964.79999999981,18.72,-165150.7200000002,1.0,-0.26459547715689524,3.45,0.0,0.2516515,-1.0318687,0.5668441,0.37549544870853424,0.0,0.470053231716156
0.31711206996331975,0.333776994909364,0.28141305003296235,45.36,-16777.215999999975,16.919999999999998,-55924.05333333336,1.0,0.025330362865069844,3.455,0.0,0.2516515,-1.0318687,0.5668441,0.37549544870853424,0.0,0.470053231716156
0.31711537937297457,0.3274436976709282,0.28354748557221765,44.82,-12.162233844898115,14.76,-48.6489353795925,1.0,-0.11200292977691362,3.46,0.0,0.42585564,-1.1614404,-0.3510345,0.4277566909790039,0.0,0.19468965232372284
0.3170780844542072,0.3230706159055918,0.2853384767899027,44.46,-10202.361081081064,12.24,-71416.52756756755,1.0,-0.11200292977691362,3.465,0.0,0.42585564,-1.1614404,-0.3510345,0.4277566909790039,0.0,0.19468965232372284
0.3170115463537772,0.3223488577990144,0.28628269497576514,44.1,-40809.44432432426,9.54,-306070.83243243257,1.0,-0.1577806939909081,3.47,0.0,0.42585564,-1.1614404,-0.3510345,0.4277566909790039,0.0,0.19468965232372284
0.315875594995791,0.3199965468253638,0.2871174406531664,43.92,-24354.023225806413,6.4799999999999995,-414018.3948387096,1.0,0.1626636555070533,3.475,0.0,0.42585564,-1.1614404,-0.3510345,0.4277566909790039,0.0,0.19468965232372284
0.3142332871144256,0.31226967479641604,0.29226079672437877,43.739999999999995,-25165.824000000954,3.42,-427819.008,1.0,-0.05096591082492097,3.48,0.0,0.4779817,-1.4565539,-0.85470754,0.4433945059776306,0.0,0.043587738275527955
0.3133520732406536,0.29669555688359156,0.30372290162864546,43.019999999999996,-88820.55529411751,1.44,-244256.52705882353,1.0,-0.11200292977691362,3.485,0.0,0.4779817,-1.4565539,-0.85470754,0.4433945059776306,0.0,0.043587738275527955
0.31379244030900705,0.282508939031398,0.31522136488535707,41.94,-141557.75999999978,2.16,94371.84000000003,1.0,-0.1577806939909081,3.49,0.0,0.4779817,-1.4565539,-0.85470754,0.4433945059776306,0.0,0.043587738275527955
0.3148411731810655,0.2663330702258749,0.3224337257434028,40.86,-137268.1309090907,3.06,114390.10909090909,1.0,0.2847376934110386,3.495,0.0,0.4779817,-1.4565539,-0.85470754,0.4433945059776306,0.0,0.043587738275527955
0.31612172138467787,0.2533641156081654,0.32606962109845,39.6,-170478.1625806449,3.42,48708.046451612885,1.0,-0.26459547715689524,3.5,0.0,-0.26737964,-1.1380445,-0.9376899,0.21978610754013062,0.0,0.01869302988052368
0.3185236882057797,0.24393625048331039,0.32809574443430706,39.059999999999995,-13.176283988970098,2.88,-13.176283988969947,1.0,0.1626636555070533,3.505,0.0,-0.26737964,-1.1380445,-0.9376899,0.21978610754013062,0.0,0.01869302988052368
0.31933655133633493,0.22291021872691152,0.33165411859935107,38.699999999999996,-27962.02666666662,1.7999999999999998,-83886.08,1.0,-0.12726218451491178,3.5100000000000002,0.0,-0.26737964,-1.1380445,-0.9376899,0.21978610754013062,0.0,0.01869302988052368
0.32033809258361384,0.2010687416279098,0.3385297032713567,37.8,-121770.11612903206,1.7999999999999998,0.0,1.0,0.22370067445904596,3.515,0.0,-0.26737964,-1.1380445,-0.9376899,0.21978610754013062,0.0,0.01869302988052368
0.3221580106958994,0.18752749069544686,0.34490506843013635,37.44,-27453.626181818137,1.7999999999999998,0.0,1.0,-0.23407696768089892,3.52,0.0,0.2728352,-0.34627038,-1.1173333,0.3818505585193634,0.19611888527870178,0.0
0.32343348271955524,0.16644300688819177,0.34752820069650925,37.08,-50331.64799999992,1.6199999999999999,-25165.82399999999,1.0,-0.11200292977691362,3.525,0.0,0.2728352,-0.34627038,-1.1173333,0.3818505585193634,0.19611888527870178,0.0
0.32461488565310026,0.15367963078949737,0.34770297637934133,36.72,-52067.222068965435,1.7999999999999998,26033.61103448275,1.0,-0.26459547715689524,3.5300000000000002,0.0,0.2728352,-0.34627038,-1.1173333,0.3818505585193634,0.19611888527870178,0.0
0.3263652526705115,0.13180212589353008,0.348461909522451,36.72,0.0,1.6199999999999999,-25165.82399999999,1.0,0.05584887234106617,3.535,0.0,0.2728352,-0.34627038,-1.1173333,0.3818505585193634,0.19611888527870178,0.0
0.3275530399708558,0.11455064097803988,0.34812438497210113,36.72,0.0,1.6199999999999999,0.0,1.0,-0.2798547318948934,3.54,0.0,0.99854946,0.17683604,-0.62420094,0.5995648384094238,0.3530508130788803,0.11273971796035766
0.32758674169907304,0.10934804349940856,0.3465250663670357,36.72,0.0,1.6199999999999999,0.0,1.0,-0.17303994872890627,3.545,0.0,0.99854946,0.17683604,-0.62420094,0.5995648384094238,0.3530508130788803,0.11273971796035766
0.32842140708745254,0.09228646465928764,0.34622143227482033,37.08,30198.988799999952,1.6199999999999999,0.0,1.0,-0.12726218451491178,3.5500000000000003,0.0,0.99854946,0.17683604,-0.62420094,0.5995648384094238,0.3530508130788803,0.11273971796035766
0.32930031940491805,0.06479166813890459,0.34557496127368664,37.26,24354.023225806413,1.7999999999999998,24354.023225806442,1.0,-0.14252143925290994,3.555,0.0,0.99854946,0.17683604,-0.62420094,0.5995648384094238,0.3530508130788803,0.11273971796035766
0.3297721694495216,0.057290684516570704,0.34294824080333414,37.8,75497.47199999988,1.7999999999999998,0.0,1.0,-0.34089175084688605,3.56,0.0,0.5703362,0.67225325,-0.12144477,0.4711008667945862,0.5016759753227233,0.26356656923890115
0.3294267283376377,0.06488211185425335,0.34230105303905806,38.16,52067.222068965435,1.7999999999999998,0.0,1.0,0.10162663655506066,3.565,0.0,0.5703362,0.67225325,-0.12144477,0.4711008667945862,0.5016759753227233,0.26356656923890115
0.3286449861274111,0.04989046731600947,0.34170490545138693,38.699999999999996,24094.937872340386,1.7999999999999998,0.0,1.0,-0.29511398663289157,3.5700000000000003,0.0,0.5703362,0.67225325,-0.12144477,0.4711008667945862,0.5016759753227233,0.26356656923890115
0.327647132913766,0.053460940777691535,0.3374202497683094,39.24,70778.88000000082,1.7999999999999998,0.0,1.0,-0.05096591082492097,3.575,0.0,0.5703362,0.67225325,-0.12144477,0.4711008667945862,0.5016759753227233,0.26356656923890115
0.3272709953805786,0.03848147171513142,0.3269534774597056,39.78,44410.277647058756,1.7999999999999998,0.0,1.0,-0.14252143925290994,3.58,0.0,0.2100265,0.5749992,0.028281331,0.36300795078277587,0.47249976396560667,0.30848439931869504
0.3258503365059558,0.030307616377603586,0.3167332713872518,40.32,68634.06545454534,1.7999999999999998,0.0,1.0,-0.035706656086922806,3.585,0.0,0.2100265,0.5749992,0.028281331,0.36300795078277587,0.47249976396560667,0.30848439931869504
0.3252562268782575,0.016704644895314688,0.30519740040751137,40.86,13.173831532170796,1.7999999999999998,0.0,1.0,-0.09674367503891546,3.59,0.0,0.2100265,0.5749992,0.028281331,0.36300795078277587,0.47249976396560667,0.30848439931869504
0.32477610950028735,0.0278884872895495,0.2907073825610404,41.58,59213.70352941167,1.7999999999999998,0.0,1.0,0.025330362865069844,3.595,0.0,0.2100265,0.5749992,0.028281331,0.36300795078277587,0.47249976396560667,0.30848439931869504
0.32500538995635203,0.04648268372114357,0.273775649293403,42.12,73062.06967741923,1.7999999999999998,0.0,1.0,-0.34089175084688605,3.6,0.0,-0.1246714,0.6340842,0.19108176,0.262598580121994,0.4902252674102783,0.3573245286941528
0.3247574767382762,0.042275631064402894,0.2574854245435159,42.66,75497.47199999988,1.7999999999999998,0.0,1.0,0.19318216498304963,3.605,0.0,-0.1246714,0.6340842,0.19108176,0.262598580121994,0.4902252674102783,0.3573245286941528
0.3240298248269528,0.05756380149745209,0.24118860116135765,43.199999999999996,78100.83310344815,1.98,26033.611034482783,1.0,-0.11200292977691362,3.61,0.0,-0.1246714,0.6340842,0.19108176,0.262598580121994,0.4902252674102783,0.3573245286941528
0.3256949334587897,0.07577843520842721,0.228206149732602,43.739999999999995,70778.87999999989,1.98,0.0,1.0,0.025330362865069844,3.615,0.0,-0.1246714,0.6340842,0.19108176,0.262598580121994,0.4902252674102783,0.3573245286941528
0.3359909400287951,0.09616661168838614,0.2181103368491189,44.28,80890.14857142951,1.7999999999999998,-26963.382857142882,1.0,-0.3561510055848842,3.62,0.0,0.16337386,0.64840376,0.005233988,0.34901215732097624,0.4945211291313171,0.30157019644975663
0.3520249969099864,0.11598091899572799,0.20915958221489275,44.82,73062.06967741923,1.7999999999999998,0.0,1.0,-0.1577806939909081,3.625,0.0,0.16337386,0.64840376,0.005233988,0.34901215732097624,0.4945211291313171,0.30157019644975663
0.36527108598646063,0.1376152500482534,0.20250767421954394,45.54,30504.029090909044,1.7999999999999998,0.0,1.0,-0.3561510055848842,3.63,0.0,0.16337386,0.64840376,0.005233988,0.34901215732097624,0.4945211291313171,0.30157019644975663
0.3779892678892283,0.1556774295655856,0.19886363562030476,46.26,16.469241189751617,1.7999999999999998,0.0,1.0,-0.09674367503891546,3.6350000000000002,0.0,0.16337386,0.64840376,0.005233988,0.34901215732097624,0.4945211291313171,0.30157019644975663
0.38837454909126856,0.16481728233416282,0.19805239432249866,47.16,39735.511578947306,1.7999999999999998,0.0,1.0,-0.18829920346690443,3.64,0.0,0.2321913,0.98557913,-0.15452787,0.3696573883295059,0.5956737399101257,0.2536416381597519
0.39432105639149007,0.18004772228186564,0.19733252534213905,48.059999999999995,92070.0878048779,1.7999999999999998,0.0,1.0,0.1626636555070533,3.645,0.0,0.2321913,0.98557913,-0.15452787,0.3696573883295059,0.5956737399101257,0.2536416381597519
0.3966960817794432,0.19585938262784755,0.19686445085400034,49.14,146124.13935483943,1.7999999999999998,0.0,1.0,-0.09674367503891546,3.65,0.0,0.2321913,0.98557913,-0.15452787,0.3696573883295059,0.5956737399101257,0.2536416381597519
0.3973130419090626,0.22110180846234692,0.19854956913127356,50.04,125829.1199999998,1.7999999999999998,0.0,1.0,0.0863673818170625,3.6550000000000002,0.0,0.2321913,0.98557913,-0.15452787,0.3696573883295059,0.5956737399101257,0.2536416381597519
0.39691950286128985,0.23589902800689533,0.19906569375731575,51.12,133230.83294117625,1.7999999999999998,0.0,1.0,-0.26459547715689524,3.66,0.0,0.047582366,1.1193678,-0.03349314,0.31427470967173576,0.6,0.2899520583450794
0.3957096499897029,0.25811730775185365,0.19905456843690053,52.019999999999996,117964.79999999981,1.98,23592.96000000002,1.0,0.05584887234106617,3.665,0.0,0.047582366,1.1193678,-0.03349314,0.31427470967173576,0.6,0.2899520583450794
0.39408319907483225,0.2655625824990162,0.20445327188192325,52.919999999999995,130168.05517241359,1.98,0.0,1.0,-0.06622516556291913,3.67,0.0,0.047582366,1.1193678,-0.03349314,0.31427470967173576,0.6,0.2899520583450794
0.3928884024768935,0.27269597394386647,0.21638405291090784,53.64,16.242739628771186,2.16,4.060684907192766,1.0,0.11688589129305882,3.6750000000000003,0.0,0.047582366,1.1193678,-0.03349314,0.31427470967173576,0.6,0.2899520583450794
0.3909083394706796,0.28540697393256453,0.2277139271977892,54.18,15303.541621621598,2.6999999999999997,15303.54162162161,1.0,-0.09674367503891546,3.68,0.0,0.27801365,1.2978046,0.6681959,0.3834040939807892,0.6,0.5004587709903717
0.38994297739833433,0.30563204028793595,0.23785463873936571,54.54,40809.44432432426,3.42,81618.88864864867,1.0,-0.005188146610926481,3.685,0.0,0.27801365,1.2978046,0.6681959,0.3834040939807892,0.6,0.5004587709903717
0.38925654010124283,0.3276885066197439,0.24849392529716663,54.54,0.0,4.5,150994.94400000002,1.0,-0.12726218451491178,3.69,0.0,0.27801365,1.2978046,0.6681959,0.3834040939807892,0.6,0.5004587709903717
0.38831271121975575,0.341133575802992,0.25662114549228915,54.54,0.0,5.76,182235.27724137928,1.0,0.1626636555070533,3.6950000000000003,0.0,0.27801365,1.2978046,0.6681959,0.3834040939807892,0.6,0.5004587709903717
0.38830557662939696,0.35196764972133554,0.26321784087192834,54.18,-45756.04363636357,6.84,137268.13090909092,1.0,-0.12726218451491178,3.7,0.0,0.451018,1.1274856,1.1439217,0.4353054016828537,0.6,0.6
0.3884997035182205,0.36127612498906325,0.26991186006035905,53.64,-75497.47199999988,8.1,176160.76799999998,1.0,-0.035706656086922806,3.705,0.0,0.451018,1.1274856,1.1439217,0.4353054016828537,0.6,0.6
0.38837983309280205,0.3682449429359019,0.274910683718766,53.1,-73062.06967741923,9.18,146124.13935483873,1.0,-0.18829920346690443,3.71,0.0,0.451018,1.1274856,1.1439217,0.4353054016828537,0.6,0.6
0.3893217541348661,0.3733350281490142,0.2772541678217879,52.559999999999995,-75497.47200000087,9.9,100663.29600000009,1.0,0.04058961760306801,3.715,0.0,0.451018,1.1274856,1.1439217,0.4353054016828537,0.6,0.6
0.39009013284294,0.38625052088951284,0.27837728340480017,51.66,-21.93992386155586,10.62,17.55193908924469,1.0,-0.21881771294290076,3.72,0.0,0.61900806,0.974522,0.11086855,0.4857024192810058,0.5923565983772278,0.333260565251112
0.3903583956189986,0.39252134885137324,0.27928110960966857,50.94,-44410.277647058756,10.98,22205.138823529487,1.0,-0.08148442030091729,3.725,0.0,0.61900806,0.974522,0.11086855,0.4857024192810058,0.5923565983772278,0.333260565251112
0.3909903051727437,0.4010032056904253,0.27958990836757436,50.22,-27705.494311926563,10.98,0.0,1.0,-0.31037324137088973,3.73,0.0,0.61900806,0.974522,0.11086855,0.4857024192810058,0.5923565983772278,0.333260565251112
0.39220105855991466,0.40872430725749503,0.2793902850963423,49.32,-111025.69411764688,10.98,0.0,1.0,-0.020447401348924643,3.735,0.0,0.61900806,0.974522,0.11086855,0.4857024192810058,0.5923565983772278,0.333260565251112
0.3929710395111961,0.40309173626755374,0.2794791243859599,48.42,-35951.17714285709,10.62,-14380.470857142906,1.0,-0.21881771294290076,3.74,0.0,0.8994292,0.37539008,-0.14758432,0.5698287606239318,0.4126170247793198,0.25572470426559446
0.3936027022366008,0.41865590499699357,0.27944510737556044,47.519999999999996,-104857.60000000066,10.08,-62914.5599999999,1.0,0.17792291024505147,3.745,0.0,0.8994292,0.37539008,-0.14758432,0.5698287606239318,0.4126170247793198,0.25572470426559446
0.3952281411067477,0.42503525554889543,0.2835276467888301,46.62,-114390.10909090891,9.36,-91512.08727272735,1.0,-0.11200292977691362,3.75,0.0,0.8994292,0.37539008,-0.14758432,0.5698287606239318,0.4126170247793198,0.25572470426559446
0.3962648699342404,0.4298075565435891,0.2935362412357434,45.54,-146124.13935483847,8.459999999999999,-121770.1161290323,1.0,0.025330362865069844,3.755,0.0,0.8994292,0.37539008,-0.14758432,0.5698287606239318,0.4126170247793198,0.25572470426559446
0.39699812783704447,0.43596799617499954,0.3032794576941852,44.82,-16.33454970304739,7.199999999999999,-28.585461980332973,1.0,-0.21881771294290076,3.7600000000000002,0.0,0.57820785,0.3169492,0.11744529,0.4734623551368713,0.3950847566127777,0.33523358702659606
0.39791640853005666,0.4385125980597887,0.31255530793700353,44.1,-59213.70352941167,5.58,-133230.8329411764,1.0,-0.005188146610926481,3.765,0.0,0.57820785,0.3169492,0.11744529,0.4734623551368713,0.3950847566127777,0.33523358702659606
0.3985936373824012,0.44623204515506804,0.3245479448756735,43.379999999999995,-100663.29600000083,3.42,-301989.88800000004,1.0,-0.18829920346690443,3.77,0.0,0.57820785,0.3169492,0.11744529,0.4734623551368713,0.3950847566127777,0.33523358702659606
0.39902644083026473,0.4525557827472538,0.3369666455542796,42.839999999999996,-75497.47199999988,1.6199999999999999,-251658.24000000002,1.0,0.04058961760306801,3.775,0.0,0.57820785,0.3169492,0.11744529,0.4734623551368713,0.3950847566127777,0.33523358702659606
0.40026388809911767,0.45440649320499515,0.3482203122304199,41.22,-234302.49931034446,1.7999999999999998,26033.61103448275,1.0,0.025330362865069844,3.7800000000000002,0.0,0.3674716,0.18768442,0.6737492,0.4102414816617966,0.3563053250312805,0.5021247625350952
0.4018231399284431,0.4679086281315396,0.36047819929928515,40.14,-137268.1309090907,2.34,68634.06545454546,1.0,-0.11200292977691362,3.785,0.0,0.3674716,0.18768442,0.6737492,0.4102414816617966,0.3563053250312805,0.5021247625350952
0.4037562561078396,0.4653219804834329,0.37249775037342653,39.059999999999995,-45756.043636363866,1.7999999999999998,-22878.02181818182,1.0,-0.6765953550828456,3.79,0.0,0.3674716,0.18768442,0.6737492,0.4102414816617966,0.3563053250312805,0.5021247625350952
0.4056139403424788,0.4600761188228792,0.38018449131999144,37.98,-141557.75999999978,1.6199999999999999,-23592.959999999992,1.0,0.025330362865069844,3.795,0.0,0.3674716,0.18768442,0.6737492,0.4102414816617966,0.3563053250312805,0.5021247625350952
0.40685411224893797,0.4600915724929886,0.38320066130679487,37.44,-78100.83310344815,1.6199999999999999,0.0,1.0,-0.14252143925290994,3.8000000000000003,0.0,-0.084902614,-0.052280262,1.1164036,0.2745292156934738,0.28431592136621475,0.6
0.4083868043652771,0.45917783707816573,0.3853761579609754,36.54,-21.752683016780345,1.6199999999999999,0.0,1.0,-0.12726218451491178,3.805,0.0,-0.084902614,-0.052280262,1.1164036,0.2745292156934738,0.28431592136621475,0.6
0.4107077789727769,0.4646236754796181,0.38572731869391685,36.18,-16412.493913043454,1.6199999999999999,0.0,1.0,-0.11200292977691362,3.81,0.0,-0.084902614,-0.052280262,1.1164036,0.2745292156934738,0.28431592136621475,0.6
0.41184800927773185,0.4689289245633551,0.38441772485198555,35.82,-38716.652307692246,1.6199999999999999,0.0,1.0,-0.06622516556291913,3.815,0.0,-0.084902614,-0.052280262,1.1164036,0.2745292156934738,0.28431592136621475,0.6
0.4127334998298542,0.46786452383750926,0.3844303735884263,35.82,0.0,1.6199999999999999,0.0,1.0,-0.035706656086922806,3.8200000000000003,0.0,-0.013767034,-0.31395903,1.5258064,0.2958698898553848,0.20581229031085968,0.6
0.41397136078598046,0.4561595531718537,0.3839410462213395,35.82,0.0,1.6199999999999999,0.0,1.0,0.025330362865069844,3.825,0.0,-0.013767034,-0.31395903,1.5258064,0.2958698898553848,0.20581229031085968,0.6
0.41443634564743304,0.4665617091653207,0.38200228641540523,36.0,22878.021818181784,1.6199999999999999,0.0,1.0,-0.24933622241889708,3.83,0.0,-0.013767034,-0.31395903,1.5258064,0.2958698898553848,0.20581229031085968,0.6
0.4141962527033572,0.45680812272337123,0.38199694382960625,36.36,47185.919999999925,1.6199999999999999,0.0,1.0,0.04058961760306801,3.835,0.0,-0.013767034,-0.31395903,1.5258064,0.2958698898553848,0.20581229031085968,0.6
0.41473424110828816,0.46080717041091107,0.38186384966535913,36.72,45756.04363636357,1.7999999999999998,22878.02181818181,1.0,-0.2035584582049026,3.84,0.0,-0.2561901,-0.2002959,1.3400433,0.22314297258853913,0.23991123139858245,0.6
0.4141244970007516,0.45409373211691484,0.38136188323997977,37.08,8.185028160692106,1.7999999999999998,0.0,1.0,-0.05096591082492097,3.845,0.0,-0.2561901,-0.2002959,1.3400433,0.22314297258853913,0.23991123139858245,0.6
0.41340949986341813,0.458582138530508,0.3814984088460703,37.44,26963.382857142813,1.7999999999999998,0.0,1.0,0.010071108127071682,3.85,0.0,-0.2561901,-0.2002959,1.3400433,0.22314297258853913,0.23991123139858245,0.6
0.41325179902172055,0.46423509018105047,0.3810201144464437,37.62,5470.831304347817,1.7999999999999998,0.0,1.0,0.0863673818170625,3.855,0.0,-0.2561901,-0.2002959,1.3400433,0.22314297258853913,0.23991123139858245,0.6
0.4123441155819475,0.46607735206658674,0.38114804284259884,37.98,43141.412571428504,1.7999999999999998,0.0,1.0,-0.23407696768089892,3.86,0.0,-0.6027806,-0.13484158,1.6668189,0.11916582584381102,0.2595475271344185,0.6
0.41210240926336716,0.46164859179599843,0.38153318745617665,38.16,24354.023225806413,1.7999999999999998,0.0,1.0,-0.005188146610926481,3.865,0.0,-0.6027806,-0.13484158,1.6668189,0.11916582584381102,0.2595475271344185,0.6
0.4110018431312616,0.4518758448794063,0.38065936481793605,38.16,0.0,1.7999999999999998,0.0,1.0,-0.2798547318948934,3.87,0.0,-0.6027806,-0.13484158,1.6668189,0.11916582584381102,0.2595475271344185,0.6
0.4095967000522909,0.45074234677123204,0.3814807878253462,38.339999999999996,24354.023225806413,1.7999999999999998,0.0,1.0,-0.2035584582049026,3.875,0.0,-0.6027806,-0.13484158,1.6668189,0.11916582584381102,0.2595475271344185,0.6
0.4096141060868104,0.4545926638452958,0.38697518229422073,38.16,-22878.021818181784,1.7999999999999998,0.0,1.0,-0.4019287697988787,3.88,0.0,-0.5496243,0.48943397,1.7164992,0.1351127028465271,0.44683019220829007,0.6
0.40864469653307844,0.45253649347206154,0.39556963595079275,38.16,0.0,1.6199999999999999,-23592.959999999992,1.0,0.31525620288703493,3.8850000000000002,0.0,-0.5496243,0.48943397,1.7164992,0.1351127028465271,0.44683019220829007,0.6
0.40785117625490813,0.45084570429552334,0.40374619008257595,37.98,-4.404367879123757,1.6199999999999999,0.0,1.0,-0.17303994872890627,3.89,0.0,-0.5496243,0.48943397,1.7164992,0.1351127028465271,0.44683019220829007,0.6
0.40792995001478777,0.4311652375300985,0.4137421634525044,37.98,0.0,1.6199999999999999,0.0,1.0,-0.18829920346690443,3.895,0.0,-0.5496243,0.48943397,1.7164992,0.1351127028465271,0.44683019220829007,0.6
0.4072307896050518,0.4083532254330103,0.42470932397078376,37.98,0.0,1.6199999999999999,0.0,1.0,-0.3256324961088879,3.9,0.0,-0.3170324,1.0758454,1.3866016,0.20489028096199036,0.6,0.6
0.40548461539939623,0.3948409280296622,0.4341672663090911,37.98,0.0,1.6199999999999999,0.0,1.0,0.1626636555070533,3.9050000000000002,0.0,-0.3170324,1.0758454,1.3866016,0.20489028096199036,0.6,0.6
0.4036720134983293,0.3851622056544319,0.4432323854566458,38.16,24354.023225806413,1.6199999999999999,0.0,1.0,-0.26459547715689524,3.91,0.0,-0.3170324,1.0758454,1.3866016,0.20489028096199036,0.6,0.6
0.40134222183420337,0.3753953139462534,0.4524322408259393,38.519999999999996,41943.039999999935,1.6199999999999999,0.0,1.0,0.11688589129305882,3.915,0.0,-0.3170324,1.0758454,1.3866016,0.20489028096199036,0.6,0.6
0.39297122970860887,0.3646708047599377,0.45942545705679244,38.879999999999995,13981.01333333331,1.6199999999999999,0.0,1.0,-0.3714102603228824,3.92,0.0,-0.46922836,1.5901875,1.6147221,0.15923149287700653,0.6,0.6
0.3796621699953509,0.3568888385599178,0.46641773112736373,39.24,50331.64800000091,1.6199999999999999,0.0,1.0,-0.11200292977691362,3.9250000000000003,0.0,-0.46922836,1.5901875,1.6147221,0.15923149287700653,0.6,0.6
0.36956547486981106,0.35003214994188003,0.4733683335627815,39.78,12.45086367359502,1.6199999999999999,0.0,1.0,-0.24933622241889708,3.93,0.0,-0.46922836,1.5901875,1.6147221,0.15923149287700653,0.6,0.6
0.35738109280139313,0.3489018586965512,0.47893491435418406,40.32,34317.03272727267,1.6199999999999999,0.0,1.0,-0.020447401348924643,3.935,0.0,-0.46922836,1.5901875,1.6147221,0.15923149287700653,0.6,0.6
0.34149891447453073,0.33162780973957806,0.4836237878007029,40.68,44410.277647058756,1.6199999999999999,0.0,1.0,-0.18829920346690443,3.94,0.0,-1.3036106,1.1710377,1.3773638,0.0,0.6,0.6
0.32754225181012264,0.32489433112158983,0.488910603661965,41.22,23592.959999999963,1.6199999999999999,0.0,1.0,-0.11200292977691362,3.9450000000000003,0.0,-1.3036106,1.1710377,1.3773638,0.0,0.6,0.6
0.3145560717978341,0.321571875175833,0.49327180885191313,41.58,50331.64799999992,1.6199999999999999,0.0,1.0,-0.18829920346690443,3.95,0.0,-1.3036106,1.1710377,1.3773638,0.0,0.6,0.6
0.3010775554987651,0.33116972365043035,0.49635525493913374,41.76,22878.021818181784,1.6199999999999999,0.0,1.0,0.10162663655506066,3.955,0.0,-1.3036106,1.1710377,1.3773638,0.0,0.6,0.6
0.2898195556979414,0.3285336628268603,0.5006399520817091,41.94,24354.023225806413,1.6199999999999999,0.0,1.0,-0.11200292977691362,3.96,0.0,-1.7838869,0.57692623,0.9010373,0.0,0.4730778694152832,0.5703111827373505
0.2802989556912162,0.33129656379130795,0.5042462985711246,42.12,22878.021818181784,1.6199999999999999,0.0,1.0,-0.05096591082492097,3.9650000000000003,0.0,-1.7838869,0.57692623,0.9010373,0.0,0.4730778694152832,0.5703111827373505
0.2715430649663034,0.3189611654164309,0.5069341492923737,42.12,0.0,1.6199999999999999,0.0,1.0,-0.34089175084688605,3.97,0.0,-1.7838869,0.57692623,0.9010373,0.0,0.4730778694152832,0.5703111827373505
0.2649034938060179,0.31653236848038085,0.5101832592315905,41.94,-4.374027948367354,1.6199999999999999,0.0,1.0,0.11688589129305882,3.975,0.0,-1.7838869,0.57692623,0.9010373,0.0,0.4730778694152832,0.5703111827373505
0.25980196750000345,0.3125792842498806,0.5131109801865158,41.58,-22205.138823529378,1.6199999999999999,0.0,1.0,-0.29511398663289157,3.98,0.0,-1.0572394,-0.17335269,0.89020705,0.0,0.24799419343471527,0.5670621156692505
0.25448820152826584,0.32202221266789094,0.5153973478790926,41.22,-41943.039999999935,1.6199999999999999,0.0,1.0,0.11688589129305882,3.985,0.0,-1.0572394,-0.17335269,0.89020705,0.0,0.24799419343471527,0.5670621156692505
0.25028824175212827,0.32662590345381637,0.5181140317848137,40.86,-47185.919999999925,1.6199999999999999,0.0,1.0,-0.09674367503891546,3.99,0.0,-1.0572394,-0.17335269,0.89020705,0.0,0.24799419343471527,0.5670621156692505
0.2471894370946636,0.33637665058679345,0.5203971967594171,40.14,-100663.29599999984,1.6199999999999999,0.0,1.0,-0.11200292977691362,3.995,0.0,-1.0572394,-0.17335269,0.89020705,0.0,0.24799419343471527,0.5670621156692505
0.24297792664557286,0.3575131283787497,0.5220348615891287,39.42,-97416.09290322565,1.6199999999999999,0.0,1.0,-0.2035584582049026,4.0,0.0,0.7102127,-0.18648759,-0.603099,0.5130638122558594,0.2440537244081497,0.11907030344009399
0.23883571355318803,0.38099278335789205,0.5236279758052134,38.519999999999996,-40590.038709677676,1.6199999999999999,0.0,1.0,0.05584887234106617,4.005,0.0,0.7102127,-0.18648759,-0.603099,0.5130638122558594,0.2440537244081497,0.11907030344009399
0.23570483826572938,0.39329937824368333,0.5252022641790929,37.44,-146124.13935483847,1.6199999999999999,0.0,1.0,-0.21881771294290076,4.01,0.0,0.7102127,-0.18648759,-0.603099,0.5130638122558594,0.2440537244081497,0.11907030344009399
0.23008034153968113,0.40643025633514035,0.5260810791064033,36.0,-32.311515696218734,1.6199999999999999,0.0,1.0,0.010071108127071682,4.015,0.0,0.7102127,-0.18648759,-0.603099,0.5130638122558594,0.2440537244081497,0.11907030344009399
0.22011554135490688,0.41606266307899303,0.5266171062388765,34.56,-64944.06193548377,1.6199999999999999,0.0,1.0,-0.18829920346690443,4.0200000000000005,8.522882461547852,0.85049033,0.37339994,-1.277253,0.555147099494934,0.4120199829339981,0.0
0.2061485412739137,0.4298298235951497,0.526932872619072,32.76,-179755.88571428615,1.6199999999999999,0.0,1.0,0.0863673818170625,4.025,8.522882461547852,0.85049033,0.37339994,-1.277253,0.555147099494934,0.4120199829339981,0.0
0.19037750105495216,0.433499297055712,0.5269396494954854,30.779999999999998,-56494.706938775525,1.6199999999999999,0.0,1.0,-0.31037324137088973,4.03,8.522882461547852,0.85049033,0.37339994,-1.277253,0.555147099494934,0.4120199829339981,0.0
0.17333692134655773,0.45307776921375503,0.5267441226842103,28.799999999999997,-276824.0640000001,1.6199999999999999,0.0,1.0,0.0863673818170625,4.035,8.522882461547852,0.85049033,0.37339994,-1.277253,0.555147099494934,0.4120199829339981,0.0
0.15661312243054998,0.458033264039957,0.5266365413587907,26.459999999999997,-306708.48,1.6199999999999999,0.0,1.0,-0.17303994872890627,4.04,20.0,0.5726783,0.159492,-0.5009055,0.4718034982681274,0.34784760028123857,0.14972834587097167
0.13941462367478846,0.4531181266143425,0.5263722000547779,24.119999999999997,-288666.8047058823,1.6199999999999999,0.0,1.0,0.04058961760306801,4.045,20.0,0.5726783,0.159492,-0.5009055,0.4718034982681274,0.34784760028123857,0.14972834587097167
0.12350113130981757,0.45740909211787506,0.5257757835256753,21.599999999999998,-320292.3054545454,1.6199999999999999,0.0,1.0,-0.1577806939909081,4.05,20.0,0.5726783,0.159492,-0.5009055,0.4718034982681274,0.34784760028123857,0.14972834587097167
0.10966394304483494,0.4571031986683274,0.5252922050350056,18.9,-188743.67999999996,1.6199999999999999,0.0,1.0,0.07110812707906433,4.055,20.0,0.5726783,0.159492,-0.5009055,0.4718034982681274,0.34784760028123857,0.14972834587097167
0.09628604531874202,0.4497699661275575,0.5248393878734632,16.2,-62.00820671189446,1.6199999999999999,0.0,1.0,-0.4477065340128732,4.0600000000000005,8.522882461547852,-0.25575322,-0.20569241,-1.4008967,0.22327403426170347,0.23829227685928345,0.0
0.08139021407455514,0.44512503970077333,0.5234850291675881,13.5,-155131.79178082186,1.6199999999999999,0.0,1.0,-0.17303994872890627,4.065,8.522882461547852,-0.25575322,-0.20569241,-1.4008967,0.22327403426170347,0.23829227685928345,0.0
0.07547851421380056,0.45020470574762933,0.5208415753675689,10.62,-309733.21846153855,1.6199999999999999,0.0,1.0,0.025330362865069844,4.07,8.522882461547852,-0.25575322,-0.20569241,-1.4008967,0.22327403426170347,0.23829227685928345,0.0
0.07078445518621154,0.4515278061076051,0.5192539043040809,7.739999999999999,-389664.3716129032,1.6199999999999999,0.0,1.0,0.2084414197210478,4.075,8.522882461547852,-0.25575322,-0.20569241,-1.4008967,0.22327403426170347,0.23829227685928345,0.0
0.06561466686300865,0.44531743655521094,0.5183902506329574,5.04,-390504.1655172413,2.16,78100.83310344831,1.0,34.450209051789926,4.08,0.0,0.87313426,-0.7463732,-0.92635405,0.5619402766227722,0.07608804702758788,0.02209378480911255
0.07286110556370068,0.4531941457955893,0.5158578978944361,3.2399999999999998,-228780.21818181823,6.84,594828.5672727273,1.0,1.001922666097009,4.085,0.0,0.87313426,-0.7463732,-0.92635405,0.5619402766227722,0.07608804702758788,0.02209378480911255
0.06623560555339078,0.44643058214299425,0.5144731748708723,2.52,-25377.301512605034,7.38,19032.976134453784,1.0,1.5817743461409393,4.09,0.0,0.87313426,-0.7463732,-0.92635405,0.5619402766227722,0.07608804702758788,0.02209378480911255
0.08116459720303372,0.44120512156226044,0.5107053533653271,3.06,62914.560000000005,6.12,-146800.63999999998,1.0,11.607104709006009,4.095,0.0,0.87313426,-0.7463732,-0.92635405,0.5619402766227722,0.07608804702758788,0.02209378480911255
0.11438220947417449,0.43995028903112815,0.49832474352029515,4.859999999999999,260336.1103448275,4.5,-234302.49931034484,1.0,0.39155247657702574,4.1,0.0,0.9575641,-0.9230205,-1.5027612,0.5872692346572875,0.02309385538101196,0.0
0.12645909542942918,0.43515877592553753,0.4742921538045951,7.38,61.48288705849505,1.6199999999999999,-70.26615663828005,1.0,-0.005188146610926481,4.105,0.0,0.9575641,-0.9230205,-1.5027612,0.5872692346572875,0.02309385538101196,0.0
0.14381643099461255,0.4339815556252632,0.4480673254763563,8.28,51710.59726027394,2.16,31026.358356164397,1.0,0.2542191839350423,4.11,0.0,0.9575641,-0.9230205,-1.5027612,0.5872692346572875,0.02309385538101196,0.0
0.16550063757327596,0.4239302182119915,0.42271436314272975,9.9,183642.49945945956,2.88,81618.88864864862,1.0,-0.4934842982268677,4.115,0.0,0.9575641,-0.9230205,-1.5027612,0.5872692346572875,0.02309385538101196,0.0
0.18550236361297204,0.42054606984177206,0.3987589890542587,11.879999999999999,259522.55999999982,2.6999999999999997,-23592.96000000002,1.0,0.04058961760306801,4.12,0.0,0.5726757,-0.81956697,-1.0013914,0.4718027114868164,0.05412991046905517,0.0
0.20015289350668225,0.4197080800898068,0.3787130095126303,13.68,228780.21818181826,1.98,-91512.08727272724,1.0,-0.06622516556291913,4.125,0.0,0.5726757,-0.81956697,-1.0013914,0.4718027114868164,0.05412991046905517,0.0
0.21506192042716424,0.4157522406281363,0.36231141322039656,15.66,230686.72000000006,1.6199999999999999,-41943.04000000001,1.0,-0.21881771294290076,4.13,0.0,0.5726757,-0.81956697,-1.0013914,0.4718027114868164,0.05412991046905517,0.0
0.2262136160969761,0.41107455044124613,0.34512962686188664,17.64,251658.24000000005,2.16,68634.06545454549,1.0,-0.17303994872890627,4.135,0.0,0.5726757,-0.81956697,-1.0013914,0.4718027114868164,0.05412991046905517,0.0
0.230746317162603,0.39280017561086195,0.3305428118324255,19.62,276824.0640000001,2.16,0.0,1.0,-0.23407696768089892,4.14,0.0,0.04011628,-0.4227604,-0.9142201,0.3120348840951919,0.17317188084125518,0.025733971595764158
0.23215784112299043,0.3812902377192247,0.3173887500451438,21.779999999999998,48.627262451089244,2.16,0.0,1.0,0.04058961760306801,4.1450000000000005,0.0,0.04011628,-0.4227604,-0.9142201,0.3120348840951919,0.17317188084125518,0.025733971595764158
0.23198000343564218,0.3615805184530633,0.30412503141040925,23.939999999999998,129424.23771428573,1.7999999999999998,-21570.706285714306,1.0,-0.4782250434888695,4.15,0.0,0.04011628,-0.4227604,-0.9142201,0.3120348840951919,0.17317188084125518,0.025733971595764158
0.23181333398902007,0.34050905799264486,0.2905676024901807,25.919999999999998,87418.12547368422,1.98,7947.102315789481,1.0,0.31525620288703493,4.155,0.0,0.04011628,-0.4227604,-0.9142201,0.3120348840951919,0.17317188084125518,0.025733971595764158
0.23870766996444628,0.32528952046153553,0.2797319781700669,27.9,259522.56000000006,1.98,0.0,1.0,-0.2798547318948934,4.16,0.0,0.6199808,-0.14964706,0.2799599,0.48599424362182614,0.2551058828830719,0.3839879661798477
0.2540491667862911,0.3141100944166253,0.26794548773214594,29.88,276824.0640000001,1.98,0.0,1.0,0.10162663655506066,4.165,0.0,0.6199808,-0.14964706,0.2799599,0.48599424362182614,0.2551058828830719,0.3839879661798477
0.2691867051028334,0.2984864773824115,0.2561419476804906,31.86,251658.24000000005,1.98,0.0,1.0,-0.21881771294290076,4.17,0.0,0.6199808,-0.14964706,0.2799599,0.48599424362182614,0.2551058828830719,0.3839879661798477
0.2837409985801896,0.2852592611233236,0.2459750539219136,33.839999999999996,237277.76914285676,1.7999999999999998,-21570.706285714306,1.0,0.2847376934110386,4.175,0.0,0.6199808,-0.14964706,0.2799599,0.48599424362182614,0.2551058828830719,0.3839879661798477
0.30197755507122126,0.2672398870860014,0.23565886411166795,35.82,276824.06400000054,1.7999999999999998,0.0,1.0,-0.524002807702864,4.18,0.0,0.8633537,0.310535,0.2515124,0.5590061187744141,0.3931605041027069,0.37545372247695924
0.3171648739747025,0.2510077364416336,0.2239284498539663,37.8,276824.06399999955,1.98,25165.824000000022,1.0,0.29999694814903677,4.1850000000000005,0.0,0.8633537,0.310535,0.2515124,0.5590061187744141,0.3931605041027069,0.37545372247695924
0.3308033164116539,0.24967775933210143,0.20965724018916343,39.96,52.40302305000443,1.98,0.0,1.0,-0.14252143925290994,4.19,0.0,0.8633537,0.310535,0.2515124,0.5590061187744141,0.3931605041027069,0.37545372247695924
0.3444348412408683,0.24325077787955102,0.1943373367772745,41.94,110729.62559999982,1.98,0.0,1.0,0.29999694814903677,4.195,0.0,0.8633537,0.310535,0.2515124,0.5590061187744141,0.3931605041027069,0.37545372247695924
0.35470006625847245,0.23183824309569867,0.1784096605764553,43.92,212941.58769230812,1.98,0.0,1.0,-0.26459547715689524,4.2,0.0,0.17011529,0.2878394,0.014565825,0.3510345876216888,0.3863518238067627,0.3043697476387024
0.3616648894744329,0.21992704100813415,0.16264202057145033,46.08,95365.22778947353,1.98,0.0,1.0,0.1626636555070533,4.205,0.0,0.17011529,0.2878394,0.014565825,0.3510345876216888,0.3863518238067627,0.3043697476387024
0.365873886477051,0.22171235959299948,0.1472170019254534,48.059999999999995,251658.2399999996,1.98,0.0,1.0,-0.18829920346690443,4.21,0.0,0.17011529,0.2878394,0.014565825,0.3510345876216888,0.3863518238067627,0.3043697476387024
0.3676427542331278,0.21819738995504548,0.13318481108706662,50.04,145696.87578947397,1.98,0.0,1.0,0.010071108127071682,4.215,0.0,0.17011529,0.2878394,0.014565825,0.3510345876216888,0.3863518238067627,0.3043697476387024
0.36742573755782565,0.212951307258131,0.12037883331005109,51.839999999999996,215707.0628571425,2.16,21570.706285714306,1.0,-0.26459547715689524,4.22,0.0,0.097319104,0.46300352,-0.09819671,0.3291957311332226,0.43890105485916137,0.2705409877002239
0.36627204586286943,0.22238793995772113,0.11227633353418948,53.64,235929.60000000056,2.34,23592.959999999963,1.0,0.025330362865069844,4.225,0.0,0.097319104,0.46300352,-0.09819671,0.3291957311332226,0.43890105485916137,0.2705409877002239
0.3654469748224562,0.22101289258488274,0.11091140884316444,55.26,37.64208343028081,2.6999999999999997,8.364907428951302,1.0,-0.2798547318948934,4.23,0.0,0.097319104,0.46300352,-0.09819671,0.3291957311332226,0.43890105485916137,0.2705409877002239
0.36448658684548907,0.2070616162363101,0.10992021686538853,56.699999999999996,79471.02315789461,3.42,39735.51157894738,1.0,0.0863673818170625,4.235,0.0,0.097319104,0.46300352,-0.09819671,0.3291957311332226,0.43890105485916137,0.2705409877002239
0.36570593331594886,0.21500280118249357,0.10986401434285048,57.96,142833.0551351357,4.14,81618.88864864862,1.0,-0.12726218451491178,4.24,0.0,0.29858285,1.1012664,1.1730001,0.3895748555660248,0.6,0.6
0.36836217983959146,0.21103961027466364,0.1185475438288825,59.04,141557.75999999978,5.22,141557.76,1.0,0.10162663655506066,4.245,0.0,0.29858285,1.1012664,1.1730001,0.3895748555660248,0.6,0.6
0.37083185249343037,0.21717511964565195,0.13767921946497452,59.94,125829.1199999998,6.4799999999999995,176160.76799999998,1.0,-0.06622516556291913,4.25,0.0,0.29858285,1.1012664,1.1730001,0.3895748555660248,0.6,0.6
0.37651958629007953,0.21196440092484561,0.15381372424468115,60.48,73062.06967741923,7.92,194832.18580645166,1.0,-0.020447401348924643,4.255,0.0,0.29858285,1.1012664,1.1730001,0.3895748555660248,0.6,0.6
0.3871768315533828,0.22077768369697884,0.17178860447646,61.019999999999996,73062.06967741923,9.719999999999999,243540.23225806438,1.0,-0.26459547715689524,4.26,0.0,0.4882489,1.191636,1.0346986,0.4464746743440628,0.6,0.6
0.3953479030487405,0.221892663956407,0.1914173525445939,61.199999999999996,22205.138823529378,11.7,244256.5270588236,1.0,-0.005188146610926481,4.265,0.0,0.4882489,1.191636,1.0346986,0.4464746743440628,0.6,0.6
0.39999723021177036,0.23480397384893,0.2073476663277214,61.199999999999996,0.0,13.86,71902.35428571429,1.0,-0.38666951506088054,4.2700000000000005,0.0,0.4882489,1.191636,1.0346986,0.4464746743440628,0.6,0.6
0.40262619702794605,0.24161479762386237,0.22133331403827375,61.019999999999996,-4.361192291695543,15.84,47.97311520865106,1.0,-0.08148442030091729,4.275,0.0,0.4882489,1.191636,1.0346986,0.4464746743440628,0.6,0.6
0.4036799276131995,0.2521047168530345,0.23422766827014635,60.839999999999996,-8296.425494505482,17.64,82964.25494505499,1.0,-0.14252143925290994,4.28,0.0,-0.049914703,1.4643973,2.6960428,0.28502558916807175,0.6,0.6
0.4036489680096492,0.26610177265781987,0.2424769318456281,60.48,-37748.73599999994,19.08,150994.94399999976,1.0,-0.34089175084688605,4.285,0.0,-0.049914703,1.4643973,2.6960428,0.28502558916807175,0.6,0.6
0.4042291943182355,0.2766581925499733,0.24820839518754226,60.3,-22878.021818181784,20.16,137268.13090909115,1.0,0.025330362865069844,4.29,0.0,-0.049914703,1.4643973,2.6960428,0.28502558916807175,0.6,0.6
0.4040541587193862,0.29026541235468073,0.2532449452349229,59.76,-75497.47199999988,20.7,75497.47199999988,1.0,-0.06622516556291913,4.295,0.0,-0.049914703,1.4643973,2.6960428,0.28502558916807175,0.6,0.6
0.4033277024887991,0.30535828125629083,0.25626489505879557,59.4,-45756.04363636357,20.88,22878.021818181784,1.0,-0.18829920346690443,4.3,0.0,-1.1923084,2.2039182,1.9844108,0.0,0.6,0.6
0.4032599231458856,0.31170094901237905,0.2602809457613162,59.04,-9151.208727272713,20.7,-4575.6043636363565,1.0,0.17792291024505147,4.305,0.0,-1.1923084,2.2039182,1.9844108,0.0,0.6,0.6
0.4033710483806076,0.3269297516635173,0.2705879742263986,58.32,-88820.55529411751,20.16,-66615.41647058813,1.0,-0.21881771294290076,4.3100000000000005,0.0,-1.1923084,2.2039182,1.9844108,0.0,0.6,0.6
0.4032761775087518,0.34237770448750715,0.28322616203452555,57.599999999999994,-16.235753616877282,19.439999999999998,-16.2357536168772,1.0,0.10162663655506066,4.315,0.0,-1.1923084,2.2039182,1.9844108,0.0,0.6,0.6
0.40398101187848745,0.36155332297906145,0.29370275545294067,56.699999999999996,-48395.81538461531,18.54,-48395.81538461531,1.0,-0.21881771294290076,4.32,0.0,-1.4389212,1.9327906,2.0303426,0.0,0.6,0.6
0.40450256781277405,0.3710955857808797,0.3065172347144604,55.8,-104857.59999999983,17.099999999999998,-167772.16000000015,1.0,-0.14252143925290994,4.325,0.0,-1.4389212,1.9327906,2.0303426,0.0,0.6,0.6
0.405064673582594,0.3772159848358251,0.31959046774947325,54.72,-146124.13935483847,15.299999999999999,-243540.23225806438,1.0,0.04058961760306801,4.33,0.0,-1.4389212,1.9327906,2.0303426,0.0,0.6,0.6
0.4061565045934554,0.3780245953716831,0.3302352344798281,53.64,-156201.6662068963,13.32,-286369.7213793101,1.0,-0.06622516556291913,4.335,0.0,-1.4389212,1.9327906,2.0303426,0.0,0.6,0.6
0.406740116490349,0.378194769490647,0.3404817548424674,52.559999999999995,-141557.7600000007,10.799999999999999,-330301.4400000002,1.0,-0.05096591082492097,4.34,0.0,-0.9696454,0.8123492,2.498582,0.009106385707855224,0.5437047600746154,0.6
0.4076718096535452,0.38541728920703294,0.3513190546775262,51.48,-137268.1309090907,7.92,-366048.34909090895,1.0,0.010071108127071682,4.345,0.0,-0.9696454,0.8123492,2.498582,0.009106385707855224,0.5437047600746154,0.6
0.4082791827769721,0.3945881262577657,0.35980414336504957,50.4,-146124.13935483847,4.68,-438372.41806451615,1.0,-0.29511398663289157,4.3500000000000005,0.0,-0.9696454,0.8123492,2.498582,0.009106385707855224,0.5437047600746154,0.6
0.4096181842421492,0.41390975862597307,0.367728612091076,49.14,-170478.1625806449,1.6199999999999999,-414018.3948387096,1.0,0.14740440076905514,4.355,0.0,-0.9696454,0.8123492,2.498582,0.009106385707855224,0.5437047600746154,0.6
0.4114450743991815,0.4190720121814392,0.376622861283943,46.44,-66.10060937171681,1.98,8.813414582895568,1.0,-0.005188146610926481,4.36,0.0,-0.44560608,0.30445138,2.9706542,0.16631817519664763,0.3913354128599167,0.6
0.4123479466793816,0.4175586544127745,0.38586669635891463,44.28,-82360.87854545441,2.6999999999999997,27453.626181818174,1.0,-0.23407696768089892,4.365,0.0,-0.44560608,0.30445138,2.9706542,0.16631817519664763,0.3913354128599167,0.6
0.41068909407789184,0.41304455767891085,0.39376905883782487,42.12,-283115.5200000005,2.16,-70778.87999999995,1.0,-0.29511398663289157,4.37,0.0,-0.44560608,0.30445138,2.9706542,0.16631817519664763,0.3913354128599167,0.6
0.4074184299359427,0.419691106398657,0.4020110038948325,40.14,-251658.2399999996,1.6199999999999999,-68634.06545454549,1.0,0.07110812707906433,4.375,0.0,-0.44560608,0.30445138,2.9706542,0.16631817519664763,0.3913354128599167,0.6
0.3999158106582668,0.4250491470608257,0.40898523883674515,38.16,-162837.68470588268,1.7999999999999998,14803.425882352936,1.0,-0.12726218451491178,4.38,0.0,0.0033384785,0.28433073,2.6923728,0.3010015435516834,0.38529921770095826,0.6
0.38196855967270443,0.4368455362521646,0.4146162420830656,36.18,-267894.25548387057,1.7999999999999998,0.0,1.0,0.025330362865069844,4.385,0.0,0.0033384785,0.28433073,2.6923728,0.3010015435516834,0.38529921770095826,0.6
0.3576253919702383,0.43061818018516745,0.42011943812238706,34.019999999999996,-283115.5200000005,1.7999999999999998,0.0,1.0,-0.08148442030091729,4.39,0.0,0.0033384785,0.28433073,2.6923728,0.3010015435516834,0.38529921770095826,0.6
0.3291274918064988,0.43453542975466525,0.4253995159722397,32.22,-235929.59999999963,1.7999999999999998,0.0,1.0,-0.11200292977691362,4.3950000000000005,0.0,0.0033384785,0.28433073,2.6923728,0.3010015435516834,0.38529921770095826,0.6
0.3005829556178675,0.42924453310599303,0.429665682068219,30.06,-48.944347656967516,1.7999999999999998,0.0,1.0,-0.005188146610926481,4.4,8.522882461547852,-0.2617834,0.44953176,-0.14219248,0.22146498262882233,0.4348595291376114,0.257342255115509
0.27275971170102203,0.43199186829308706,0.43418681021156724,27.9,-141557.76,1.7999999999999998,0.0,1.0,-0.05096591082492097,4.405,8.522882461547852,-0.2617834,0.44953176,-0.14219248,0.22146498262882233,0.4348595291376114,0.257342255115509
0.24687146596616352,0.4414815446647801,0.43846476168500115,25.919999999999998,-230686.72000000006,1.7999999999999998,0.0,1.0,-0.2035584582049026,4.41,8.522882461547852,-0.2617834,0.44953176,-0.14219248,0.22146498262882233,0.4348595291376114,0.257342255115509
0.2227112599787664,0.4486043967042292,0.44191892475334155,23.58,-306708.48,1.7999999999999998,0.0,1.0,0.025330362865069844,4.415,8.522882461547852,-0.2617834,0.44953176,-0.14219248,0.22146498262882233,0.4348595291376114,0.257342255115509
0.2003912346722802,0.44725276134059105,0.44590452064550734,21.419999999999998,-93398.9344329897,1.7999999999999998,0.0,1.0,-0.4782250434888695,4.42,20.0,0.3891964,-0.047232643,0.33452687,0.416758918762207,0.28583020716905594,0.40035806000232693
0.1798531445093016,0.44230305865666475,0.44984942235159164,19.08,-288666.8047058823,1.7999999999999998,0.0,1.0,-0.17303994872890627,4.425,20.0,0.3891964,-0.047232643,0.33452687,0.416758918762207,0.28583020716905594,0.40035806000232693
0.16146964433221275,0.448334867421186,0.45297326323574605,16.56,-310871.9435294117,1.7999999999999998,0.0,1.0,-0.09674367503891546,4.43,20.0,0.3891964,-0.047232643,0.33452687,0.416758918762207,0.28583020716905594,0.40035806000232693
0.14424307854858218,0.4543911945060729,0.4562987005191813,14.219999999999999,-297414.28363636363,1.6199999999999999,-22878.02181818181,1.0,0.11688589129305882,4.4350000000000005,20.0,0.3891964,-0.047232643,0.33452687,0.416758918762207,0.28583020716905594,0.40035806000232693
0.13187013208962295,0.46174235236051436,0.4601037638054399,11.7,-199427.28452830185,1.6199999999999999,0.0,1.0,-0.08148442030091729,4.44,8.522882461547852,0.621871,-0.4610642,-1.2166364,0.48656129837036133,0.16168074309825897,0.0
0.12580193721272948,0.4669809211552328,0.4630032051208717,9.36,-53.08958381565424,1.6199999999999999,0.0,1.0,0.26947843867304044,4.445,8.522882461547852,0.621871,-0.4610642,-1.2166364,0.48656129837036133,0.16168074309825897,0.0
0.1242059041792281,0.459274136828043,0.46621570288235975,7.02,-158301.15096774194,1.6199999999999999,0.0,1.0,-0.14252143925290994,4.45,8.522882461547852,0.621871,-0.4610642,-1.2166364,0.48656129837036133,0.16168074309825897,0.0
0.12314310831338082,0.4580706652551822,0.47013438673095237,4.859999999999999,-258848.47542857146,3.96,280419.1817142857,1.0,1.2308114871669815,4.455,8.522882461547852,0.621871,-0.4610642,-1.2166364,0.48656129837036133,0.16168074309825897,0.0
0.1246648589457208,0.4530482151370309,0.4736441203283256,3.96,-121770.11612903219,5.9399999999999995,267894.2554838709,1.0,-0.6765953550828456,4.46,0.0,1.5819268,-0.34910417,-1.6136576,0.6,0.19526875019073486,0.0
0.12866677925339895,0.4516625502245292,0.475174230858713,4.14,24354.023225806413,5.04,-121770.11612903219,1.0,0.2084414197210478,4.465,0.0,1.5819268,-0.34910417,-1.6136576,0.6,0.19526875019073486,0.0
0.13262624681399135,0.4527253632226322,0.4744300484473417,5.22,141557.76,3.5999999999999996,-188743.68000000005,1.0,0.6814783165989908,4.47,0.0,1.5819268,-0.34910417,-1.6136576,0.6,0.19526875019073486,0.0
0.13719816590750677,0.45425427503985805,0.4743246900910809,7.02,215707.06285714282,1.7999999999999998,-215707.06285714282,1.0,0.26947843867304044,4.4750000000000005,0.0,1.5819268,-0.34910417,-1.6136576,0.6,0.19526875019073486,0.0
0.147735910253608,0.4519240374997137,0.4718053723262865,7.92,35951.17714285716,1.98,7190.235428571435,1.0,-0.18829920346690443,4.48,8.522882461547852,1.3912957,0.4398778,-1.0982835,0.6,0.4319633424282074,0.0
0.15770321732887094,0.4497575895169943,0.4687271736506322,9.54,212336.6399999999,1.98,0.0,1.0,-0.11200292977691362,4.485,8.522882461547852,1.3912957,0.4398778,-1.0982835,0.6,0.4319633424282074,0.0
0.1637560920638082,0.45590362272907103,0.4681712823185697,10.98,34.84706449807588,1.7999999999999998,-4.355883062259485,1.0,-0.41718802453687687,4.49,8.522882461547852,1.3912957,0.4398778,-1.0982835,0.6,0.4319633424282074,0.0
0.17856608966283075,0.45012930408891166,0.46682352814056843,12.42,32472.030967741925,1.7999999999999998,0.0,1.0,0.19318216498304963,4.495,8.522882461547852,1.3912957,0.4398778,-1.0982835,0.6,0.4319633424282074,0.0
0.2000352777083272,0.4486052265163878,0.4649357130402908,14.219999999999999,193583.26153846143,1.6199999999999999,-19358.32615384615,1.0,-0.3256324961088879,4.5,20.0,0.81680703,0.2606428,-0.33897156,0.5450421094894409,0.3781928390264511,0.1983085334300995
0.21800922108424492,0.44658156640946445,0.46484773115306005,15.84,212336.64000000013,1.7999999999999998,23592.959999999992,1.0,-0.17303994872890627,4.505,20.0,0.81680703,0.2606428,-0.33897156,0.5450421094894409,0.3781928390264511,0.1983085334300995
0.2341289195953233,0.4519878627970021,0.4639299670887097,17.46,234302.49931034498,1.6199999999999999,-26033.61103448275,1.0,-0.2798547318948934,4.51,20.0,0.81680703,0.2606428,-0.33897156,0.5450421094894409,0.3781928390264511,0.1983085334300995
0.25473951700110725,0.44504253105093716,0.45931715048142874,19.439999999999998,259522.5599999996,1.7999999999999998,23592.959999999992,1.0,0.0863673818170625,4.515,20.0,0.81680703,0.2606428,-0.33897156,0.5450421094894409,0.3781928390264511,0.1983085334300995
0.270659441404116,0.43464754150637824,0.4503002194824351,21.419999999999998,259522.56000000006,1.7999999999999998,0.0,1.0,-0.3256324961088879,4.5200000000000005,8.522882461547852,0.7603477,0.16707517,-0.30669427,0.5281043171882629,0.35012255162000655,0.20799171924591064
0.28465415937398586,0.42132558580689866,0.44053011348075,23.58,292248.27870967746,1.7999999999999998,0.0,1.0,-0.035706656086922806,4.525,8.522882461547852,0.7603477,0.16707517,-0.30669427,0.5281043171882629,0.35012255162000655,0.20799171924591064
0.30171570915903395,0.41763394320077535,0.42646380943882356,25.74,50.16165572227452,1.7999999999999998,0.0,1.0,-0.17303994872890627,4.53,8.522882461547852,0.7603477,0.16707517,-0.30669427,0.5281043171882629,0.35012255162000655,0.20799171924591064
0.3174371288925713,0.39697081600517425,0.4055648320815406,27.9,170937.6724528302,1.7999999999999998,0.0,1.0,0.04058961760306801,4.535,8.522882461547852,0.7603477,0.16707517,-0.30669427,0.5281043171882629,0.35012255162000655,0.20799171924591064
0.32909333068351354,0.37487418936677913,0.38144716088318203,30.24,288666.8047058823,1.7999999999999998,0.0,1.0,-0.2035584582049026,4.54,0.0,0.77623224,-0.83281267,0.57930434,0.5328696727752685,0.05015619993209839,0.47379130125045776
0.3443157555562162,0.37324613668980383,0.354001246359388,32.76,352321.53599999996,1.7999999999999998,0.0,1.0,-0.05096591082492097,4.545,0.0,0.77623224,-0.83281267,0.57930434,0.5328696727752685,0.05015619993209839,0.47379130125045776
0.35797297834714037,0.3622414134329839,0.32702059790678406,35.28,364470.5544827591,1.98,26033.611034482783,1.0,-0.035706656086922806,4.55,0.0,0.77623224,-0.83281267,0.57930434,0.5328696727752685,0.05015619993209839,0.47379130125045776
0.36864241703147604,0.3634325903039218,0.29987605637615067,37.8,107853.53142857125,1.98,0.0,1.0,0.010071108127071682,4.555,0.0,0.77623224,-0.83281267,0.57930434,0.5328696727752685,0.05015619993209839,0.47379130125045776
0.3799772104254942,0.3563850924532199,0.27439768586247965,40.14,297414.2836363641,1.98,0.0,1.0,-0.14252143925290994,4.5600000000000005,0.0,0.021375395,-0.33842584,0.7943569,0.30641261860728264,0.19847224652767181,0.5383070647716522
0.39185754575828263,0.358232523800275,0.24922027448236228,42.48,306708.4799999995,2.16,23592.96000000002,1.0,-0.2035584582049026,4.565,0.0,0.021375395,-0.33842584,0.7943569,0.30641261860728264,0.19847224652767181,0.5383070647716522
0.40086985884387594,0.36743054189724833,0.22661293844105793,44.64,283115.5200000005,2.34,23592.959999999963,1.0,-0.2035584582049026,4.57,0.0,0.021375395,-0.33842584,0.7943569,0.30641261860728264,0.19847224652767181,0.5383070647716522
0.4100651410870913,0.3645225206446218,0.2047477995274305,46.62,47.00537662161237,2.88,12.819648169530668,1.0,-0.31037324137088973,4.575,0.0,0.021375395,-0.33842584,0.7943569,0.30641261860728264,0.19847224652767181,0.5383070647716522
0.4188624434862712,0.36751561434249125,0.184969815825682,48.239999999999995,43278.80560509548,3.78,24043.780891719744,1.0,-0.2798547318948934,4.58,0.0,0.040086288,0.39880633,2.1063762,0.31202588640153406,0.419641900062561,0.6
0.4254008986558929,0.36661035158759947,0.1666781530186621,49.68,163237.77729729784,5.04,142833.05513513516,1.0,0.010071108127071682,4.585,0.0,0.040086288,0.39880633,2.1063762,0.31202588640153406,0.419641900062561,0.6
0.4320830174353062,0.37345274701251696,0.1536557819503604,50.58,111025.69411764688,7.02,244256.52705882347,1.0,-0.23407696768089892,4.59,0.0,0.040086288,0.39880633,2.1063762,0.31202588640153406,0.419641900062561,0.6
0.43883971086863033,0.3696133193921006,0.14876508431782928,51.12,73062.06967741923,9.36,316602.3019354839,1.0,0.010071108127071682,4.595,0.0,0.040086288,0.39880633,2.1063762,0.31202588640153406,0.419641900062561,0.6
0.44342300771672966,0.3707470753095878,0.1468338384634146,51.3,24354.023225806413,12.059999999999999,365310.34838709666,1.0,-0.43244727927487503,4.6000000000000005,0.0,-0.12723404,1.2421806,2.6483848,0.26182978749275204,0.6,0.6
0.448437711914545,0.37012973312628655,0.14504924569712613,51.3,0.0,15.299999999999999,411804.39272727276,1.0,0.2084414197210478,4.605,0.0,-0.12723404,1.2421806,2.6483848,0.26182978749275204,0.6,0.6
0.4538752835440347,0.3689161318438963,0.14716026146573083,50.94,-47185.919999999925,18.72,448266.24,1.0,-0.2798547318948934,4.61,0.0,-0.12723404,1.2421806,2.6483848,0.26182978749275204,0.6,0.6
0.4574166604287038,0.3638462416014046,0.1543323307667755,50.76,-4.12617624554576,21.779999999999998,70.144996174278,1.0,-0.11200292977691362,4.615,0.0,-0.12723404,1.2421806,2.6483848,0.26182978749275204,0.6,0.6
0.46090898073905884,0.35392027320315234,0.1627091206300518,50.58,-8677.870344827572,24.3,121490.18482758636,1.0,-0.21881771294290076,4.62,0.0,-0.69288933,1.8595685,2.559461,0.09213320016860961,0.6,0.6
0.46493431596263,0.33864553180175916,0.17456273669650507,50.58,0.0,26.279999999999998,212941.58769230737,1.0,0.010071108127071682,4.625,0.0,-0.69288933,1.8595685,2.559461,0.09213320016860961,0.6,0.6
0.46766376232841844,0.33322659140331223,0.1935030328132578,51.12,68634.06545454534,27.36,137268.13090909115,1.0,-0.17303994872890627,4.63,0.0,-0.69288933,1.8595685,2.559461,0.09213320016860961,0.6,0.6
0.4674616253392782,0.31443790130635474,0.21237284146405302,51.66,16777.215999999975,27.36,0.0,1.0,0.07110812707906433,4.635,0.0,-0.69288933,1.8595685,2.559461,0.09213320016860961,0.6,0.6
0.46596286088468064,0.310812577566792,0.22942496897879605,52.739999999999995,129424.23771428551,26.459999999999997,-107853.53142857169,1.0,-0.31037324137088973,4.64,0.0,-0.9578332,1.947182,2.1515007,0.012650048732757569,0.6,0.6
0.4645442881533125,0.2906728199589406,0.24868411164681914,54.0,160146.15272727338,24.66,-228780.21818181782,1.0,-0.09674367503891546,4.6450000000000005,0.0,-0.9578332,1.947182,2.1515007,0.012650048732757569,0.6,0.6
0.46144243716759586,0.29193572765049286,0.2656498958176148,55.44,201326.59199999968,22.14,-352321.53599999996,1.0,-0.21881771294290076,4.65,0.0,-0.9578332,1.947182,2.1515007,0.012650048732757569,0.6,0.6
0.45794055097023256,0.28668821423349905,0.2787430652015039,57.059999999999995,205902.19636363603,19.08,-388926.3709090912,1.0,0.07110812707906433,4.655,0.0,-0.9578332,1.947182,2.1515007,0.012650048732757569,0.6,0.6
0.45546651548768685,0.28413067497928657,0.29436476879386525,58.5,34.793465983063655,15.66,-82.63448170977587,1.0,-0.31037324137088973,4.66,0.0,-1.6141846,0.63253915,1.5558419,0.0,0.489761745929718,0.6
0.4524423146795415,0.29088989560449713,0.3093695937020846,59.76,32029.230545454495,12.24,-86936.4829090909,1.0,-0.020447401348924643,4.665,0.0,-1.6141846,0.63253915,1.5558419,0.0,0.489761745929718,0.6
0.4484478863246857,0.2905153575146749,0.32226164111566546,60.839999999999996,116149.95692307674,8.82,-367808.19692307693,1.0,-0.23407696768089892,4.67,0.0,-1.6141846,0.63253915,1.5558419,0.0,0.489761745929718,0.6
0.446441295398885,0.2947132080234938,0.33498328670134925,61.559999999999995,86282.82514285701,5.76,-366702.0068571429,1.0,0.11688589129305882,4.675,0.0,-1.6141846,0.63253915,1.5558419,0.0,0.489761745929718,0.6
0.4441942924155921,0.29329149626689094,0.34921416690135054,61.739999999999995,24354.023225806413,2.88,-389664.3716129032,1.0,-0.18829920346690443,4.68,0.0,-1.4193035,0.027757302,0.98430496,0.0,0.30832719057798386,0.5952914893627167
0.4397065591753655,0.2906812630460239,0.36041869377247615,61.199999999999996,-64712.118857142756,1.6199999999999999,-150994.944,1.0,-0.05096591082492097,4.6850000000000005,0.0,-1.4193035,0.027757302,0.98430496,0.0,0.30832719057798386,0.5952914893627167
0.42971990898521484,0.3028954496816553,0.3731626732289573,59.94,-83886.07999999987,2.52,59918.62857142858,1.0,-0.38666951506088054,4.69,0.0,-1.4193035,0.027757302,0.98430496,0.0,0.30832719057798386,0.5952914893627167
0.4194154240351639,0.31075938560692024,0.386594676626567,58.32,-212336.63999999966,3.42,117964.79999999999,1.0,-0.17303994872890627,4.695,0.0,-1.4193035,0.027757302,0.98430496,0.0,0.30832719057798386,0.5952914893627167
0.4061298703839294,0.3223201880670664,0.3978315268297441,56.699999999999996,-37.50081395220497,3.5999999999999996,4.166757105800534,1.0,-0.29511398663289157,4.7,0.0,1.2978237,-0.9654547,-0.58430946,0.6,0.010363590717315673,0.1247071623802185
0.3887097640232622,0.32764787762252806,0.40752346568942077,54.9,-95566.42025316441,3.2399999999999998,-19113.284050632905,1.0,0.10162663655506066,4.705,0.0,1.2978237,-0.9654547,-0.58430946,0.6,0.010363590717315673,0.1247071623802185
0.37212364847752727,0.34312099336823093,0.41714051594991364,52.919999999999995,-207618.04800000042,2.52,-75497.47199999998,1.0,-0.26459547715689524,4.71,0.0,1.2978237,-0.9654547,-0.58430946,0.6,0.010363590717315673,0.1247071623802185
0.35695780081912243,0.3564377658241547,0.42374478846178737,50.76,-266461.6658823525,1.7999999999999998,-88820.55529411767,1.0,-0.020447401348924643,4.715,0.0,1.2978237,-0.9654547,-0.58430946,0.6,0.010363590717315673,0.1247071623802185
0.33937090760023303,0.36693654248488106,0.4294231976399452,48.059999999999995,-377487.3600000004,1.7999999999999998,0.0,1.0,-0.14252143925290994,4.72,0.0,1.923081,-0.68006027,-0.26005268,0.6,0.0959819197654724,0.2219841957092285
0.3239812255137213,0.3854261221330047,0.4354685111371055,45.18,-355282.22117647005,1.7999999999999998,0.0,1.0,0.010071108127071682,4.7250000000000005,0.0,1.923081,-0.68006027,-0.26005268,0.6,0.0959819197654724,0.2219841957092285
0.3103511026844333,0.3921296025792566,0.4405811211431806,42.12,-112583.94947368429,1.7999999999999998,0.0,1.0,0.17792291024505147,4.73,0.0,1.923081,-0.68006027,-0.26005268,0.6,0.0959819197654724,0.2219841957092285
0.29525229820321974,0.4031507501293538,0.4445709889528018,38.879999999999995,-424673.28000000026,1.7999999999999998,0.0,1.0,0.0863673818170625,4.735,0.0,1.923081,-0.68006027,-0.26005268,0.6,0.0959819197654724,0.2219841957092285
0.2763398927515412,0.40102590254849957,0.4488585702011556,35.46,-448266.2399999993,1.7999999999999998,0.0,1.0,-0.23407696768089892,4.74,20.0,0.62638867,-0.4405748,-1.3849158,0.48791660070419307,0.1678275614976883,0.0
0.25590473923936247,0.4133079532155174,0.452470561191691,31.86,-87.4542118432027,1.7999999999999998,0.0,1.0,0.04058961760306801,4.745,20.0,0.62638867,-0.4405748,-1.3849158,0.48791660070419307,0.1678275614976883,0.0
0.23397043272123091,0.4221773335829359,0.45478961825207365,28.259999999999998,-225365.58805970158,1.7999999999999998,0.0,1.0,-0.23407696768089892,4.75,20.0,0.62638867,-0.4405748,-1.3849158,0.48791660070419307,0.1678275614976883,0.0
0.21329656916070977,0.423143511209753,0.4575266814430121,24.66,-444102.776470588,1.6199999999999999,-22205.138823529403,1.0,-0.005188146610926481,4.755,20.0,0.62638867,-0.4405748,-1.3849158,0.48791660070419307,0.1678275614976883,0.0
0.19448880605946606,0.41892856463971284,0.4599098192667987,20.88,-495452.16000000015,1.6199999999999999,0.0,1.0,-0.17303994872890627,4.76,20.0,0.97609246,-0.3543601,-0.55940586,0.5928277373313904,0.19369196891784668,0.13217824101448059
0.18177463422088688,0.41485869921171253,0.460882826308281,17.28,-503316.4799999997,1.6199999999999999,0.0,1.0,0.2847376934110386,4.765,20.0,0.97609246,-0.3543601,-0.55940586,0.5928277373313904,0.19369196891784668,0.13217824101448059
0.17534164691426385,0.4128906020239867,0.4592509584307003,13.68,-444102.7764705884,1.6199999999999999,0.0,1.0,-0.11200292977691362,4.7700000000000005,20.0,0.97609246,-0.3543601,-0.55940586,0.5928277373313904,0.19369196891784668,0.13217824101448059
0.17239354418757244,0.4065601713358402,0.45836189136039807,10.08,-471859.19999999995,1.6199999999999999,0.0,1.0,-0.05096591082492097,4.775,20.0,0.97609246,-0.3543601,-0.55940586,0.5928277373313904,0.19369196891784668,0.13217824101448059
0.17366660264141193,0.41373967032841,0.457768803329197,6.84,-468604.9986206897,1.6199999999999999,0.0,1.0,-0.26459547715689524,4.78,0.0,0.78413343,-0.99219537,-1.805394,0.5352400302886963,0.0023413896560668945,0.0
0.1775280983767773,0.40393347285760506,0.45483552092078494,4.14,-60.88080295463221,5.3999999999999995,85.23312413648507,1.0,3.1992553483687995,4.785,0.0,0.78413343,-0.99219537,-1.805394,0.5352400302886963,0.0023413896560668945,0.0
0.1799283724838941,0.40168465076739834,0.45499622783802507,2.88,-38295.81913043478,9.18,114887.45739130436,1.0,-4.308297982726518,4.79,0.0,0.78413343,-0.99219537,-1.805394,0.5352400302886963,0.0023413896560668945,0.0
0.18375493761274558,0.4094915722973291,0.4549776672917954,2.88,0.0,8.82,-38716.652307692246,1.0,2.69569994201486,4.795,0.0,0.78413343,-0.99219537,-1.805394,0.5352400302886963,0.0023413896560668945,0.0
0.1975868141601765,0.3924725590001075,0.4462714088512372,4.5,205902.19636363638,5.58,-411804.39272727276,1.0,-2.477187414166684,4.8,0.0,0.8548205,-1.1611849,-1.9313799,0.5564461469650268,0.0,0.0
0.21351349116960464,0.37731688516596945,0.42782343104749243,6.84,327155.712,1.7999999999999998,-528482.304,1.0,9.989623706778147,4.805,0.0,0.8548205,-1.1611849,-1.9313799,0.5564461469650268,0.0,0.0
0.2264108208642244,0.36768911390246317,0.4118356496843622,8.64,260336.1103448277,1.7999999999999998,0.0,1.0,-3.514816736350614,4.8100000000000005,0.0,0.8548205,-1.1611849,-1.9313799,0.5564461469650268,0.0,0.0
0.24393097576318246,0.3528771145237115,0.39816162749936507,11.16,293601.27999999997,1.98,20971.52000000002,1.0,-0.12726218451491178,4.815,0.0,0.8548205,-1.1611849,-1.9313799,0.5564461469650268,0.0,0.0
0.26385142761466074,0.3458392260599009,0.3809972153808391,14.04,389664.3716129031,1.6199999999999999,-48708.046451612914,1.0,-1.9583727530747463,4.82,0.0,0.09328282,-1.0023794,-1.5451312,0.3279848456382751,0.0,0.0
0.27864863280343927,0.32736611854306974,0.36113766076501236,16.74,365310.34838709666,1.7999999999999998,24354.023225806442,1.0,1.276589251380976,4.825,0.0,0.09328282,-1.0023794,-1.5451312,0.3279848456382751,0.0,0.0
0.2947130694207433,0.3110798852493222,0.3413659438843124,19.98,78.65503466956838,1.6199999999999999,-4.36972414830935,1.0,-0.8749656666768217,4.83,0.0,0.09328282,-1.0023794,-1.5451312,0.3279848456382751,0.0,0.0
0.31135535375255596,0.30022082711975645,0.3215320626601332,23.4,164879.53655172404,1.7999999999999998,8677.870344827583,1.0,0.2847376934110386,4.835,0.0,0.09328282,-1.0023794,-1.5451312,0.3279848456382751,0.0,0.0
0.3247017691034071,0.29036474880154417,0.30457093551367304,26.82,358612.9920000002,1.6199999999999999,-18874.367999999995,1.0,-0.29511398663289157,4.84,0.0,0.017026793,-0.7400923,-0.08129812,0.30510803796350955,0.07797231674194335,0.275610563904047
0.3376255357875336,0.28613364960762566,0.29049815193974726,30.419999999999998,105590.86993006986,1.7999999999999998,5279.543496503495,1.0,0.2847376934110386,4.845,0.0,0.017026793,-0.7400923,-0.08129812,0.30510803796350955,0.07797231674194335,0.275610563904047
0.3517669687516352,0.27461262965130434,0.2764627280117979,34.379999999999995,255529.90523076904,1.7999999999999998,0.0,1.0,-0.06622516556291913,4.8500000000000005,0.0,0.017026793,-0.7400923,-0.08129812,0.30510803796350955,0.07797231674194335,0.275610563904047
0.3635420100878915,0.2607489834989553,0.26345517072762886,38.16,466307.91529411776,1.7999999999999998,0.0,1.0,-0.3714102603228824,4.855,0.0,0.017026793,-0.7400923,-0.08129812,0.30510803796350955,0.07797231674194335,0.275610563904047
0.3740632188633776,0.2649705693171419,0.2524276616925819,42.12,474555.5382857144,1.7999999999999998,0.0,1.0,0.025330362865069844,4.86,0.0,0.03933276,-0.22943601,-0.9372395,0.3117998275905847,0.23116919696331023,0.018828141689300536
0.384294473968448,0.2498383452973017,0.24143732827616574,46.08,415236.0960000001,1.7999999999999998,0.0,1.0,-0.4019287697988787,4.865,0.0,0.03933276,-0.22943601,-0.9372395,0.3117998275905847,0.23116919696331023,0.018828141689300536
0.39263656792117724,0.23117357631489052,0.22831083487097628,50.04,519045.1200000001,1.7999999999999998,0.0,1.0,0.3305154576250331,4.87,0.0,0.03933276,-0.22943601,-0.9372395,0.3117998275905847,0.23116919696331023,0.018828141689300536
0.3999418513113658,0.22503723152735114,0.2134293204113908,54.0,91.0171345904092,1.7999999999999998,0.0,1.0,-0.26459547715689524,4.875,0.0,0.03933276,-0.22943601,-0.9372395,0.3117998275905847,0.23116919696331023,0.018828141689300536
0.408083019336743,0.19563950916020792,0.19719833543255,57.96,224451.94378378382,1.98,10202.36108108109,1.0,0.10162663655506066,4.88,0.0,0.7008877,-0.5858283,-0.29252353,0.5102663040161133,0.12425150871276855,0.21224294006824493
0.41525404089182794,0.18614654811930767,0.18058893173466672,61.739999999999995,428499.16540540475,1.98,0.0,1.0,-0.46296578875087135,4.885,0.0,0.7008877,-0.5858283,-0.29252353,0.5102663040161133,0.12425150871276855,0.21224294006824493
0.41811740650501605,0.1659896685917127,0.16389024180169715,65.34,487080.46451613016,2.34,48708.046451612885,1.0,-0.005188146610926481,4.89,0.0,0.7008877,-0.5858283,-0.29252353,0.5102663040161133,0.12425150871276855,0.21224294006824493
0.41802241689136327,0.14801140956267,0.14854334140139747,68.94,487080.46451612824,2.6999999999999997,48708.046451612885,1.0,0.010071108127071682,4.8950000000000005,0.0,0.7008877,-0.5858283,-0.29252353,0.5102663040161133,0.12425150871276855,0.21224294006824493
0.41758208089195176,0.12736836738922097,0.13393972054444817,72.17999999999999,399692.49882352876,3.42,88820.55529411767,1.0,-0.29511398663289157,4.9,0.0,0.1795318,-0.028674796,-1.4309295,0.35385953933000563,0.2913975611329079,0.0
0.4169349128912604,0.11138226557076676,0.12042902497941435,75.06,89478.48533333364,4.5,33554.432,1.0,-0.035706656086922806,4.905,0.0,0.1795318,-0.028674796,-1.4309295,0.35385953933000563,0.2913975611329079,0.0
0.41549282296518225,0.09289600155143386,0.1122601438562399,77.75999999999999,343170.3272727258,5.9399999999999995,183024.17454545447,1.0,-0.6308175908688511,4.91,0.0,0.1795318,-0.028674796,-1.4309295,0.35385953933000563,0.2913975611329079,0.0
0.4151275247776977,0.08291572135934722,0.11073164345807071,80.1,53.698987591097186,7.739999999999999,41.306913531613155,1.0,0.1626636555070533,4.915,0.0,0.1795318,-0.028674796,-1.4309295,0.35385953933000563,0.2913975611329079,0.0
0.4142849368589354,0.07412786214416012,0.10918178014604442,82.08,110729.62560000022,10.08,130862.28480000004,1.0,-0.2798547318948934,4.92,0.0,0.06729216,0.5124679,-1.2622963,0.32018764838576314,0.45374037623405455,0.0
0.4132806838096635,0.07761848996217816,0.10831243253053156,83.34,132120.57600000052,13.139999999999999,320864.2559999999,1.0,0.17792291024505147,4.925,0.0,0.06729216,0.5124679,-1.2622963,0.32018764838576314,0.45374037623405455,0.0
0.41304084185529233,0.07176927770403756,0.10931942899176221,84.24,111025.69411764601,16.919999999999998,466307.9152941176,1.0,-0.34089175084688605,4.93,0.0,0.06729216,0.5124679,-1.2622963,0.32018764838576314,0.45374037623405455,0.0
0.41206609050058235,0.07999318787541354,0.109769717619364,84.6,50331.64799999992,21.24,603979.7760000001,1.0,-0.05096591082492097,4.9350000000000005,0.0,0.06729216,0.5124679,-1.2622963,0.32018764838576314,0.45374037623405455,0.0
0.41048476980447,0.07075068648099468,0.11038152975228514,84.42,-22205.1388235285,26.099999999999998,599538.748235294,1.0,-0.4019287697988787,4.94,0.0,-0.064435616,0.7458273,1.0737574,0.2806693151593208,0.5237481951713562,0.6
0.4102843305145293,0.08168293213931538,0.11126969923883148,84.06,-47185.919999999925,30.959999999999997,637009.9199999999,1.0,0.0863673818170625,4.945,0.0,-0.064435616,0.7458273,1.0737574,0.2806693151593208,0.5237481951713562,0.6
0.41009446138384537,0.09781683037335151,0.11190857672355783,83.34,-91512.08727272713,35.82,617706.5890909095,1.0,-0.3256324961088879,4.95,0.0,-0.064435616,0.7458273,1.0737574,0.2806693151593208,0.5237481951713562,0.6
0.410497995452527,0.11687726052422687,0.11293219426096078,82.61999999999999,-97416.09290322757,40.14,584496.5574193549,1.0,0.10162663655506066,4.955,0.0,-0.064435616,0.7458273,1.0737574,0.2806693151593208,0.5237481951713562,0.6
0.41108074070119843,0.11983701786334652,0.11506807034908394,81.72,-21.404970655779334,43.379999999999995,77.0578943608062,1.0,-0.24933622241889708,4.96,0.0,0.31658876,0.78839993,1.3046134,0.3949766278266907,0.536519980430603,0.6
0.4101761269575217,0.11920890402661834,0.11743202438251074,81.17999999999999,-31457.280000000363,45.72,136314.8800000002,1.0,0.14740440076905514,4.965,0.0,0.31658876,0.78839993,1.3046134,0.3949766278266907,0.536519980430603,0.6
0.40967957641390984,0.1191213284328519,0.11905488862134656,80.82,-40809.44432432426,46.44,81618.88864864851,1.0,-0.005188146610926481,4.97,0.0,0.31658876,0.78839993,1.3046134,0.3949766278266907,0.536519980430603,0.6
0.4096044367669479,0.11952563035574372,0.1199021306030828,80.64,-21570.7062857134,46.08,-43141.412571428504,1.0,-0.09674367503891546,4.9750000000000005,0.0,0.31658876,0.78839993,1.3046134,0.3949766278266907,0.536519980430603,0.6
0.40927073530180064,0.14570830714813562,0.12002757950601575,80.28,-45756.04363636357,44.82,-160146.15272727248,1.0,-0.06622516556291913,4.98,0.0,0.23520641,0.7298995,1.747127,0.3705619230866432,0.5189698576927185,0.6
0.4084591641649863,0.15318674335458554,0.11974612968960524,79.74,-61214.16648648719,43.559999999999995,-142833.0551351357,1.0,-0.08148442030091729,4.985,0.0,0.23520641,0.7298995,1.747127,0.3705619230866432,0.5189698576927185,0.6
0.4082197348978026,0.16383987042800321,0.11902986390605302,79.02,-91512.08727272713,42.12,-183024.17454545427,1.0,-0.3256324961088879,4.99,0.0,0.23520641,0.7298995,1.747127,0.3705619230866432,0.5189698576927185,0.6
0.40835026888851533,0.17683684432057556,0.11660394667255126,77.94,-141557.75999999978,40.86,-165150.71999999974,1.0,0.025330362865069844,4.995,0.0,0.23520641,0.7298995,1.747127,0.3705619230866432,0.5189698576927185,0.6
0.40754503948463455,0.19675362079967668,0.11193809328930326,76.5,-33.066698201527416,39.78,-24.800023651145562,1.0,-0.2798547318948934,5.0,0.0,-0.5296631,0.83461094,1.2512549,0.14110107421874998,0.5503832817077636,0.6
0.40564698961025375,0.20062365037708113,0.10796347432339341,74.7,-107853.53142857125,39.24,-32356.059428571378,1.0,-0.2798547318948934,5.005,0.0,-0.5296631,0.83461094,1.2512549,0.14110107421874998,0.5503832817077636,0.6
0.4041807497682152,0.22837879425485594,0.10867919574422977,72.36,-251658.24000000037,38.879999999999995,-38716.65230769301,1.0,-0.23407696768089892,5.01,0.0,-0.5296631,0.83461094,1.2512549,0.14110107421874998,0.5503832817077636,0.6
0.40169651509824095,0.24896327051277173,0.11033401453574034,69.66,-101112.68571428582,38.699999999999996,-6740.845714285703,1.0,0.04058961760306801,5.015,0.0,-0.5296631,0.83461094,1.2512549,0.14110107421874998,0.5503832817077636,0.6
0.3955213067259806,0.2663347915748732,0.11373075984109748,66.78,-366048.34909090854,38.879999999999995,22878.021818181784,1.0,-0.1577806939909081,5.0200000000000005,0.0,0.11320942,0.18027928,1.9499056,0.3339628256857395,0.3540837854146957,0.6
0.3870151610852806,0.2825905593066682,0.12906534625680077,63.54,-388272.71314285736,38.699999999999996,-21570.706285714252,1.0,0.07110812707906433,5.025,0.0,0.11320942,0.18027928,1.9499056,0.3339628256857395,0.3540837854146957,0.6
0.3807434490270647,0.30226957377827623,0.14925289581677842,60.3,-388272.71314285736,38.339999999999996,-43141.412571428504,1.0,-0.14252143925290994,5.03,0.0,0.11320942,0.18027928,1.9499056,0.3339628256857395,0.3540837854146957,0.6
0.3780013141334389,0.3185009246969968,0.1653110789082609,57.059999999999995,-424673.28000000026,37.44,-117964.79999999981,1.0,0.2542191839350423,5.035,0.0,0.11320942,0.18027928,1.9499056,0.3339628256857395,0.3540837854146957,0.6
0.377066691423189,0.31949773357140443,0.18245768399323675,54.0,-427819.00799999933,35.82,-226492.41599999965,1.0,-0.34089175084688605,5.04,0.0,-0.019660309,0.6878476,2.1089587,0.29410190731287,0.506354284286499,0.6
0.3769405949624835,0.33848279070396414,0.20185679926713337,51.3,-65.6035777594977,33.48,-56.856434058231365,1.0,0.05584887234106617,5.045,0.0,-0.019660309,0.6878476,2.1089587,0.29410190731287,0.506354284286499,0.6
0.37777897616330075,0.3469270549764573,0.21641049801596765,48.78,-142833.0551351349,30.24,-183642.49945945936,1.0,-0.4934842982268677,5.05,0.0,-0.019660309,0.6878476,2.1089587,0.29410190731287,0.506354284286499,0.6
0.37874106807352353,0.3488929985186655,0.22971485039445155,46.44,-272629.7600000004,26.459999999999997,-440401.92000000016,1.0,0.04058961760306801,5.055,0.0,-0.019660309,0.6878476,2.1089587,0.29410190731287,0.506354284286499,0.6
0.37985034319487415,0.3653405746581763,0.2452809619978227,44.46,-82224.96950495036,21.779999999999998,-194349.92792079208,1.0,-0.26459547715689524,5.0600000000000005,0.0,-0.22470808,0.7251433,1.8738796,0.23258757591247559,0.5175429940223694,0.6
0.37717566607748587,0.3787859004014785,0.25887856465895076,42.66,-251658.2400000006,16.74,-704643.0719999999,1.0,-0.05096591082492097,5.065,0.0,-0.22470808,0.7251433,1.8738796,0.23258757591247559,0.5175429940223694,0.6
0.367242219476536,0.37912938970951987,0.27133366909851114,41.22,-177641.11058823502,10.98,-710564.4423529409,1.0,-0.2798547318948934,5.07,0.0,-0.22470808,0.7251433,1.8738796,0.23258757591247559,0.5175429940223694,0.6
0.35696809172159344,0.3927435757002522,0.28464503517628603,39.78,-183024.17454545427,5.04,-754974.7200000001,1.0,-0.005188146610926481,5.075,0.0,-0.22470808,0.7251433,1.8738796,0.23258757591247559,0.5175429940223694,0.6
0.34775337286741426,0.394937496295585,0.2972391972622376,37.62,-161780.29714285742,0.8999999999999999,-310078.9028571429,1.0,-0.21881771294290076,5.08,0.0,-1.042988,1.4613442,1.7030063,0.0,0.6,0.6
0.3358751980680916,0.4011889287106063,0.3088523294097325,34.379999999999995,-74.26995469326415,2.6999999999999997,41.26108594070228,1.0,0.1626636555070533,5.085,0.0,-1.042988,1.4613442,1.7030063,0.0,0.6,0.6
0.32370806620956205,0.3939063014222516,0.3223039464058242,30.959999999999997,-166796.7404651162,4.68,96566.53395348837,1.0,0.0863673818170625,5.09,0.0,-1.042988,1.4613442,1.7030063,0.0,0.6,0.6
0.3148857062110975,0.3986257038955744,0.33467385793270094,27.9,-329091.5446153845,5.58,96791.6307692308,1.0,-0.29511398663289157,5.095,0.0,-1.042988,1.4613442,1.7030063,0.0,0.6,0.6
0.31157549121877454,0.4009916876237582,0.3446762572944758,25.56,-297414.28363636363,4.859999999999999,-91512.08727272735,1.0,-0.4019287697988787,5.1000000000000005,0.0,-0.6437911,0.5096252,2.4310362,0.10686267614364624,0.4528875589370727,0.6
0.3100914240507484,0.39865582041703035,0.3545123227736848,24.119999999999997,-201326.59200000018,2.88,-276824.06399999995,1.0,0.17792291024505147,5.105,0.0,-0.6437911,0.5096252,2.4310362,0.10686267614364624,0.4528875589370727,0.6
0.3091473415598875,0.39033752603131133,0.3643850753037905,22.32,-215707.0628571425,1.44,-172565.65028571428,1.0,-0.21881771294290076,5.11,0.0,-0.6437911,0.5096252,2.4310362,0.10686267614364624,0.4528875589370727,0.6
0.3083734406502826,0.3935330044736072,0.3728183473368451,20.52,-52428.80000000002,1.98,15728.640000000001,1.0,0.2084414197210478,5.115,0.0,-0.6437911,0.5096252,2.4310362,0.10686267614364624,0.4528875589370727,0.6
0.3073507260846096,0.4029750327004413,0.38190829874403204,19.439999999999998,-133230.8329411767,1.6199999999999999,-44410.277647058836,1.0,0.04058961760306801,5.12,0.0,-1.2024583,-0.2967472,1.7199668,0.0,0.21097583770751951,0.6
0.3064927560063749,0.4184372711890484,0.3909010538022457,18.0,-194832.1858064513,1.7999999999999998,24354.023225806442,1.0,-0.18829920346690443,5.125,0.0,-1.2024583,-0.2967472,1.7199668,0.0,0.21097583770751951,0.6
0.3033482323179598,0.4234929811570266,0.3983142124097476,17.28,-17.552551191811606,1.6199999999999999,-4.388137797952907,1.0,-0.26459547715689524,5.13,0.0,-1.2024583,-0.2967472,1.7199668,0.0,0.21097583770751951,0.6
0.2979055510691497,0.42023029349099106,0.4056044750394865,17.099999999999998,-12177.011612903447,1.6199999999999999,0.0,1.0,-0.14252143925290994,5.135,0.0,-1.2024583,-0.2967472,1.7199668,0.0,0.21097583770751951,0.6
0.2942386824120271,0.4214018573405112,0.4132899275439802,16.919999999999998,-24354.023225806413,1.6199999999999999,0.0,1.0,-0.23407696768089892,5.14,0.0,-0.1570007,-1.373946,0.93953156,0.25289978832006454,0.0,0.5818594694137573
0.2889218110799041,0.42582572597962265,0.4194276808453378,17.099999999999998,24354.023225806413,1.6199999999999999,0.0,1.0,-0.08148442030091729,5.1450000000000005,0.0,-0.1570007,-1.373946,0.93953156,0.25289978832006454,0.0,0.5818594694137573
0.2778173335166042,0.43306967727404977,0.4248999081336059,17.46,48708.04645161331,1.7999999999999998,24354.023225806442,1.0,-0.4019287697988787,5.15,0.0,-0.1570007,-1.373946,0.93953156,0.25289978832006454,0.0,0.5818594694137573
0.2670734086156119,0.4276523950501221,0.4309375507120635,17.82,47185.919999999925,1.7999999999999998,0.0,1.0,0.0863673818170625,5.155,0.0,-0.1570007,-1.373946,0.93953156,0.25289978832006454,0.0,0.5818594694137573
0.25786831421887346,0.43944388343554047,0.436276550182267,18.36,68634.06545454534,1.7999999999999998,0.0,1.0,0.05584887234106617,5.16,0.0,1.4866891,-1.5524706,-1.0894377,0.6,0.0,0.0
0.2456647913449899,0.437370005756434,0.4409475336258401,18.9,70778.87999999989,1.7999999999999998,0.0,1.0,-0.2035584582049026,5.165,0.0,1.4866891,-1.5524706,-1.0894377,0.6,0.0,0.0
0.23026515803239775,0.4335018960645149,0.446133965831061,19.439999999999998,12.257608685063598,1.7999999999999998,0.0,1.0,-0.14252143925290994,5.17,0.0,1.4866891,-1.5524706,-1.0894377,0.6,0.0,0.0
0.21621368164154064,0.44193630179668586,0.4505912369780745,19.98,44410.27764705905,1.7999999999999998,0.0,1.0,0.23895992919704412,5.175,0.0,1.4866891,-1.5524706,-1.0894377,0.6,0.0,0.0
0.20293457928286518,0.4474223158728587,0.45425995911789735,20.16,24354.023225806413,1.7999999999999998,0.0,1.0,-0.21881771294290076,5.18,8.522882461547852,1.4618021,-0.90639377,-1.7561257,0.6,0.028081870079040526,0.0
0.19323061792747143,0.4577873504874837,0.45876557178334704,20.52,48708.04645161283,1.7999999999999998,0.0,1.0,-0.06622516556291913,5.1850000000000005,8.522882461547852,1.4618021,-0.90639377,-1.7561257,0.6,0.028081870079040526,0.0
0.18710686753299413,0.453469847721652,0.4626767944578117,20.7,8987.794285714272,1.7999999999999998,0.0,1.0,-0.2035584582049026,5.19,8.522882461547852,1.4618021,-0.90639377,-1.7561257,0.6,0.028081870079040526,0.0
0.18045129454465095,0.45332571191929116,0.4658938757474361,20.7,0.0,1.7999999999999998,0.0,1.0,0.05584887234106617,5.195,8.522882461547852,1.4618021,-0.90639377,-1.7561257,0.6,0.028081870079040526,0.0
0.17062903281141975,0.44568085737224217,0.4697532403048989,20.52,-22205.138823529378,1.7999999999999998,0.0,1.0,-0.08148442030091729,5.2,20.0,0.9670422,-0.8943896,-1.6556765,0.5901126623153686,0.0316831111907959,0.0
0.16094488491291972,0.4445896513002355,0.4740456418488097,20.34,-22878.021818181784,1.7999999999999998,0.0,1.0,-0.05096591082492097,5.205,20.0,0.9670422,-0.8943896,-1.6556765,0.5901126623153686,0.0316831111907959,0.0
0.1563321131668172,0.4437920677758835,0.4771747580232895,19.98,-48708.04645161283,1.7999999999999998,0.0,1.0,-0.2798547318948934,5.21,20.0,0.9670422,-0.8943896,-1.6556765,0.5901126623153686,0.0316831111907959,0.0
0.15499168727968501,0.43251137490569347,0.4811624094065097,19.439999999999998,-13.05665081369012,1.7999999999999998,0.0,1.0,-0.05096591082492097,5.215,20.0,0.9670422,-0.8943896,-1.6556765,0.5901126623153686,0.0316831111907959,0.0
0.15365467686292636,0.42388126903024737,0.48511107391801056,19.08,-19867.755789473653,1.7999999999999998,0.0,1.0,-0.23407696768089892,5.22,8.522882461547852,1.1137923,-1.1527175,-1.735179,0.6,0.0,0.0
0.15489356550685895,0.4137788925767101,0.48743724504184394,18.54,-59603.26736842096,1.7999999999999998,0.0,1.0,0.04058961760306801,5.2250000000000005,8.522882461547852,1.1137923,-1.1527175,-1.735179,0.6,0.0,0.0
0.15843680697726942,0.38808476211318776,0.48667712500170485,18.0,-68634.06545454534,1.7999999999999998,0.0,1.0,-0.2798547318948934,5.23,8.522882461547852,1.1137923,-1.1527175,-1.735179,0.6,0.0,0.0
0.1625682902289144,0.36446628426655303,0.4851599606950019,17.28,-104134.44413793087,1.7999999999999998,0.0,1.0,-0.05096591082492097,5.235,8.522882461547852,1.1137923,-1.1527175,-1.735179,0.6,0.0,0.0
0.16870273290903962,0.3430298231688156,0.485024955695873,16.74,-66615.41647058856,1.7999999999999998,0.0,1.0,0.11688589129305882,5.24,0.0,1.4578156,-1.5471909,-1.5897986,0.6,0.0,0.0
0.18396033173455364,0.30531952981144295,0.48293355944924915,16.38,-47185.919999999925,1.6199999999999999,-23592.959999999992,1.0,0.2084414197210478,5.245,0.0,1.4578156,-1.5471909,-1.5897986,0.6,0.0,0.0
0.20774820323439086,0.27305491227857126,0.47788458609855056,16.02,-52067.222068965435,1.6199999999999999,0.0,1.0,-0.2798547318948934,5.25,0.0,1.4578156,-1.5471909,-1.5897986,0.6,0.0,0.0
0.22562432626755266,0.24602049665898795,0.4640476321744996,16.02,0.0,1.6199999999999999,0.0,1.0,0.010071108127071682,5.255,0.0,1.4578156,-1.5471909,-1.5897986,0.6,0.0,0.0
0.24478603700746684,0.228157446609261,0.4404303223620282,16.2,8778.775813953474,1.6199999999999999,0.0,1.0,-0.035706656086922806,5.26,0.0,1.6209962,-1.7384312,-1.3096174,0.6,0.0,0.0
0.2654604252609189,0.21897613745454053,0.41187242810926444,16.56,38716.652307692246,1.7999999999999998,19358.32615384615,1.0,-0.08148442030091729,5.265,0.0,1.6209962,-1.7384312,-1.3096174,0.6,0.0,0.0
0.28220962416849843,0.20915987419541163,0.3817242022090093,17.099999999999998,18414.017560975582,1.7999999999999998,0.0,1.0,-0.14252143925290994,5.2700000000000005,0.0,1.6209962,-1.7384312,-1.3096174,0.6,0.0,0.0
0.29690858158440614,0.20283691551139638,0.3520034363026609,18.0,121770.11612903254,1.7999999999999998,0.0,1.0,-0.005188146610926481,5.275,0.0,1.6209962,-1.7384312,-1.3096174,0.6,0.0,0.0
0.31557648646349806,0.18078466373988192,0.3230317257379978,19.259999999999998,165150.71999999974,1.7999999999999998,0.0,1.0,-0.2798547318948934,5.28,0.0,1.698794,-1.9581212,-0.7220308,0.6,0.0,0.08339075446128845
0.3304493313934393,0.17436876020443726,0.2954718048266448,20.7,183024.1745454547,1.7999999999999998,0.0,1.0,-0.09674367503891546,5.285,0.0,1.698794,-1.9581212,-0.7220308,0.6,0.0,0.08339075446128845
0.3428514170791368,0.1698285433633303,0.26939542935066824,22.32,199846.24941176482,1.7999999999999998,0.0,1.0,-0.035706656086922806,5.29,0.0,1.698794,-1.9581212,-0.7220308,0.6,0.0,0.08339075446128845
0.35758562968208274,0.1686199852030785,0.24512883066808389,24.48,292248.27870967746,1.7999999999999998,0.0,1.0,-0.05096591082492097,5.295,0.0,1.698794,-1.9581212,-0.7220308,0.6,0.0,0.08339075446128845
0.370641864680269,0.15240155839274552,0.22178026526959915,26.82,52.83010560992152,1.7999999999999998,0.0,1.0,-0.18829920346690443,5.3,0.0,1.5779957,-1.7789301,-0.65594137,0.6,0.0,0.1032175898551941
0.38018275974173504,0.14928880171171582,0.20105874753468447,29.34,71902.35428571427,1.7999999999999998,0.0,1.0,-0.05096591082492097,5.305,0.0,1.5779957,-1.7789301,-0.65594137,0.6,0.0,0.1032175898551941
0.3916395951856816,0.14022986009939825,0.18134461397281235,32.22,326475.55459459446,1.7999999999999998,0.0,1.0,-0.17303994872890627,5.3100000000000005,0.0,1.5779957,-1.7789301,-0.65594137,0.6,0.0,0.1032175898551941
0.4019735657636224,0.12529245098916894,0.16341313702081905,35.28,377487.3600000003,1.7999999999999998,0.0,1.0,-0.06622516556291913,5.315,0.0,1.5779957,-1.7789301,-0.65594137,0.6,0.0,0.1032175898551941
0.40949632316259027,0.11712538909009079,0.14695720511175475,38.519999999999996,424673.27999999933,1.7999999999999998,0.0,1.0,-0.3561510055848842,5.32,0.0,1.5653147,-1.9869264,0.27744028,0.6,0.0,0.38323208391666413
0.41769041683037184,0.10865917695186518,0.13223987560477615,41.94,243127.45220338996,1.7999999999999998,0.0,1.0,0.07110812707906433,5.325,0.0,1.5653147,-1.9869264,0.27744028,0.6,0.0,0.38323208391666413
0.4251480792538506,0.09136463420423967,0.11868528140469177,45.54,471859.2000000002,1.7999999999999998,0.0,1.0,-0.18829920346690443,5.33,0.0,1.5653147,-1.9869264,0.27744028,0.6,0.0,0.38323208391666413
0.43077656893834554,0.0806975653623244,0.10614964862564111,49.14,471859.2000000002,1.7999999999999998,0.0,1.0,0.07110812707906433,5.335,0.0,1.5653147,-1.9869264,0.27744028,0.6,0.0,0.38323208391666413
0.43737431410127536,0.07182105097155585,0.09468460477790336,52.919999999999995,528482.3039999992,1.98,25165.824000000022,1.0,-0.020447401348924643,5.34,0.0,1.1253853,-1.4453094,-0.2739235,0.6,0.0,0.21782295405864716
0.4439380844668692,0.06824477451777555,0.0832589101786825,56.699999999999996,92.19537071281535,1.98,0.0,1.0,-0.11200292977691362,5.345,0.0,1.1253853,-1.4453094,-0.2739235,0.6,0.0,0.21782295405864716
0.4489750461749018,0.05006283180352722,0.07553595926403082,60.48,264241.15200000006,1.98,0.0,1.0,0.010071108127071682,5.3500000000000005,0.0,1.1253853,-1.4453094,-0.2739235,0.6,0.0,0.21782295405864716
0.45416861854741963,0.05677278071057469,0.06890705430986924,64.08,487080.4645161292,1.98,0.0,1.0,-0.08148442030091729,5.355,0.0,1.1253853,-1.4453094,-0.2739235,0.6,0.0,0.21782295405864716
0.45916590028862214,0.05062587368042,0.06838637461796856,67.86,546705.8317241381,1.98,0.0,1.0,0.05584887234106617,5.36,0.0,1.1798791,-1.6661457,0.4626268,0.6,0.0,0.4387880444526672
0.4639062925944893,0.04531861841561163,0.06557147042446054,71.46,150994.94399999976,2.16,7549.747200000007,1.0,0.010071108127071682,5.365,0.0,1.1798791,-1.6661457,0.4626268,0.6,0.0,0.4387880444526672
0.4684042001660685,0.025316636726324615,0.06488077199642876,75.06,471859.2000000011,2.34,23592.959999999963,1.0,-0.06622516556291913,5.37,0.0,1.1798791,-1.6661457,0.4626268,0.6,0.0,0.4387880444526672
0.4735077182087366,0.025631183847353224,0.06651056606309888,78.3,424673.27999999933,2.88,70778.88,1.0,-0.08148442030091729,5.375,0.0,1.1798791,-1.6661457,0.4626268,0.6,0.0,0.4387880444526672
0.4780658989052765,0.013329057988067996,0.06704900367973124,81.36,251658.2400000002,3.5999999999999996,59213.703529411745,1.0,-0.17303994872890627,5.38,0.0,0.58475983,-1.1134543,-0.28990057,0.4754279494285583,0.0,0.21302982866764067
0.4820637687266105,-0.010840965605176542,0.06520988219895821,84.06,60.65580520934324,4.68,24.262322083737274,1.0,-0.05096591082492097,5.385,0.0,0.58475983,-1.1134543,-0.28990057,0.4754279494285583,0.0,0.21302982866764067
0.48727200955962074,-0.009441852198609478,0.07033728324810735,86.22,110484.10536585348,6.4799999999999995,92070.08780487804,1.0,-0.035706656086922806,5.39,0.0,0.58475983,-1.1134543,-0.28990057,0.4754279494285583,0.0,0.21302982866764067
0.49197222531879337,0.004231027248177423,0.08627400263908891,88.02,314572.7999999995,8.82,408944.64000000013,1.0,0.025330362865069844,5.3950000000000005,0.0,0.58475983,-1.1134543,-0.28990057,0.4754279494285583,0.0,0.21302982866764067
0.4952149475098963,0.009473456567901516,0.0981699744395294,89.28,220200.9600000009,12.059999999999999,566231.0399999997,1.0,-0.43244727927487503,5.4,0.0,-0.41979057,-0.4453906,0.97813773,0.17406283020973204,0.16638281643390654,0.5934413194656372
0.4994196775320956,0.006759275948692941,0.11978723590417614,89.82,125829.11999999815,16.02,922746.8800000002,1.0,-0.23407696768089892,5.405,0.0,-0.41979057,-0.4453906,0.97813773,0.17406283020973204,0.16638281643390654,0.5934413194656372
0.5016150754851124,0.010975236162661866,0.13734442496201693,89.64,-34317.03272727132,20.7,892242.8509090908,1.0,-0.21881771294290076,5.41,0.0,-0.41979057,-0.4453906,0.97813773,0.17406283020973204,0.16638281643390654,0.5934413194656372
0.5034827432827427,0.009815316672194095,0.1523969398220643,89.28,-68634.06545454534,25.74,960876.9163636361,1.0,0.05584887234106617,5.415,0.0,-0.41979057,-0.4453906,0.97813773,0.17406283020973204,0.16638281643390654,0.5934413194656372
0.5051704200820949,0.00739132220162289,0.1645262246429809,88.74,-102951.09818181937,30.419999999999998,892242.8509090908,1.0,0.1626636555070533,5.42,0.0,0.05030507,-0.6353735,-0.12578672,0.3150915205478668,0.10938795804977416,0.2622639834880829
0.5055394845190457,0.0017585440997126747,0.17576125251901542,88.02,-33185.70197802193,34.74,199114.21186813206,1.0,-0.21881771294290076,5.425,0.0,0.05030507,-0.6353735,-0.12578672,0.3150915205478668,0.10938795804977416,0.2622639834880829
0.506384471851885,0.009278919307508477,0.1820671700934622,87.66,-8.837400663705147,37.8,75.11790564149375,1.0,0.04058961760306801,5.43,0.0,0.05030507,-0.6353735,-0.12578672,0.3150915205478668,0.10938795804977416,0.2622639834880829
0.5067501724022772,0.0066865420737623575,0.1885680562724254,87.3,-17764.111058823502,39.6,88820.55529411786,1.0,-0.11200292977691362,5.4350000000000005,0.0,0.05030507,-0.6353735,-0.12578672,0.3150915205478668,0.10938795804977416,0.2622639834880829
0.5069824552932145,0.01032640662007805,0.2029191375189457,87.3,0.0,39.6,0.0,1.0,-0.34089175084688605,5.44,0.0,0.28389245,-0.80307317,-1.0680866,0.3851677358150482,0.059078049659729,0.0
0.5066189873361888,-0.0010084422649598677,0.2209800838140475,87.47999999999999,26963.38285714175,38.519999999999996,-161780.29714285795,1.0,0.04058961760306801,5.445,0.0,0.28389245,-0.80307317,-1.0680866,0.3851677358150482,0.059078049659729,0.0
0.5059379685989543,-0.008431733122293034,0.23272267527990648,87.66,31457.280000001192,36.54,-346030.07999999943,1.0,-0.06622516556291913,5.45,0.0,0.28389245,-0.80307317,-1.0680866,0.3851677358150482,0.059078049659729,0.0
0.5051223408488025,-0.013153560884803052,0.2393269055678119,87.84,25165.824000000954,34.199999999999996,-327155.71200000047,1.0,0.025330362865069844,5.455,0.0,0.28389245,-0.80307317,-1.0680866,0.3851677358150482,0.059078049659729,0.0
0.5044681172845721,-0.0061108590731449985,0.24250549352418932,87.84,0.0,31.68,-406524.84923076857,1.0,-0.5850398266548567,5.46,0.0,0.074897364,-0.8338227,-1.254388,0.3224692091345787,0.049853181838989256,0.0
0.5032770370579867,-0.010701183317721524,0.24442856649065484,87.66,-31457.280000001192,28.98,-471859.1999999999,1.0,0.0863673818170625,5.465,0.0,0.074897364,-0.8338227,-1.254388,0.3224692091345787,0.049853181838989256,0.0
0.5027629461129961,-0.0046525568836176265,0.25292738442787854,87.3,-8.26844000525692,26.279999999999998,-62.01330003942706,1.0,-0.26459547715689524,5.47,0.0,0.074897364,-0.8338227,-1.254388,0.3224692091345787,0.049853181838989256,0.0
0.5023901119269684,-0.0015567450084423536,0.26807045926878303,86.75999999999999,-26336.32744186077,23.22,-149239.18883720925,1.0,-0.05096591082492097,5.4750000000000005,0.0,0.074897364,-0.8338227,-1.254388,0.3224692091345787,0.049853181838989256,0.0
0.5008790653176137,0.0013148493328266184,0.28125456090425016,86.39999999999999,-13981.01333333331,19.8,-132819.6266666666,1.0,-0.12726218451491178,5.48,0.0,0.5188481,-0.7888007,-1.5762138,0.45565443634986874,0.06335978507995606,0.0
0.49938393027277517,0.001954477299408388,0.29423783590914177,85.67999999999999,-79471.02315789461,16.38,-377487.36000000016,1.0,-0.08148442030091729,5.485,0.0,0.5188481,-0.7888007,-1.5762138,0.45565443634986874,0.06335978507995606,0.0
0.4990154841610622,0.029334163313101326,0.3089450668361914,85.14,-113246.20799999833,12.6,-792723.4559999999,1.0,-0.12726218451491178,5.49,0.0,0.5188481,-0.7888007,-1.5762138,0.45565443634986874,0.06335978507995606,0.0
0.49804305424022083,0.038107218668623245,0.3199403866675355,84.42,-131299.95130434763,8.82,-689324.744347826,1.0,0.05584887234106617,5.495,0.0,0.5188481,-0.7888007,-1.5762138,0.45565443634986874,0.06335978507995606,0.0
0.4927125214240625,0.0335110064593168,0.32484419200476694,83.7,-143804.70857142835,5.22,-719023.542857143,1.0,-0.34089175084688605,5.5,0.0,0.2671733,-0.86221755,-1.5594732,0.38015198707580566,0.04133473634719848,0.0
0.4855642114868369,0.04179103571360746,0.3259671846028393,82.8,-63980.908474576674,1.7999999999999998,-243127.45220338984,1.0,-0.09674367503891546,5.505,0.0,0.2671733,-0.86221755,-1.5594732,0.38015198707580566,0.04133473634719848,0.0
0.47775457333382176,0.057286719074963466,0.3272531939619585,79.92,-710564.4423529401,2.52,177641.11058823534,1.0,0.05584887234106617,5.51,0.0,0.2671733,-0.86221755,-1.5594732,0.38015198707580566,0.04133473634719848,0.0
0.46747733391291485,0.06134021831235786,0.3263775946536025,77.58,-56.030687233824,3.96,34.48042291312241,1.0,-0.21881771294290076,5.515,0.0,0.2671733,-0.86221755,-1.5594732,0.38015198707580566,0.04133473634719848,0.0
0.45755492648987095,0.061925287220300725,0.32473534991437036,75.06,-135508.28307692287,5.22,67754.14153846152,1.0,-0.08148442030091729,5.5200000000000005,0.0,0.6952418,-0.92867744,-0.6419196,0.5085725426673889,0.02139676809310913,0.10742411613464355
0.44892909404671183,0.06577590769156132,0.3237105997605297,72.36,-323560.5942857146,6.3,129424.23771428573,1.0,0.17792291024505147,5.525,0.0,0.6952418,-0.92867744,-0.6419196,0.5085725426673889,0.02139676809310913,0.10742411613464355
0.4376196871928143,0.060613813532405504,0.3188720215780323,70.02,-297414.2836363641,6.66,45756.043636363676,1.0,-0.08148442030091729,5.53,0.0,0.6952418,-0.92867744,-0.6419196,0.5085725426673889,0.02139676809310913,0.10742411613464355
0.4262073736090555,0.0583413626854873,0.3066402618728651,67.86,-323560.5942857138,6.84,26963.382857142813,1.0,0.10162663655506066,5.535,0.0,0.6952418,-0.92867744,-0.6419196,0.5085725426673889,0.02139676809310913,0.10742411613464355
0.4171065464386025,0.05116091329262093,0.28798672241220763,65.52,-45649.63423255821,6.84,0.0,1.0,-0.3561510055848842,5.54,0.0,-0.039220013,-1.0584084,-1.2081046,0.28823399618268014,0.0,0.0
0.4095966962652114,0.06835043273670048,0.2673186360970789,63.18,-316602.30193548335,6.66,-24354.023225806413,1.0,-0.11200292977691362,5.545,0.0,-0.039220013,-1.0584084,-1.2081046,0.28823399618268014,0.0,0.0
0.40372237741849665,0.0735645549431956,0.24478563286180807,61.019999999999996,-348449.87076923135,6.4799999999999995,-29037.48923076933,1.0,-0.23407696768089892,5.55,0.0,-0.039220013,-1.0584084,-1.2081046,0.28823399618268014,0.0,0.0
0.39988017528224856,0.06318235001263989,0.2229552883961779,59.04,-45.53227071362772,5.9399999999999995,-12.417892012807581,1.0,0.10162663655506066,5.555,0.0,-0.039220013,-1.0584084,-1.2081046,0.28823399618268014,0.0,0.0
0.3987165448672148,0.06429715352826512,0.2012890718187765,57.059999999999995,-90268.7165217393,5.22,-32824.987826086945,1.0,-0.4477065340128732,5.5600000000000005,0.0,-0.052365817,-1.0773625,-1.355725,0.2842902548611164,0.0,0.0
0.3996191808131458,0.06258337507755748,0.18125084582740653,55.26,-167772.15999999974,4.32,-83886.07999999994,1.0,0.10162663655506066,5.565,0.0,-0.052365817,-1.0773625,-1.355725,0.2842902548611164,0.0,0.0
0.4003485412694918,0.05265233654955299,0.16222049561301533,53.82,-158942.04631578922,3.06,-139074.2905263158,1.0,-0.29511398663289157,5.57,0.0,-0.052365817,-1.0773625,-1.355725,0.2842902548611164,0.0,0.0
0.4021319496801068,0.05968339366982245,0.14514867596220482,52.379999999999995,-183024.17454545517,1.7999999999999998,-160146.15272727277,1.0,-0.06622516556291913,5.575,0.0,-0.052365817,-1.0773625,-1.355725,0.2842902548611164,0.0,0.0
0.4035297288696185,0.06877043817091093,0.12971242248193537,50.58,-193583.26153846123,1.7999999999999998,0.0,1.0,-0.21881771294290076,5.58,0.0,0.3858638,-0.99712205,-1.0715728,0.41575914323329927,0.0008633852005004882,0.0
0.4053372463603761,0.059967278298793815,0.11520002890435341,49.14,-172565.65028571401,2.16,43141.41257142861,1.0,-0.09674367503891546,5.585,0.0,0.3858638,-0.99712205,-1.0715728,0.41575914323329927,0.0008633852005004882,0.0
0.40675145218663883,0.06029454981095945,0.1033213012901505,47.879999999999995,-160146.15272727338,1.98,-22878.021818181838,1.0,-0.23407696768089892,5.59,0.0,0.3858638,-0.99712205,-1.0715728,0.41575914323329927,0.0008633852005004882,0.0
0.40911941333080004,0.06318871210664875,0.0955065759324859,46.8,-31900.34028169009,1.7999999999999998,-5316.7233802816945,1.0,0.05584887234106617,5.595,0.0,0.3858638,-0.99712205,-1.0715728,0.41575914323329927,0.0008633852005004882,0.0
0.4111658876628996,0.0597531274508699,0.09098603363930524,45.9,-21.81717806303205,1.7999999999999998,0.0,1.0,-0.06622516556291913,5.6000000000000005,0.0,0.092998624,-1.1475722,-1.2035825,0.32789958715438844,0.0,0.0
0.4125160054418699,0.06924412740238921,0.0891027341136315,45.36,-30198.988799999952,1.7999999999999998,0.0,1.0,-0.09674367503891546,5.605,0.0,0.092998624,-1.1475722,-1.2035825,0.32789958715438844,0.0,0.0
0.4133035209216824,0.07415897853842536,0.0877502359442508,45.0,-35115.1032558139,1.7999999999999998,0.0,1.0,-0.24933622241889708,5.61,0.0,0.092998624,-1.1475722,-1.2035825,0.32789958715438844,0.0,0.0
0.41320286891977814,0.08261569013995333,0.08542627122623639,44.82,-22205.138823529378,1.7999999999999998,0.0,1.0,-0.09674367503891546,5.615,0.0,0.092998624,-1.1475722,-1.2035825,0.32789958715438844,0.0,0.0
0.4124346440625193,0.07007712497566371,0.08083699067530423,45.0,22205.138823529378,1.7999999999999998,0.0,1.0,-0.3561510055848842,5.62,0.0,0.13293928,-1.173267,-1.1478648,0.33988178372383115,0.0,0.0
0.4055698871550387,0.05658130206644688,0.07414156040589719,45.18,22205.138823529378,1.7999999999999998,0.0,1.0,-0.14252143925290994,5.625,0.0,0.13293928,-1.173267,-1.1478648,0.33988178372383115,0.0,0.0
0.3956286821858174,0.062133002316532036,0.06990397816655876,45.54,44410.277647058756,1.7999999999999998,0.0,1.0,-0.17303994872890627,5.63,0.0,0.13293928,-1.173267,-1.1478648,0.33988178372383115,0.0,0.0
0.38868030324967434,0.06619994844499065,0.06165609619172058,46.08,70778.87999999989,1.7999999999999998,0.0,1.0,-0.12726218451491178,5.635,0.0,0.13293928,-1.173267,-1.1478648,0.33988178372383115,0.0,0.0
0.38031949187770475,0.057744118073960855,0.05111600090359941,46.62,12.228357565908446,1.7999999999999998,0.0,1.0,0.07110812707906433,5.64,0.0,0.18897185,-1.1943866,-0.96918595,0.35669155418872833,0.0,0.009244215488433837
0.36980649323764025,0.05667783615319333,0.04837862981870943,47.16,30198.988799999952,1.98,10066.329600000008,1.0,0.025330362865069844,5.6450000000000005,0.0,0.18897185,-1.1943866,-0.96918595,0.35669155418872833,0.0,0.009244215488433837
0.36233131832025506,0.03960153996303408,0.03689770894146843,47.699999999999996,17975.588571428543,1.98,0.0,1.0,-0.34089175084688605,5.65,0.0,0.18897185,-1.1943866,-0.96918595,0.35669155418872833,0.0,0.009244215488433837
0.35791837577185914,0.03203181409573473,0.031737021115279394,48.239999999999995,62914.5599999999,1.98,0.0,1.0,-0.2035584582049026,5.655,0.0,0.18897185,-1.1943866,-0.96918595,0.35669155418872833,0.0,0.009244215488433837
0.3558117472229991,0.022637651808890883,0.02111728750076315,48.78,78100.83310344919,1.98,0.0,1.0,-0.29511398663289157,5.66,0.0,0.32596818,-1.239045,-0.6554667,0.397790452837944,0.0,0.10335999727249146
0.35375638410493676,0.016062843150547176,0.015030047981362408,49.32,75497.47199999988,1.98,0.0,1.0,-0.005188146610926481,5.665,0.0,0.32596818,-1.239045,-0.6554667,0.397790452837944,0.0,0.10335999727249146
0.3524047416078621,-0.001309581839283755,0.005570407907236237,49.86,64712.118857142756,1.98,0.0,1.0,0.010071108127071682,5.67,0.0,0.32596818,-1.239045,-0.6554667,0.397790452837944,0.0,0.10335999727249146
0.35198971594588135,-0.011657610526407463,0.01666544077887117,50.4,70778.87999999989,1.98,0.0,1.0,-0.14252143925290994,5.675,0.0,0.32596818,-1.239045,-0.6554667,0.397790452837944,0.0,0.10335999727249146
0.35233289705362736,0.006382267362196504,0.009243185790727568,50.76,48708.04645161283,1.98,0.0,1.0,-0.12726218451491178,5.68,0.0,0.35477957,-1.144252,-0.4340314,0.40643387138843534,0.0,0.169790580868721
0.35207492315056804,0.01613966354403718,0.008850284008744443,51.12,8.213701783684092,1.98,0.0,1.0,-0.09674367503891546,5.6850000000000005,0.0,0.35477957,-1.144252,-0.4340314,0.40643387138843534,0.0,0.169790580868721
0.351752198909556,-5.293060551389526e-05,0.0006746867965656773,51.48,17557.55162790695,2.16,8778.775813953496,1.0,-0.21881771294290076,5.69,0.0,0.35477957,-1.144252,-0.4340314,0.40643387138843534,0.0,0.169790580868721
0.35195546644467846,0.005158298749845291,0.0007876046904422163,51.839999999999996,11796.479999999981,2.16,0.0,1.0,-0.21881771294290076,5.695,0.0,0.35477957,-1.144252,-0.4340314,0.40643387138843534,0.0,0.169790580868721
0.35163469445913714,0.003864226007817746,-0.00013131444889273917,52.019999999999996,20971.519999999968,2.34,20971.519999999968,1.0,-0.14252143925290994,5.7,0.0,0.22374676,-1.1387669,-0.18466672,0.3671240285038948,0.0,0.24459998309612274
0.3513754890300742,-0.013672455028572082,-0.007104501980197167,52.199999999999996,22878.021818181784,2.52,22878.021818181838,1.0,0.025330362865069844,5.705,0.0,0.22374676,-1.1387669,-0.18466672,0.3671240285038948,0.0,0.24459998309612274
0.3515132081227032,-0.011079212687372768,-0.0038318028456450224,52.379999999999995,22878.021818181784,2.88,45756.04363636362,1.0,-0.4477065340128732,5.71,0.0,0.22374676,-1.1387669,-0.18466672,0.3671240285038948,0.0,0.24459998309612274
0.3514396980266969,-0.017866231730413386,-0.005634510597326551,52.379999999999995,0.0,3.06,14244.806037735862,1.0,0.0863673818170625,5.715,0.0,0.22374676,-1.1387669,-0.18466672,0.3671240285038948,0.0,0.24459998309612274
0.3517966549833316,-0.014812663215874891,0.001986313840070351,52.379999999999995,0.0,3.42,48708.046451612885,1.0,-0.12726218451491178,5.72,0.0,0.15644187,-1.177088,-0.43801197,0.3469325602054596,0.0,0.16859640777111054
0.35226395782805536,-0.02251062053600395,0.008396556636857764,52.379999999999995,0.0,3.78,52067.2220689655,1.0,-0.08148442030091729,5.7250000000000005,0.0,0.15644187,-1.177088,-0.43801197,0.3469325602054596,0.0,0.16859640777111054
0.3527051829691955,-0.020766601795325614,-0.0018865503627216278,52.199999999999996,-4.36815663403457,4.14,8.73631326806915,1.0,-0.035706656086922806,5.73,0.0,0.15644187,-1.177088,-0.43801197,0.3469325602054596,0.0,0.16859640777111054
0.3531808477390464,-0.013554084741791754,0.0033733947533879697,52.199999999999996,0.0,4.32,8882.055529411795,1.0,0.22370067445904596,5.735,0.0,0.15644187,-1.177088,-0.43801197,0.3469325602054596,0.0,0.16859640777111054
0.35351020168129826,-0.011453816018361554,0.005410649446833627,52.019999999999996,-17557.55162790695,4.5,17557.55162790695,1.0,-0.18829920346690443,5.74,0.0,0.52101165,-1.1631534,-0.63423526,0.4563034951686859,0.0,0.10972942113876342
0.35397878159462903,-0.01585514190534063,0.010192862413956238,52.019999999999996,0.0,4.68,6801.574054054044,1.0,-0.12726218451491178,5.745,0.0,0.52101165,-1.1631534,-0.63423526,0.4563034951686859,0.0,0.10972942113876342
0.35530958724272904,-0.015174942518458072,-0.0007261175643234578,52.019999999999996,0.0,4.68,0.0,1.0,-0.11200292977691362,5.75,0.0,0.52101165,-1.1631534,-0.63423526,0.4563034951686859,0.0,0.10972942113876342
0.3558580409402086,-0.006027110210995921,0.013144408535539331,52.019999999999996,0.0,4.68,0.0,1.0,-0.005188146610926481,5.755,0.0,0.52101165,-1.1631534,-0.63423526,0.4563034951686859,0.0,0.10972942113876342
0.3561247224624556,-0.008836053856755963,0.02421784567505312,52.019999999999996,0.0,4.5,-21570.706285714252,1.0,-0.09674367503891546,5.76,0.0,0.59600806,-1.1566684,-0.27093983,0.47880241870880125,0.0,0.2187180519104004
0.35667312131869716,-0.0012070181568634448,0.04180953697810175,52.199999999999996,23592.959999999963,4.5,0.0,1.0,0.025330362865069844,5.765,0.0,0.59600806,-1.1566684,-0.27093983,0.47880241870880125,0.0,0.2187180519104004
0.3573823414895722,-0.0019238086155718072,0.0513771323964159,52.199999999999996,0.0,4.32,-4.15478735581579,1.0,-0.17303994872890627,5.7700000000000005,0.0,0.59600806,-1.1566684,-0.27093983,0.47880241870880125,0.0,0.2187180519104004
0.35744390594004205,-0.005931536869987649,0.07288880621879716,52.199999999999996,0.0,3.96,-20684.238904109607,1.0,0.07110812707906433,5.775,0.0,0.59600806,-1.1566684,-0.27093983,0.47880241870880125,0.0,0.2187180519104004
0.3577823031095721,-0.011560496619549165,0.09070079899504481,52.199999999999996,0.0,3.78,-20404.72216216218,1.0,-0.12726218451491178,5.78,0.0,0.50235677,-1.0822698,-0.2808196,0.45070703029632564,0.0,0.21575412154197693
0.35804139554034947,-0.01207105711785556,0.10027047873486142,52.199999999999996,0.0,3.5999999999999996,-22205.138823529433,1.0,-0.14252143925290994,5.785,0.0,0.50235677,-1.0822698,-0.2808196,0.45070703029632564,0.0,0.21575412154197693
0.35813653690619923,-0.0049625965820387224,0.11750762265439789,52.199999999999996,0.0,3.2399999999999998,-48708.046451612885,1.0,-0.2035584582049026,5.79,0.0,0.50235677,-1.0822698,-0.2808196,0.45070703029632564,0.0,0.21575412154197693
0.35858669944421395,-0.0026965016146501372,0.12594904721542619,52.199999999999996,0.0,3.06,-23592.959999999963,1.0,-0.1577806939909081,5.795,0.0,0.50235677,-1.0822698,-0.2808196,0.45070703029632564,0.0,0.21575412154197693
0.35801686496147916,-0.017838436092159557,0.12993982765448148,52.199999999999996,0.0,2.6999999999999997,-47185.92000000004,1.0,-0.18829920346690443,5.8,0.0,0.5330899,-0.4557818,-0.39658764,0.459926962852478,0.16326546370983122,0.181023707985878
0.35820536508666334,-0.019908084484454486,0.13515459808978977,52.199999999999996,0.0,2.34,-14518.74461538461,1.0,-0.11200292977691362,5.805,0.0,0.5330899,-0.4557818,-0.39658764,0.459926962852478,0.16326546370983122,0.181023707985878
0.35840773365415785,-0.02418436075497791,0.13907632065674155,52.199999999999996,0.0,1.98,-44410.27764705881,1.0,-0.24933622241889708,5.8100000000000005,0.0,0.5330899,-0.4557818,-0.39658764,0.459926962852478,0.16326546370983122,0.181023707985878
0.3586429450130696,-0.017919044230822887,0.1415406074601753,52.019999999999996,-4.336343335018143,1.98,0.0,1.0,-0.05096591082492097,5.815,0.0,0.5330899,-0.4557818,-0.39658764,0.459926962852478,0.16326546370983122,0.181023707985878
0.3603151588918529,-0.008862968315428424,0.14202817009105317,52.019999999999996,0.0,1.98,0.0,1.0,-0.08148442030091729,5.82,0.0,0.5490499,0.1251559,0.04264614,0.46471497416496277,0.337546768784523,0.31279384195804594
0.360417770475451,0.001757997507869586,0.14246493031966856,51.839999999999996,-20971.519999999968,1.98,0.0,1.0,-0.18829920346690443,5.825,0.0,0.5490499,0.1251559,0.04264614,0.46471497416496277,0.337546768784523,0.31279384195804594
0.3613114848537096,-0.0025543886175133012,0.14281215901837446,51.839999999999996,0.0,1.98,0.0,1.0,-0.12726218451491178,5.83,0.0,0.5490499,0.1251559,0.04264614,0.46471497416496277,0.337546768784523,0.31279384195804594
0.36279456491460144,-0.009469232761898599,0.14550250095628614,51.839999999999996,0.0,1.98,0.0,1.0,0.04058961760306801,5.835,0.0,0.5490499,0.1251559,0.04264614,0.46471497416496277,0.337546768784523,0.31279384195804594
0.36287101154843804,-0.01584186316531402,0.1502798748964617,51.839999999999996,0.0,1.98,0.0,1.0,-0.21881771294290076,5.84,0.0,0.50931877,0.3063305,-0.27106035,0.45279563069343565,0.3918991506099701,0.21868189573287963
0.36422120714938433,-0.01611657358504569,0.15382177848005163,52.019999999999996,23592.959999999963,1.98,0.0,1.0,0.010071108127071682,5.845,0.0,0.50931877,0.3063305,-0.27106035,0.45279563069343565,0.3918991506099701,0.21868189573287963
0.3697833489527901,-0.013417814410710988,0.15941171959424194,52.019999999999996,0.0,1.98,0.0,1.0,-0.09674367503891546,5.8500000000000005,0.0,0.50931877,0.3063305,-0.27106035,0.45279563069343565,0.3918991506099701,0.21868189573287963
0.37735282824847866,-0.011588689879349728,0.16688691889330984,52.199999999999996,4.122886444806075,1.98,0.0,1.0,-0.24933622241889708,5.855,0.0,0.50931877,0.3063305,-0.27106035,0.45279563069343565,0.3918991506099701,0.21868189573287963
0.38248992868004206,-0.009216138288151253,0.1722119069982438,52.199999999999996,0.0,1.98,0.0,1.0,-0.2035584582049026,5.86,0.0,0.7807524,-0.17310941,-1.0217186,0.5342257261276245,0.24806717634201048,0.0
0.38855095131310075,-0.004412004003706304,0.17644158897682108,52.559999999999995,41943.039999999935,1.98,0.0,1.0,-0.05096591082492097,5.865,0.0,0.7807524,-0.17310941,-1.0217186,0.5342257261276245,0.24806717634201048,0.0
0.39502448845819516,-0.0056648382716762745,0.1806884513626393,52.739999999999995,20404.72216216213,1.98,0.0,1.0,-0.21881771294290076,5.87,0.0,0.7807524,-0.17310941,-1.0217186,0.5342257261276245,0.24806717634201048,0.0
0.39992544869488317,-0.009055352245020833,0.1831663134305797,53.1,48708.04645161379,1.98,0.0,1.0,-0.11200292977691362,5.875,0.0,0.7807524,-0.17310941,-1.0217186,0.5342257261276245,0.24806717634201048,0.0
0.4042811632793423,-0.012828070242428926,0.1854239690565585,53.28,22205.138823529378,1.98,0.0,1.0,-0.12726218451491178,5.88,0.0,0.8279743,-0.54635525,-0.7656098,0.5483922958374023,0.1360934257507324,0.07031705975532532
0.41008759101115744,0.00411646670067735,0.1867758190475199,53.82,19694.99269565214,1.98,0.0,1.0,-0.11200292977691362,5.885,0.0,0.8279743,-0.54635525,-0.7656098,0.5483922958374023,0.1360934257507324,0.07031705975532532
0.413693151188614,0.03825816650210255,0.1879223066899468,54.18,41943.039999999935,1.98,0.0,1.0,-0.2798547318948934,5.89,0.0,0.8279743,-0.54635525,-0.7656098,0.5483922958374023,0.1360934257507324,0.07031705975532532
0.41738405638465725,0.040094409032391226,0.18954949378527236,54.72,73062.06967741923,1.98,0.0,1.0,-0.14252143925290994,5.8950000000000005,0.0,0.8279743,-0.54635525,-0.7656098,0.5483922958374023,0.1360934257507324,0.07031705975532532
0.42157031301407216,0.0637666859024735,0.1969791293691029,55.26,13.04604665629858,1.98,0.0,1.0,-0.08148442030091729,5.9,0.0,0.69852364,-0.63700104,-0.69781905,0.5095570921897888,0.10889968872070312,0.09065428376197815
0.42467555977760385,0.0837114124814191,0.20666759769941592,55.8,11268.279402985057,1.98,0.0,1.0,-0.14252143925290994,5.905,0.0,0.69852364,-0.63700104,-0.69781905,0.5095570921897888,0.10889968872070312,0.09065428376197815
0.42716071125706545,0.10443692455358349,0.21352745704114073,56.519999999999996,67108.8639999999,1.98,0.0,1.0,-0.21881771294290076,5.91,0.0,0.69852364,-0.63700104,-0.69781905,0.5095570921897888,0.10889968872070312,0.09065428376197815
0.42955096262890036,0.11536042683328487,0.21843752058846236,57.059999999999995,61214.16648648639,1.98,0.0,1.0,-0.2035584582049026,5.915,0.0,0.69852364,-0.63700104,-0.69781905,0.5095570921897888,0.10889968872070312,0.09065428376197815
0.43133327131822874,0.13086874988461702,0.2216971518020647,57.78,100663.29600000083,1.98,0.0,1.0,-0.14252143925290994,5.92,0.0,0.49318272,-0.25149968,-0.54781526,0.4479548156261444,0.22455009520053862,0.13565542101860045
0.43248658876111407,0.15251717496588998,0.2238102138556714,58.5,77433.30461538449,1.98,0.0,1.0,-0.020447401348924643,5.925,0.0,0.49318272,-0.25149968,-0.54781526,0.4479548156261444,0.22455009520053862,0.13565542101860045
0.43492869702653064,0.1740413741836802,0.22390978240049778,59.4,114390.10909090891,1.98,0.0,1.0,-0.26459547715689524,5.93,0.0,0.49318272,-0.25149968,-0.54781526,0.4479548156261444,0.22455009520053862,0.13565542101860045
0.437175813527265,0.18106034802893411,0.22359502244491875,60.12,91512.08727272713,1.98,0.0,1.0,-0.06622516556291913,5.9350000000000005,0.0,0.49318272,-0.25149968,-0.54781526,0.4479548156261444,0.22455009520053862,0.13565542101860045
0.4388910751161949,0.1832575004348125,0.22370278070730568,60.839999999999996,16.18372291681178,1.98,0.0,1.0,-0.11200292977691362,5.94,0.0,0.73908675,0.37963852,0.034965605,0.5217260241508483,0.4138915568590164,0.3104896813631058
0.441310184618875,0.1874557179068646,0.2229220392597726,61.559999999999995,33931.448089887585,1.98,0.0,1.0,-0.06622516556291913,5.945,0.0,0.73908675,0.37963852,0.034965605,0.5217260241508483,0.4138915568590164,0.3104896813631058
0.44431998633538167,0.1909784082993633,0.22165790635445232,62.28,71902.35428571489,1.98,0.0,1.0,-0.005188146610926481,5.95,0.0,0.73908675,0.37963852,0.034965605,0.5217260241508483,0.4138915568590164,0.3104896813631058
0.44672670824593524,0.19494664013052815,0.22140976770828039,63.0,83886.07999999987,1.98,0.0,1.0,0.010071108127071682,5.955,0.0,0.73908675,0.37963852,0.034965605,0.5217260241508483,0.4138915568590164,0.3104896813631058
0.4495213069414303,0.1926423026623019,0.22045476017346796,63.54,20222.537142857112,2.16,6740.8457142857205,1.0,0.07110812707906433,5.96,0.0,0.9787564,0.7608584,0.6277163,0.5936269283294677,0.5282575249671936,0.4883148908615112
0.45312725904934953,0.1962389381100005,0.21912133186890503,64.08,59603.26736842096,2.16,0.0,1.0,0.05584887234106617,5.965,0.0,0.9787564,0.7608584,0.6277163,0.5936269283294677,0.5282575249671936,0.4883148908615112
0.45594407395028475,0.20104764075775639,0.21818902720265584,64.62,68634.06545454625,2.34,22878.021818181784,1.0,-0.035706656086922806,5.97,0.0,0.9787564,0.7608584,0.6277163,0.5936269283294677,0.5282575249671936,0.4883148908615112
0.45849586339936366,0.19844308879727948,0.2169266412089844,64.98,47185.919999999925,2.6999999999999997,47185.919999999984,1.0,0.23895992919704412,5.9750000000000005,0.0,0.9787564,0.7608584,0.6277163,0.5936269283294677,0.5282575249671936,0.4883148908615112
0.46114161040627905,0.20256910438747744,0.21280790028826704,65.16,23592.95999999903,3.06,47185.92000000004,1.0,-0.06622516556291913,5.98,0.0,0.51903534,1.007494,1.3212128,0.4557106018066406,0.6,0.6
0.46362363235054516,0.2037953157215289,0.208173321681253,65.34,4.395981879796605,3.5999999999999996,13.187945639389307,1.0,0.07110812707906433,5.985,0.0,0.51903534,1.007494,1.3212128,0.4557106018066406,0.6,0.6
0.46501105917083924,0.19838010621936555,0.2041950854385792,65.52,10785.3531428567,4.32,43141.41257142861,1.0,-0.17303994872890627,5.99,0.0,0.51903534,1.007494,1.3212128,0.4557106018066406,0.6,0.6
0.46549774308805175,0.19296671635028873,0.19965669405720798,65.52,0.0,5.04,77433.3046153846,1.0,-0.05096591082492097,5.995,0.0,0.51903534,1.007494,1.3212128,0.4557106018066406,0.6,0.6
0.46581832463486017,0.19098461809554815,0.1955235004425165,65.34,-6291.455999999742,5.76,25165.82399999999,1.0,-0.26459547715689524,6.0,0.0,0.10026629,0.5576407,1.2972763,0.33007988780736924,0.4672922015190124,0.6
0.4658826210176213,0.18964128186686255,0.192941925186745,65.34,0.0,6.4799999999999995,83886.07999999997,1.0,-0.1577806939909081,6.005,0.0,0.10026629,0.5576407,1.2972763,0.33007988780736924,0.4672922015190124,0.6
0.4666015835128272,0.1980808924104194,0.19210090051518836,65.34,0.0,7.02,64712.118857142865,1.0,-0.17303994872890627,6.01,0.0,0.10026629,0.5576407,1.2972763,0.33007988780736924,0.4672922015190124,0.6
0.46716411464314256,0.20512630788860728,0.1919221524441791,65.16,-13481.69142857194,7.56,40445.07428571429,1.0,-0.09674367503891546,6.015000000000001,0.0,0.10026629,0.5576407,1.2972763,0.33007988780736924,0.4672922015190124,0.6
0.46788434328344997,0.20441992421258354,0.19130122216695292,65.16,0.0,7.92,53926.765714285764,1.0,-0.23407696768089892,6.0200000000000005,0.0,0.07667588,-0.5427774,-0.011465952,0.32300276309251785,0.1371667742729187,0.29656021445989605
0.47015901538233623,0.21788583198001857,0.19232250050298133,65.16,0.0,8.28,8.248881119263135,1.0,0.19318216498304963,6.025,0.0,0.07667588,-0.5427774,-0.011465952,0.32300276309251785,0.1371667742729187,0.29656021445989605
0.47260676581235456,0.23729443506290923,0.19651939956426134,65.16,0.0,8.64,21570.706285714357,1.0,-0.2035584582049026,6.03,0.0,0.07667588,-0.5427774,-0.011465952,0.32300276309251785,0.1371667742729187,0.29656021445989605
0.47401118975368667,0.25291644722727324,0.2020386944861957,65.16,0.0,8.82,19867.755789473653,1.0,-0.020447401348924643,6.035,0.0,0.07667588,-0.5427774,-0.011465952,0.32300276309251785,0.1371667742729187,0.29656021445989605
0.47702799682087527,0.2709055984525761,0.20847710818040427,64.98,-24354.023225805453,8.82,0.0,1.0,0.025330362865069844,6.04,0.0,0.12186089,-1.0808672,-0.6129377,0.3365582674741745,0.0,0.1161186933517456
0.48010325700557493,0.288048262916568,0.22370326177919087,64.8,-26033.611034483743,9.0,26033.611034482718,1.0,-0.11200292977691362,6.045,0.0,0.12186089,-1.0808672,-0.6129377,0.3365582674741745,0.0,0.1161186933517456
0.48281880803658905,0.30901070194780184,0.24017631057117317,64.62,-25165.823999998967,9.18,25165.82399999996,1.0,-0.21881771294290076,6.05,0.0,0.12186089,-1.0808672,-0.6129377,0.3365582674741745,0.0,0.1161186933517456
0.4839253068677096,0.31858797254938176,0.2553982075539134,64.25999999999999,-43141.412571430206,9.36,21570.706285714252,1.0,0.10162663655506066,6.055,0.0,0.12186089,-1.0808672,-0.6129377,0.3365582674741745,0.0,0.1161186933517456
0.4849816711245757,0.33219735522865673,0.2711495253512695,63.72,-73062.06967741827,9.36,0.0,1.0,-0.21881771294290076,6.0600000000000005,0.0,-0.037875675,-1.2037692,-0.18795118,0.2886372976005077,0.0,0.2436146467924118
0.4856153614072294,0.3415670353599861,0.28768249981758476,63.0,-29037.489230769184,9.36,0.0,1.0,-0.14252143925290994,6.065,0.0,-0.037875675,-1.2037692,-0.18795118,0.2886372976005077,0.0,0.2436146467924118
0.48512244966137424,0.3506261790173448,0.3011328965730612,62.28,-17.561942113435308,9.36,0.0,1.0,-0.05096591082492097,6.07,0.0,-0.037875675,-1.2037692,-0.18795118,0.2886372976005077,0.0,0.2436146467924118
0.4854416062756113,0.36268732189282016,0.31447779253762587,61.559999999999995,-46459.98276923115,9.0,-23229.991384615347,1.0,-0.18829920346690443,6.075,0.0,-0.037875675,-1.2037692,-0.18795118,0.2886372976005077,0.0,0.2436146467924118
0.48590760878251704,0.36610974408997066,0.3279674395899285,60.66,-99338.77894736826,8.459999999999999,-59603.267368421155,1.0,0.010071108127071682,6.08,0.0,-0.033496432,-1.0276473,-0.31575555,0.28995107039809226,0.0,0.2052733361721039
0.48596456363043905,0.3823160463034191,0.3386862273583506,59.94,-88820.55529411751,7.56,-111025.694117647,1.0,-0.08148442030091729,6.085,0.0,-0.033496432,-1.0276473,-0.31575555,0.28995107039809226,0.0,0.2052733361721039
0.48606539055275283,0.3834579132538212,0.3459073373205341,59.22,-97416.09290322565,6.12,-194832.18580645154,1.0,-0.09674367503891546,6.09,0.0,-0.033496432,-1.0276473,-0.31575555,0.28995107039809226,0.0,0.2052733361721039
0.48707264200575007,0.3783762475748239,0.34995432944343746,58.5,-86282.82514285701,4.32,-215707.06285714282,1.0,0.17792291024505147,6.095,0.0,-0.033496432,-1.0276473,-0.31575555,0.28995107039809226,0.0,0.2052733361721039
0.48678283949684503,0.379349077875143,0.35170543343352906,58.14,-47185.919999999925,2.16,-283115.52,1.0,-0.17303994872890627,6.1000000000000005,0.0,-0.2338619,-0.49844912,-0.2787419,0.22984143197536466,0.15046526491641998,0.2163774311542511
0.4861648818346453,0.3756190756034595,0.35092392645545795,56.699999999999996,-201326.59200000067,1.6199999999999999,-75497.47200000004,1.0,0.05584887234106617,6.105,0.0,-0.2338619,-0.49844912,-0.2787419,0.22984143197536466,0.15046526491641998,0.2163774311542511
0.4868409749506956,0.3692130163334694,0.34999523967174406,55.8,-117964.79999999981,2.34,94371.84,1.0,-0.4477065340128732,6.11,0.0,-0.2338619,-0.49844912,-0.2787419,0.22984143197536466,0.15046526491641998,0.2163774311542511
0.48547856675601725,0.3760459103238418,0.3499394739335357,54.72,-24.39546929191526,2.16,-4.065911548652543,1.0,0.05584887234106617,6.115,0.0,-0.2338619,-0.49844912,-0.2787419,0.22984143197536466,0.15046526491641998,0.2163774311542511
0.47646084475246997,0.3729152052193163,0.34822168810718296,54.0,-20684.238904109556,1.7999999999999998,-10342.119452054803,1.0,-0.1577806939909081,6.12,0.0,-0.083464265,-0.1255175,0.34804514,0.274960720539093,0.2623447492718696,0.4044135421514511
0.46353928821153817,0.3597577543869748,0.34633843509351836,53.1,-96791.63076923061,1.7999999999999998,0.0,1.0,-0.05096591082492097,6.125,0.0,-0.083464265,-0.1255175,0.34804514,0.274960720539093,0.2623447492718696,0.4044135421514511
0.4534105086226402,0.3395024718852639,0.34576655385402455,52.379999999999995,-97416.09290322661,1.7999999999999998,0.0,1.0,-0.12726218451491178,6.13,0.0,-0.083464265,-0.1255175,0.34804514,0.274960720539093,0.2623447492718696,0.4044135421514511
0.44016313516065275,0.32103483380441267,0.34472102044398045,51.839999999999996,-70778.87999999989,1.7999999999999998,0.0,1.0,-0.11200292977691362,6.135,0.0,-0.083464265,-0.1255175,0.34804514,0.274960720539093,0.2623447492718696,0.4044135421514511
0.42475665020776326,0.3023236638625588,0.3430519084434199,51.3,-70778.87999999989,1.7999999999999998,0.0,1.0,-0.17303994872890627,6.140000000000001,0.0,-0.3972209,-0.3611539,-0.42027095,0.18083372712135315,0.19165382981300352,0.17391871511936188
0.41215506564251214,0.27185651619570866,0.34282789245774126,50.94,-45756.04363636357,1.7999999999999998,0.0,1.0,0.1626636555070533,6.1450000000000005,0.0,-0.3972209,-0.3611539,-0.42027095,0.18083372712135315,0.19165382981300352,0.17391871511936188
0.4000747747841863,0.24731519881458336,0.3405015124862397,50.76,-24354.023225806413,1.7999999999999998,0.0,1.0,-0.020447401348924643,6.15,0.0,-0.3972209,-0.3611539,-0.42027095,0.18083372712135315,0.19165382981300352,0.17391871511936188
0.38677060917477185,0.22234602828539327,0.3351305802204909,50.58,-4.1203438282823255,1.7999999999999998,0.0,1.0,-0.18829920346690443,6.155,0.0,-0.3972209,-0.3611539,-0.42027095,0.18083372712135315,0.19165382981300352,0.17391871511936188
0.37710177192417543,0.1980909060865975,0.3288319483978963,50.4,-9679.163076923061,1.7999999999999998,0.0,1.0,-0.2035584582049026,6.16,0.0,-0.5261967,-0.51003265,-1.493563,0.14214098453521729,0.14699020385742187,0.0
0.3684712983556625,0.1791425178093509,0.3230845197827945,50.22,-27962.02666666662,1.7999999999999998,0.0,1.0,-0.020447401348924643,6.165,0.0,-0.5261967,-0.51003265,-1.493563,0.14214098453521729,0.14699020385742187,0.0
0.3576394268509803,0.1611001125869481,0.31515063307174085,50.22,0.0,1.7999999999999998,0.0,1.0,-0.23407696768089892,6.17,0.0,-0.5261967,-0.51003265,-1.493563,0.14214098453521729,0.14699020385742187,0.0
0.34917794439888294,0.1471399834623624,0.3073476441501332,50.04,-6681.19221238937,1.7999999999999998,0.0,1.0,0.025330362865069844,6.175,0.0,-0.5261967,-0.51003265,-1.493563,0.14214098453521729,0.14699020385742187,0.0
0.341394689310732,0.14044536672708205,0.3017457390053148,49.86,-27962.02666666662,1.98,27962.02666666669,1.0,-0.2035584582049026,6.18,0.0,-0.03941249,-0.48965594,-1.6272428,0.28817625269293784,0.15310321748256683,0.0
0.3322981301472482,0.12845451338373276,0.29709305207926007,49.68,-32824.98782608691,1.98,0.0,1.0,-0.06622516556291913,6.1850000000000005,0.0,-0.03941249,-0.48965594,-1.6272428,0.28817625269293784,0.15310321748256683,0.0
0.3246641865231038,0.11465361903610452,0.29332643284866566,49.5,-35951.17714285709,1.98,0.0,1.0,0.010071108127071682,6.19,0.0,-0.03941249,-0.48965594,-1.6272428,0.28817625269293784,0.15310321748256683,0.0
0.3192032963460007,0.10306335630787655,0.29056944852077204,49.14,-71902.35428571417,1.98,0.0,1.0,0.17792291024505147,6.195,0.0,-0.03941249,-0.48965594,-1.6272428,0.28817625269293784,0.15310321748256683,0.0
0.31305431254217714,0.10422937873320176,0.29001253614245814,48.78,-8.668106271096912,1.98,0.0,1.0,-0.08148442030091729,6.2,0.0,0.54913986,-0.4941639,-1.3068982,0.46474195718765254,0.15175082981586455,0.0
0.30857754885018335,0.12015352223050414,0.290273760332906,48.42,-16965.724044943792,1.98,0.0,1.0,-0.06622516556291913,6.205,0.0,0.54913986,-0.4941639,-1.3068982,0.46474195718765254,0.15175082981586455,0.0
0.305185125938865,0.1306061600132366,0.2894941159855368,48.059999999999995,-37748.73600000069,1.98,0.0,1.0,-0.1577806939909081,6.21,0.0,0.54913986,-0.4941639,-1.3068982,0.46474195718765254,0.15175082981586455,0.0
0.2994730524847405,0.14738519179182788,0.28898310824689893,47.519999999999996,-70778.87999999989,1.98,0.0,1.0,0.10162663655506066,6.215,0.0,0.54913986,-0.4941639,-1.3068982,0.46474195718765254,0.15175082981586455,0.0
0.2931763639415599,0.1453090515138765,0.28865869184958365,46.8,-20684.238904109556,1.98,0.0,1.0,-0.05096591082492097,6.22,0.0,0.45176372,0.2522086,-1.0657539,0.43552911579608916,0.3756625771522522,0.0
0.28808082593922507,0.15008075007147825,0.2885165839816643,46.26,-49237.48173913036,1.98,0.0,1.0,-0.09674367503891546,6.2250000000000005,0.0,0.45176372,0.2522086,-1.0657539,0.43552911579608916,0.3756625771522522,0.0
0.2810152491580672,0.15441890031704994,0.28815303189329616,45.54,-88820.55529411751,1.98,0.0,1.0,-0.41718802453687687,6.23,0.0,0.45176372,0.2522086,-1.0657539,0.43552911579608916,0.3756625771522522,0.0
0.2733714941976286,0.1676716667396666,0.2851416082418948,44.64,-60885.05806451603,1.98,0.0,1.0,-0.005188146610926481,6.235,0.0,0.45176372,0.2522086,-1.0657539,0.43552911579608916,0.3756625771522522,0.0
0.2671178793132775,0.16071101238049246,0.2793854323945597,43.739999999999995,-20.669854950253928,2.16,4.133970990050763,1.0,-0.14252143925290994,6.24,0.0,0.13673937,0.78586984,-0.061606146,0.34102181196212766,0.5357609510421752,0.28151815608143804
0.26171200055301164,0.16200274969848175,0.27291301845874816,42.66,-57339.852151898645,2.16,0.0,1.0,-0.06622516556291913,6.245,0.0,0.13673937,0.78586984,-0.061606146,0.34102181196212766,0.5357609510421752,0.28151815608143804
0.25653657606558283,0.16825329797470262,0.2635894076135582,41.58,-181193.93279999972,2.52,60397.97759999998,1.0,-0.26459547715689524,6.25,0.0,0.13673937,0.78586984,-0.061606146,0.34102181196212766,0.5357609510421752,0.28151815608143804
0.2533460644257715,0.1687728433956144,0.24949286659107597,40.32,-229774.91478260834,2.6999999999999997,32824.98782608691,1.0,-0.14252143925290994,6.255,0.0,0.13673937,0.78586984,-0.061606146,0.34102181196212766,0.5357609510421752,0.28151815608143804
0.25205520355036326,0.17232177735872048,0.23279599294137918,39.059999999999995,-264241.15200000105,3.06,75497.47200000007,1.0,-0.08148442030091729,6.26,0.0,0.3011867,0.58368444,1.0862967,0.39035601317882535,0.47510533332824706,0.6
0.25212653347246705,0.16829817902473088,0.21430248902268592,37.8,-220200.95999999964,3.5999999999999996,94371.83999999992,1.0,-0.23407696768089892,6.265000000000001,0.0,0.3011867,0.58368444,1.0862967,0.39035601317882535,0.47510533332824706,0.6
0.2528155447679799,0.17023091355304762,0.19532864192443833,36.54,-229774.91478260834,3.78,32824.98782608699,1.0,-0.3714102603228824,6.2700000000000005,0.0,0.3011867,0.58368444,1.0862967,0.39035601317882535,0.47510533332824706,0.6
0.2534465613147822,0.16526884210640133,0.17694181572412276,35.1,-287609.4171428567,4.14,71902.35428571426,1.0,-0.020447401348924643,6.275,0.0,0.3011867,0.58368444,1.0862967,0.39035601317882535,0.47510533332824706,0.6
0.2568182524313309,0.17648316779138845,0.15910378707096262,33.839999999999996,-41943.04000000017,4.32,5991.862857142877,1.0,-0.2035584582049026,6.28,0.0,0.13925989,0.6846657,0.19895492,0.3417779669165611,0.5053997039794922,0.35968647748231886
0.2593669067164589,0.17460856660853824,0.14194074869596135,32.58,-30.59178734956841,4.5,4.37025533565263,1.0,0.025330362865069844,6.285,0.0,0.13925989,0.6846657,0.19895492,0.3417779669165611,0.5053997039794922,0.35968647748231886
0.26116994807474003,0.16938516938317738,0.12695530004023156,31.5,-35115.1032558139,4.32,-5852.517209302317,1.0,-0.24933622241889708,6.29,0.0,0.13925989,0.6846657,0.19895492,0.3417779669165611,0.5053997039794922,0.35968647748231886
0.26537431605092776,0.166876290036912,0.11279306472676238,30.599999999999998,-198677.5578947373,3.96,-79471.0231578948,1.0,-0.020447401348924643,6.295,0.0,0.13925989,0.6846657,0.19895492,0.3417779669165611,0.5053997039794922,0.35968647748231886
0.2744742107513328,0.16691249361464783,0.10071540349725357,29.88,-167772.15999999974,3.06,-209715.19999999998,1.0,-0.23407696768089892,6.3,0.0,0.56167847,-0.044454873,-0.40973118,0.4685035407543182,0.28666353821754453,0.1770806461572647
0.28266447057538596,0.1912949565508695,0.08981155389476285,29.52,-100663.29599999984,1.98,-301989.88800000004,1.0,-0.020447401348924643,6.305,0.0,0.56167847,-0.044454873,-0.40973118,0.4685035407543182,0.28666353821754453,0.1770806461572647
0.2908828288375306,0.20688385855191557,0.08220230541576859,28.799999999999997,-150994.9440000005,1.7999999999999998,-37748.73600000003,1.0,-0.1577806939909081,6.3100000000000005,0.0,0.56167847,-0.044454873,-0.40973118,0.4685035407543182,0.28666353821754453,0.1770806461572647
0.3008666222948747,0.22748675119886827,0.08191241322857976,28.439999999999998,-88820.55529411751,1.98,44410.277647058865,1.0,-0.08148442030091729,6.315,0.0,0.56167847,-0.044454873,-0.40973118,0.4685035407543182,0.28666353821754453,0.1770806461572647
0.30748903614473627,0.24180894995755353,0.08146305781413017,28.439999999999998,0.0,1.7999999999999998,-53926.765714285764,1.0,-0.1577806939909081,6.32,0.0,0.27809227,-0.79905987,-0.72706455,0.3834276795387268,0.06028203964233398,0.08188063502311706
0.3132637765169347,0.26487811228418534,0.0825233504315607,28.259999999999998,-4.113586295577877,1.7999999999999998,0.0,1.0,0.31525620288703493,6.325,0.0,0.27809227,-0.79905987,-0.72706455,0.3834276795387268,0.06028203964233398,0.08188063502311706
0.3211022255582705,0.27677891926386117,0.09536199945995112,28.619999999999997,16412.493913043454,1.7999999999999998,0.0,1.0,-0.18829920346690443,6.33,0.0,0.27809227,-0.79905987,-0.72706455,0.3834276795387268,0.06028203964233398,0.08188063502311706
0.32663981990777974,0.298517985558991,0.11595205050725656,28.98,75497.47200000062,1.7999999999999998,0.0,1.0,0.19318216498304963,6.335,0.0,0.27809227,-0.79905987,-0.72706455,0.3834276795387268,0.06028203964233398,0.08188063502311706
0.33095243227886045,0.31160547114129583,0.13321765141465952,29.52,125829.1199999998,1.7999999999999998,0.0,1.0,-0.12726218451491178,6.34,0.0,0.12933618,-0.69734645,-0.10624357,0.33880085349082945,0.09079606533050537,0.2681269280612469
0.336584826169463,0.3214824178586672,0.15150001510567218,30.419999999999998,251658.2399999996,1.7999999999999998,0.0,1.0,-0.020447401348924643,6.345,0.0,0.12933618,-0.69734645,-0.10624357,0.33880085349082945,0.09079606533050537,0.2681269280612469
0.34154965226342016,0.3231403382144947,0.17126404776202866,31.5,146124.13935483896,1.7999999999999998,0.0,1.0,-0.14252143925290994,6.3500000000000005,0.0,0.12933618,-0.69734645,-0.10624357,0.33880085349082945,0.09079606533050537,0.2681269280612469
0.3439573105418696,0.3255542016839619,0.1872931199138411,32.58,251658.2399999996,1.7999999999999998,0.0,1.0,-0.005188146610926481,6.355,0.0,0.12933618,-0.69734645,-0.10624357,0.33880085349082945,0.09079606533050537,0.2681269280612469
0.34545083780557667,0.3453904880245145,0.20225052533101706,33.839999999999996,330301.4399999995,1.7999999999999998,0.0,1.0,-0.18829920346690443,6.36,0.0,0.53656006,-0.87135756,-0.24119312,0.460968017578125,0.038592731952667235,0.22764206528663633
0.34649573939715606,0.35824444669661265,0.2169096997292939,35.1,377487.36000000156,1.7999999999999998,0.0,1.0,-0.12726218451491178,6.365,0.0,0.53656006,-0.87135756,-0.24119312,0.460968017578125,0.038592731952667235,0.22764206528663633
0.3471870993974178,0.37085073419996556,0.22781209753934656,36.54,34.773434049168,1.98,4.346679256146011,1.0,-0.09674367503891546,6.37,0.0,0.53656006,-0.87135756,-0.24119312,0.460968017578125,0.038592731952667235,0.22764206528663633
0.35065778067139747,0.3716760175874065,0.23290700643490025,37.8,117440.51199999981,1.98,0.0,1.0,-0.06622516556291913,6.375,0.0,0.53656006,-0.87135756,-0.24119312,0.460968017578125,0.038592731952667235,0.22764206528663633
0.3564651699507996,0.3734207086319322,0.23497698177782617,39.24,287609.4171428581,1.98,0.0,1.0,-0.05096591082492097,6.38,0.0,1.0226514,-0.9334843,-0.4563689,0.6,0.019954705238342283,0.16308933198451994
0.3609276068513621,0.3763652879166345,0.23681754150525264,40.5,69537.14526315778,1.98,0.0,1.0,-0.24933622241889708,6.385,0.0,1.0226514,-0.9334843,-0.4563689,0.6,0.019954705238342283,0.16308933198451994
0.3649984523172728,0.3721169144013082,0.23676650167436655,41.76,330301.4399999995,2.16,47185.92000000004,1.0,-0.1577806939909081,6.390000000000001,0.0,1.0226514,-0.9334843,-0.4563689,0.6,0.019954705238342283,0.16308933198451994
0.36899631992486087,0.36994240667709816,0.23593244001023347,42.66,209715.19999999966,2.34,41943.039999999935,1.0,-0.06622516556291913,6.3950000000000005,0.0,1.0226514,-0.9334843,-0.4563689,0.6,0.019954705238342283,0.16308933198451994
0.3718230727414872,0.373808782929429,0.23630195770498763,43.559999999999995,269633.82857142814,2.88,161780.29714285716,1.0,-0.3256324961088879,6.4,0.0,0.6927173,-0.47086272,-0.15642941,0.5078151941299438,0.15874118506908416,0.2530711770057678
0.372829157201239,0.38027460182555295,0.2357097519746081,44.28,201326.59200000166,3.5999999999999996,201326.59199999992,1.0,-0.06622516556291913,6.405,0.0,0.6927173,-0.47086272,-0.15642941,0.5078151941299438,0.15874118506908416,0.2530711770057678
0.37293157690770395,0.3806039248295781,0.234949056201322,44.82,12.380152611671056,4.5,20.633587686118467,1.0,-0.1577806939909081,6.41,0.0,0.6927173,-0.47086272,-0.15642941,0.5078151941299438,0.15874118506908416,0.2530711770057678
0.3726208161264674,0.3684273030579534,0.23503288940363085,45.18,33554.43199999995,5.3999999999999995,83886.07999999994,1.0,0.05584887234106617,6.415,0.0,0.6927173,-0.47086272,-0.15642941,0.5078151941299438,0.15874118506908416,0.2530711770057678
0.3721520394106145,0.3574895871710023,0.2346634736472381,45.54,83886.07999999987,6.4799999999999995,251658.24000000002,1.0,-0.26459547715689524,6.42,0.0,0.5202023,-0.1951622,0.063054375,0.4560606837272644,0.24145133793354034,0.3189163126051426
0.37168438700051326,0.3419175937134741,0.23459116545700037,45.72,41943.039999999935,7.38,209715.20000000007,1.0,0.025330362865069844,6.425,0.0,0.5202023,-0.1951622,0.063054375,0.4560606837272644,0.24145133793354034,0.3189163126051426
0.37084629035463634,0.3201748410367816,0.23496408909282215,46.08,125829.1199999998,8.28,314572.7999999998,1.0,-0.24933622241889708,6.43,0.0,0.5202023,-0.1951622,0.063054375,0.4560606837272644,0.24145133793354034,0.3189163126051426
0.37073825910714386,0.3088912259256805,0.23457132716697407,46.26,10941.662608695635,8.82,32824.98782608701,1.0,-0.11200292977691362,6.4350000000000005,0.0,0.5202023,-0.1951622,0.063054375,0.4560606837272644,0.24145133793354034,0.3189163126051426
0.37176410670184495,0.2951482941513398,0.23459666171597063,46.8,141557.75999999978,9.0,47185.919999999925,1.0,0.04058961760306801,6.44,0.0,0.61506784,-0.067295134,-0.0009383783,0.48452035188674925,0.27981145977973937,0.29971848651766775
0.37370588654847636,0.2847608564856497,0.23445395221237628,47.339999999999996,150994.94399999976,9.0,0.0,1.0,-0.29511398663289157,6.445,0.0,0.61506784,-0.067295134,-0.0009383783,0.48452035188674925,0.27981145977973937,0.29971848651766775
0.3753555918625274,0.2745361356009676,0.23417626499416735,47.879999999999995,150994.94399999976,8.82,-50331.64799999992,1.0,-0.2035584582049026,6.45,0.0,0.61506784,-0.067295134,-0.0009383783,0.48452035188674925,0.27981145977973937,0.29971848651766775
0.3819173091348785,0.26396933013738944,0.23348438658065956,48.6,17.383814551085518,8.28,-13.037860913314052,1.0,-0.17303994872890627,6.455,0.0,0.61506784,-0.067295134,-0.0009383783,0.48452035188674925,0.27981145977973937,0.29971848651766775
0.3932928210778783,0.2414737296106108,0.23353254573872478,49.5,102023.61081081066,7.38,-102023.61081081074,1.0,-0.11200292977691362,6.46,0.0,-0.20257244,0.39657015,0.17051952,0.23922826945781706,0.41897104382514955,0.3511558547616005
0.40413405445869804,0.2394355629310317,0.23305058176897858,50.58,68634.06545454534,6.3,-68634.06545454546,1.0,-0.05096591082492097,6.465,0.0,-0.20257244,0.39657015,0.17051952,0.23922826945781706,0.41897104382514955,0.3511558547616005
0.4133204602807707,0.22684327212211775,0.23278719265079245,51.839999999999996,264241.1519999996,4.859999999999999,-301989.8880000001,1.0,-0.24933622241889708,6.47,0.0,-0.20257244,0.39657015,0.17051952,0.23922826945781706,0.41897104382514955,0.3511558547616005
0.42235308720778825,0.2193946723262075,0.23290053513072925,53.1,310871.943529413,3.2399999999999998,-399692.49882352934,1.0,-0.12726218451491178,6.4750000000000005,0.0,-0.20257244,0.39657015,0.17051952,0.23922826945781706,0.41897104382514955,0.3511558547616005
0.42852527972976984,0.22382457825398575,0.23280214854365208,54.54,317884.09263157845,1.7999999999999998,-317884.0926315789,1.0,-0.17303994872890627,6.48,0.0,0.46905622,0.5451983,0.37287125,0.44071686565876006,0.46355949640274047,0.4118613749742508
0.4341178071741756,0.21021960114477353,0.23304084093768926,55.26,188743.6799999997,1.98,47185.92000000004,1.0,-0.06622516556291913,6.485,0.0,0.46905622,0.5451983,0.37287125,0.44071686565876006,0.46355949640274047,0.4118613749742508
0.4395971964153242,0.21178203233124843,0.2337836732162926,56.16,251658.2399999996,2.52,150994.94400000002,1.0,0.11688589129305882,6.49,0.0,0.46905622,0.5451983,0.37287125,0.44071686565876006,0.46355949640274047,0.4118613749742508
0.44325845188663204,0.20959495337726963,0.23348807563640586,56.879999999999995,16.529729220832508,3.06,12.397296915624402,1.0,-0.05096591082492097,6.495,0.0,0.46905622,0.5451983,0.37287125,0.44071686565876006,0.46355949640274047,0.4118613749742508
0.44582172181467417,0.20495488303643758,0.233579009498353,57.78,85792.58181818236,3.42,34317.032727272715,1.0,-0.17303994872890627,6.5,0.0,0.73552454,0.84260404,0.66386664,0.5206573605537415,0.5527812123298644,0.4991599917411804
0.4479150809323285,0.2094605709466269,0.2359783607246702,58.86,266461.6658823525,3.78,88820.55529411761,1.0,-0.035706656086922806,6.505,0.0,0.73552454,0.84260404,0.66386664,0.5206573605537415,0.5527812123298644,0.4991599917411804
0.4492377199765176,0.2103787916947421,0.23886639069807977,59.76,251658.2399999996,3.96,50331.648000000045,1.0,-0.17303994872890627,6.51,0.0,0.73552454,0.84260404,0.66386664,0.5206573605537415,0.5527812123298644,0.4991599917411804
0.4507724765934982,0.2122742504781459,0.24156493407465163,60.48,232299.91384615347,4.14,58074.97846153837,1.0,-0.17303994872890627,6.515000000000001,0.0,0.73552454,0.84260404,0.66386664,0.5206573605537415,0.5527812123298644,0.4991599917411804
0.45258754495898207,0.2115173478614254,0.24744832965977018,61.379999999999995,269633.82857142814,4.32,53926.765714285895,1.0,-0.035706656086922806,6.5200000000000005,0.0,0.14913158,1.1679043,1.092883,0.34473947435617447,0.6,0.6
0.45465446536844534,0.21889992193764324,0.25424432057900315,62.099999999999994,46459.98276923069,4.5,11614.995692307673,1.0,-0.1577806939909081,6.525,0.0,0.14913158,1.1679043,1.092883,0.34473947435617447,0.6,0.6
0.4550087451910193,0.21642391919586146,0.259361507492687,62.82,188743.68000000156,4.68,47185.919999999925,1.0,-0.23407696768089892,6.53,0.0,0.14913158,1.1679043,1.092883,0.34473947435617447,0.6,0.6
0.4535908732025829,0.20735765507144716,0.2666525840394435,63.18,100663.29599999984,5.04,100663.29600000009,1.0,0.22370067445904596,6.535,0.0,0.14913158,1.1679043,1.092883,0.34473947435617447,0.6,0.6
0.45292303764045605,0.2204585305080547,0.27618901384253863,63.54,8.24730418824145,5.3999999999999995,8.24730418824145,1.0,-0.18829920346690443,6.54,0.0,-0.07551816,1.3640641,1.8365892,0.27734455168247224,0.6,0.6
0.452586391817093,0.24087766447922512,0.2833632914864167,63.54,0.0,5.9399999999999995,44410.27764705883,1.0,-0.08148442030091729,6.545,0.0,-0.07551816,1.3640641,1.8365892,0.27734455168247224,0.6,0.6
0.45136849818607244,0.24520349126274085,0.29132474361083527,63.36,-41943.039999999935,6.3,83886.08000000007,1.0,-0.18829920346690443,6.55,0.0,-0.07551816,1.3640641,1.8365892,0.27734455168247224,0.6,0.6
0.4511975802060432,0.26431417749604164,0.30256859687054016,63.18,-50331.64799999992,6.66,100663.29600000009,1.0,-0.11200292977691362,6.555,0.0,-0.07551816,1.3640641,1.8365892,0.27734455168247224,0.6,0.6
0.45141730519745293,0.2869386931018408,0.3117315805082038,62.82,-94371.83999999985,7.02,94371.83999999985,1.0,-0.035706656086922806,6.5600000000000005,0.0,-0.5547364,1.6419256,2.0156255,0.13357908725738524,0.6,0.6
0.452119305467703,0.3021774564021423,0.31979994961041713,62.46,-94371.83999999985,7.02,0.0,1.0,-0.2035584582049026,6.565,0.0,-0.5547364,1.6419256,2.0156255,0.13357908725738524,0.6,0.6
0.4526105844215778,0.324456739511946,0.3310640905779239,61.919999999999995,-141557.76000000164,6.84,-47185.919999999925,1.0,-0.38666951506088054,6.57,0.0,-0.5547364,1.6419256,2.0156255,0.13357908725738524,0.6,0.6
0.453021055413903,0.3377579441227101,0.34135791052820996,61.199999999999996,-201326.59199999968,6.4799999999999995,-100663.29600000009,1.0,-0.05096591082492097,6.575,0.0,-0.5547364,1.6419256,2.0156255,0.13357908725738524,0.6,0.6
0.4543186622508343,0.3472083271011261,0.3499573576496026,60.48,-201326.59199999968,5.76,-201326.59199999992,1.0,-0.31037324137088973,6.58,0.0,-1.0014602,1.9968277,1.3245738,0.0,0.6,0.6
0.4558897751771918,0.3629937902556491,0.3592124333574433,59.58,-21.754438053964304,4.859999999999999,-21.754438053964346,1.0,-0.14252143925290994,6.585,0.0,-1.0014602,1.9968277,1.3245738,0.0,0.6,0.6
0.45667055655187533,0.36788708652053725,0.3688729416949872,58.68,-114390.10909090891,3.78,-137268.13090909086,1.0,-0.11200292977691362,6.59,0.0,-1.0014602,1.9968277,1.3245738,0.0,0.6,0.6
0.45743278197509163,0.3662299822013383,0.37597429365672924,57.78,-57195.054545454455,2.16,-102951.09818181816,1.0,0.19318216498304963,6.595,0.0,-1.0014602,1.9968277,1.3245738,0.0,0.6,0.6
0.45812969759211203,0.3752365940318603,0.383857349564832,56.16,-485340.89142857277,1.7999999999999998,-107853.53142857153,1.0,-0.09674367503891546,6.6000000000000005,0.0,-0.85750437,1.0505115,1.579522,0.04274868965148926,0.6,0.6
0.46002702589901195,0.37560503185162863,0.39314159846893115,54.54,-485340.89142857067,2.16,107853.53142857153,1.0,-0.1577806939909081,6.605,0.0,-0.85750437,1.0505115,1.579522,0.04274868965148926,0.6,0.6
0.46115634562903735,0.37860883982241644,0.4011715367235179,52.919999999999995,-424673.2800000012,1.7999999999999998,-94371.84000000008,1.0,-0.06622516556291913,6.61,0.0,-0.85750437,1.0505115,1.579522,0.04274868965148926,0.6,0.6
0.4620518041612773,0.3926552832362055,0.40854880499734436,51.12,-471859.19999999925,1.7999999999999998,0.0,1.0,0.17792291024505147,6.615,0.0,-0.85750437,1.0505115,1.579522,0.04274868965148926,0.6,0.6
0.4640706266432944,0.4022734582597944,0.41669265958845947,49.5,-452984.8319999993,1.7999999999999998,0.0,1.0,-0.17303994872890627,6.62,0.0,-1.2025123,-0.23413792,1.3324246,0.0,0.22975862324237822,0.6
0.46519536678028717,0.4236415552772776,0.42301380874899386,47.879999999999995,-36.341317530526226,1.6199999999999999,-4.0379241700584565,1.0,0.05584887234106617,6.625,0.0,-1.2025123,-0.23413792,1.3324246,0.0,0.22975862324237822,0.6
0.4586660760633173,0.4249176908455792,0.42849940697516137,46.26,-165726.15804878023,1.7999999999999998,18414.017560975604,1.0,-0.035706656086922806,6.63,0.0,-1.2025123,-0.23413792,1.3324246,0.0,0.22975862324237822,0.6
0.4428091287734734,0.4279608903625933,0.4339992358611717,44.64,-377487.3599999994,1.6199999999999999,-41943.039999999986,1.0,-0.08148442030091729,6.635,0.0,-1.2025123,-0.23413792,1.3324246,0.0,0.22975862324237822,0.6
0.4281375901633068,0.4375799226833051,0.4386492796934202,43.199999999999996,-109814.5047272731,1.6199999999999999,0.0,1.0,-0.18829920346690443,6.640000000000001,0.0,-0.1833398,-1.1279068,1.7969826,0.24499805867671964,0.0,0.6
0.4115304923497453,0.4444744773406993,0.4426111131600641,41.76,-402653.18399999937,1.6199999999999999,0.0,1.0,-0.18829920346690443,6.6450000000000005,0.0,-0.1833398,-1.1279068,1.7969826,0.24499805867671964,0.0,0.6
0.39146295313550844,0.44513107719873385,0.4470514555738806,40.14,-234302.49931034446,1.7999999999999998,26033.61103448275,1.0,-0.24933622241889708,6.65,0.0,-0.1833398,-1.1279068,1.7969826,0.24499805867671964,0.0,0.6
0.3745625066532686,0.4523350576885299,0.4506769971647591,38.519999999999996,-399692.4988235305,1.7999999999999998,0.0,1.0,0.025330362865069844,6.655,0.0,-0.1833398,-1.1279068,1.7969826,0.24499805867671964,0.0,0.6
0.3584768743302932,0.4467515677390217,0.453563220427534,36.9,-485340.89142857067,1.6199999999999999,-53926.7657142857,1.0,-0.2035584582049026,6.66,0.0,0.82264507,-0.9693538,-1.2290416,0.546793520450592,0.009193861484527588,0.0
0.33915083555253156,0.456999769145345,0.45691802292774286,35.28,-452984.8319999993,1.7999999999999998,50331.64799999998,1.0,0.05584887234106617,6.665,0.0,0.82264507,-0.9693538,-1.2290416,0.546793520450592,0.009193861484527588,0.0
0.31786237932994693,0.4478424440778495,0.46028043660973983,33.66,-39.913605620399906,1.7999999999999998,0.0,1.0,0.010071108127071682,6.67,0.0,0.82264507,-0.9693538,-1.2290416,0.546793520450592,0.009193861484527588,0.0
0.29855856535824143,0.460615659811922,0.46267216990000387,31.68,-150994.94399999976,1.7999999999999998,0.0,1.0,-0.035706656086922806,6.675,0.0,0.82264507,-0.9693538,-1.2290416,0.546793520450592,0.009193861484527588,0.0
0.2792192017766533,0.4659251262249537,0.4654244719676067,29.88,-419430.40000000014,1.7999999999999998,0.0,1.0,-0.1577806939909081,6.68,8.522882461547852,1.1145958,-0.21765372,-0.90515506,0.6,0.2347038835287094,0.028453481197357175
0.2633089807873673,0.4647108066840755,0.4682284058884752,27.9,-461373.4400000001,1.6199999999999999,-41943.039999999986,1.0,-0.17303994872890627,6.6850000000000005,8.522882461547852,1.1145958,-0.21765372,-0.90515506,0.6,0.2347038835287094,0.028453481197357175
0.2510264342806543,0.46325004918837165,0.47037030951497666,25.919999999999998,-593194.422857143,1.6199999999999999,0.0,1.0,-0.09674367503891546,6.69,8.522882461547852,1.1145958,-0.21765372,-0.90515506,0.6,0.2347038835287094,0.028453481197357175
0.2379601944571702,0.46602165272905455,0.473026511064003,23.759999999999998,-503316.48000000004,1.6199999999999999,0.0,1.0,0.07110812707906433,6.695,8.522882461547852,1.1145958,-0.21765372,-0.90515506,0.6,0.2347038835287094,0.028453481197357175
0.22285766866292456,0.47157510617287407,0.4761885794148779,21.779999999999998,-123951.07343283585,1.6199999999999999,0.0,1.0,-0.11200292977691362,6.7,20.0,0.7017237,-0.100763634,-1.6653543,0.5105171084403991,0.269770909845829,0.0
0.21079987907035433,0.45708470639903603,0.47816745910747194,19.8,-267894.25548387057,1.6199999999999999,0.0,1.0,-0.21881771294290076,6.705,20.0,0.7017237,-0.100763634,-1.6653543,0.5105171084403991,0.269770909845829,0.0
0.20296845334166613,0.46223190804291203,0.48052581884682566,17.82,-44.38084863512966,1.6199999999999999,0.0,1.0,-0.12726218451491178,6.71,20.0,0.7017237,-0.100763634,-1.6653543,0.5105171084403991,0.269770909845829,0.0
0.19873351841070527,0.4637367260851757,0.483511147098875,15.84,-193133.0679069768,1.6199999999999999,0.0,1.0,0.025330362865069844,6.715,20.0,0.7017237,-0.100763634,-1.6653543,0.5105171084403991,0.269770909845829,0.0
0.1970689121911502,0.45247731115702444,0.4858508678519345,14.219999999999999,-452984.8320000003,1.6199999999999999,0.0,1.0,-0.05096591082492097,6.72,8.522882461547852,0.8126496,-0.19837281,-1.2983409,0.5437948822975158,0.24048815667629242,0.0
0.19857024275811647,0.4407601702490099,0.4854047387528044,12.6,-399692.4988235292,1.6199999999999999,0.0,1.0,0.04058961760306801,6.7250000000000005,8.522882461547852,0.8126496,-0.19837281,-1.2983409,0.5437948822975158,0.24048815667629242,0.0
0.20179990212071136,0.4216399255961296,0.48352763397770204,11.16,-431414.1257142856,1.6199999999999999,0.0,1.0,-0.2798547318948934,6.73,8.522882461547852,0.8126496,-0.19837281,-1.2983409,0.5437948822975158,0.24048815667629242,0.0
0.20356428599408488,0.38701431691187876,0.4833239741109774,10.08,-266461.665882353,1.6199999999999999,0.0,1.0,-0.005188146610926481,6.735,8.522882461547852,0.8126496,-0.19837281,-1.2983409,0.5437948822975158,0.24048815667629242,0.0
0.20757853227268958,0.34607068272067343,0.4819722397315269,9.18,-269633.82857142866,1.6199999999999999,0.0,1.0,-0.18829920346690443,6.74,0.0,0.9392084,0.120701194,-0.85426366,0.5817625164985657,0.33621035814285277,0.043720901012420654
0.2194943840035267,0.3190093688884441,0.47795003679381043,8.82,-100663.29599999984,1.6199999999999999,0.0,1.0,-0.21881771294290076,6.745,0.0,0.9392084,0.120701194,-0.85426366,0.5817625164985657,0.33621035814285277,0.043720901012420654
0.23456664130360477,0.29138136881655907,0.46942897020956154,8.64,-50331.64799999992,1.6199999999999999,0.0,1.0,-0.26459547715689524,6.75,0.0,0.9392084,0.120701194,-0.85426366,0.5817625164985657,0.33621035814285277,0.043720901012420654
0.24583484297059904,0.27392940782830527,0.4557510880974216,9.0,8.871514083265753,1.6199999999999999,0.0,1.0,0.010071108127071682,6.755,0.0,0.9392084,0.120701194,-0.85426366,0.5817625164985657,0.33621035814285277,0.043720901012420654
0.2651353348405776,0.2533280607387627,0.43565094920709413,9.719999999999999,62914.5599999999,1.6199999999999999,0.0,1.0,-0.24933622241889708,6.76,0.0,0.6818726,0.13716155,0.5548388,0.5045617818832397,0.3411484658718109,0.46645163297653197
0.2849761067607259,0.23971791845000773,0.415180628075638,10.98,251658.2400000003,1.6199999999999999,0.0,1.0,-0.005188146610926481,6.765000000000001,0.0,0.6818726,0.13716155,0.5548388,0.5045617818832397,0.3411484658718109,0.46645163297653197
0.2999350396331415,0.2359575534110207,0.39830006560792225,12.42,335544.3199999999,1.6199999999999999,0.0,1.0,-0.23407696768089892,6.7700000000000005,0.0,0.6818726,0.13716155,0.5548388,0.5045617818832397,0.3411484658718109,0.46645163297653197
0.3157240299773031,0.23776634134678004,0.38089409353952197,14.399999999999999,692060.1599999996,1.6199999999999999,0.0,1.0,-0.21881771294290076,6.775,0.0,0.6818726,0.13716155,0.5548388,0.5045617818832397,0.3411484658718109,0.46645163297653197
0.3325744376997999,0.23878555240129554,0.3601537718890801,16.74,545259.52,1.6199999999999999,0.0,1.0,-0.2035584582049026,6.78,0.0,0.40347967,0.6365659,1.0236621,0.4210438996553421,0.49096977710723877,0.6
0.3439804539688883,0.23273384161200086,0.33727603533720235,19.439999999999998,707788.7999999998,1.6199999999999999,0.0,1.0,-0.035706656086922806,6.785,0.0,0.40347967,0.6365659,1.0236621,0.4210438996553421,0.49096977710723877,0.6
0.35562004745504316,0.23560926595280082,0.31302919173631927,22.5,916755.0171428578,1.6199999999999999,0.0,1.0,-0.2035584582049026,6.79,0.0,0.40347967,0.6365659,1.0236621,0.4210438996553421,0.49096977710723877,0.6
0.3677539565279878,0.23386624308392778,0.2886374619619037,25.919999999999998,76.54084456539135,1.6199999999999999,0.0,1.0,-0.24933622241889708,6.795,0.0,0.40347967,0.6365659,1.0236621,0.4210438996553421,0.49096977710723877,0.6
0.376766866808187,0.229969974655874,0.2638501453908888,29.52,387166.5230769232,1.7999999999999998,19358.32615384615,1.0,-0.08148442030091729,6.8,0.0,-0.180807,0.7329464,1.1413139,0.24575790166854858,0.519883918762207,0.6
0.38499965644820655,0.22153289667812442,0.2406171130055724,33.3,170478.16258064506,1.7999999999999998,0.0,1.0,-0.09674367503891546,6.805,0.0,-0.180807,0.7329464,1.1413139,0.24575790166854858,0.519883918762207,0.6
0.39463651249148957,0.22885239488037393,0.21830466767342535,37.44,560142.5341935485,1.7999999999999998,0.0,1.0,-0.3256324961088879,6.8100000000000005,0.0,-0.180807,0.7329464,1.1413139,0.24575790166854858,0.519883918762207,0.6
0.4022115753988297,0.22732093454524266,0.19887966191805465,41.58,1240315.6114285716,1.7999999999999998,0.0,1.0,-0.1577806939909081,6.815,0.0,-0.180807,0.7329464,1.1413139,0.24575790166854858,0.519883918762207,0.6
0.40903577977610917,0.22009692512297252,0.18229436600735077,45.72,868220.9280000001,1.7999999999999998,0.0,1.0,-0.31037324137088973,6.82,0.0,0.34624785,-0.043215647,1.309057,0.4038743555545807,0.28703530579805375,0.6
0.4169790620148024,0.2292365811383684,0.16910983442239633,50.04,1132462.08,1.98,47185.92000000004,1.0,0.05584887234106617,6.825,0.0,0.34624785,-0.043215647,1.309057,0.4038743555545807,0.28703530579805375,0.6
0.4239629124792107,0.2508992957253176,0.1601973800933507,54.18,1157627.904,1.98,0.0,1.0,-0.3256324961088879,6.83,0.0,0.34624785,-0.043215647,1.309057,0.4038743555545807,0.28703530579805375,0.6
0.43006754305675793,0.25688290476784137,0.1557318648633481,58.32,1240315.6114285716,2.16,53926.765714285764,1.0,-0.14252143925290994,6.835,0.0,0.34624785,-0.043215647,1.309057,0.4038743555545807,0.28703530579805375,0.6
0.43616280257670537,0.26146794606342644,0.15561031483731969,61.919999999999995,87.00571836861683,2.88,17.401143673723386,1.0,-0.17303994872890627,6.84,0.0,-0.052115366,0.8455303,2.08396,0.2843653902411461,0.5536590814590454,0.6
0.4407881413925208,0.26149147324143246,0.15773756035533318,65.16,468604.99862068996,3.96,156201.66620689657,1.0,-0.11200292977691362,6.845,0.0,-0.052115366,0.8455303,2.08396,0.2843653902411461,0.5536590814590454,0.6
0.44359847007902353,0.28085300214621434,0.16183112148350384,67.86,754974.7200000008,5.9399999999999995,553648.1279999999,1.0,-0.14252143925290994,6.8500000000000005,0.0,-0.052115366,0.8455303,2.08396,0.2843653902411461,0.5536590814590454,0.6
0.44408906460404296,0.29416360668169805,0.17527651223757834,69.66,539267.6571428563,9.0,916755.0171428573,1.0,0.2542191839350423,6.855,0.0,-0.052115366,0.8455303,2.08396,0.2843653902411461,0.5536590814590454,0.6
0.4445770719063613,0.3130256271383769,0.19437164902224283,70.56,68634.06545454588,13.139999999999999,315716.701090909,1.0,-0.18829920346690443,6.86,0.0,-0.32806915,1.4221966,2.9755764,0.20157925486564635,0.6,0.6
0.44434021931608986,0.32333808469424913,0.21154734539400927,70.74,47185.91999999806,18.18,1321205.7600000002,1.0,-0.035706656086922806,6.865,0.0,-0.32806915,1.4221966,2.9755764,0.20157925486564635,0.6,0.6
0.4430000519931145,0.3331903879303717,0.22934438083940076,70.38,-52067.222068965435,23.58,781008.3310344826,1.0,-0.09674367503891546,6.87,0.0,-0.32806915,1.4221966,2.9755764,0.20157925486564635,0.6,0.6
0.44281008823460294,0.3441063059206456,0.24981666676227163,69.48,-251658.2399999976,28.439999999999998,1358954.4959999998,1.0,-0.14252143925290994,6.875,0.0,-0.32806915,1.4221966,2.9755764,0.20157925486564635,0.6,0.6
0.44287979388094995,0.3582927313226676,0.26778680611939826,68.39999999999999,-24.802196245052002,32.4,90.9413862318563,1.0,-0.11200292977691362,6.88,0.0,-1.0460832,2.039294,2.3201354,0.0,0.6,0.6
0.441867991783754,0.35808357865418755,0.28420503356556126,67.67999999999999,-70230.2065116278,34.379999999999995,193133.06790697644,1.0,-0.09674367503891546,6.885,0.0,-1.0460832,2.039294,2.3201354,0.0,0.6,0.6
0.44263531287752006,0.3534719134618398,0.3007102356871637,67.32,-100663.29599999984,34.199999999999996,-50331.64799999992,1.0,0.10162663655506066,6.890000000000001,0.0,-1.0460832,2.039294,2.3201354,0.0,0.6,0.6
0.4422641789025422,0.347883116050012,0.3140367584048774,66.96,-100663.29599999984,32.58,-452984.8319999993,1.0,-0.035706656086922806,6.8950000000000005,0.0,-1.0460832,2.039294,2.3201354,0.0,0.6,0.6
0.4417414924323347,0.3484291005341199,0.32358203852265216,66.42,-174224.93538461282,29.88,-871124.6769230767,1.0,-0.23407696768089892,6.9,0.0,-1.3508589,1.4614921,1.8466976,0.0,0.6,0.6
0.4426047460402027,0.35095716162157403,0.3345062762200355,66.06,-116149.95692307674,26.279999999999998,-1161499.5692307698,1.0,-0.06622516556291913,6.905,0.0,-1.3508589,1.4614921,1.8466976,0.0,0.6,0.6
0.44262244026075664,0.362932533396045,0.34435718950825656,65.52,-141557.76000000164,22.14,-1085276.1599999992,1.0,-0.18829920346690443,6.91,0.0,-1.3508589,1.4614921,1.8466976,0.0,0.6,0.6
0.4423230989461744,0.3724600003177806,0.3518768217987023,64.8,-45756.04363636357,17.28,-308853.2945454545,1.0,-0.17303994872890627,6.915,0.0,-1.3508589,1.4614921,1.8466976,0.0,0.6,0.6
0.4406227233818059,0.37741330963745245,0.3606691113211404,64.08,-201326.59199999968,12.42,-1358954.4960000003,1.0,-0.11200292977691362,6.92,0.0,-1.2574086,0.16428834,1.8987604,0.0,0.34928650259971616,0.6
0.4389732730949193,0.3814711309367539,0.3701305143628318,62.82,-28.959362598703454,7.38,-115.83745039481398,1.0,-0.14252143925290994,6.925,0.0,-1.2574086,0.16428834,1.8987604,0.0,0.34928650259971616,0.6
0.43391184069500033,0.38934244670238205,0.3781782832713187,61.379999999999995,-55410.988623853395,2.52,-187012.08660550456,1.0,0.17792291024505147,6.93,0.0,-1.2574086,0.16428834,1.8987604,0.0,0.34928650259971616,0.6
0.4191807779119389,0.37921445523799063,0.3873840901033712,57.599999999999994,-352321.5360000001,2.16,-33554.431999999986,1.0,0.11688589129305882,6.9350000000000005,0.0,-1.2574086,0.16428834,1.8987604,0.0,0.34928650259971616,0.6
0.4051793425463215,0.3861074417141928,0.39743497113075754,54.36,-367284.9989189183,3.78,183642.49945945942,1.0,-0.38666951506088054,6.94,0.0,0.30208844,-0.87586284,2.1932206,0.39062653183937074,0.03724114894866943,0.6
0.39191107343670367,0.388096734766954,0.4068049030508449,50.58,-466307.91529411776,4.32,66615.4164705883,1.0,0.05584887234106617,6.945,0.0,0.30208844,-0.87586284,2.1932206,0.39062653183937074,0.03724114894866943,0.6
0.37549880061090407,0.3946953807330898,0.41514806864357756,46.8,-428499.1654054055,4.32,0.0,1.0,-0.23407696768089892,6.95,0.0,0.30208844,-0.87586284,2.1932206,0.39062653183937074,0.03724114894866943,0.6
0.35767279138102775,0.40686182617629685,0.4229881625052336,43.739999999999995,-346880.276756757,2.88,-163237.77729729735,1.0,-0.14252143925290994,6.955,0.0,0.30208844,-0.87586284,2.1932206,0.39062653183937074,0.03724114894866943,0.6
0.34284388593986326,0.41290172726287483,0.42747183903947567,40.14,-444102.77647058753,1.6199999999999999,-155435.97176470587,1.0,0.05584887234106617,6.96,0.0,1.5286165,-1.3844767,-0.5985962,0.6,0.0,0.12042113542556762
0.3264647697652569,0.42028762983492496,0.4317656506565519,36.36,-495452.16000000015,1.7999999999999998,23592.959999999992,1.0,-0.21881771294290076,6.965,0.0,1.5286165,-1.3844767,-0.5985962,0.6,0.0,0.12042113542556762
0.3071507668011799,0.4268213434750912,0.4363699532356972,32.58,-91.99956548986842,1.7999999999999998,0.0,1.0,0.22370067445904596,6.97,0.0,1.5286165,-1.3844767,-0.5985962,0.6,0.0,0.12042113542556762
0.28468725186019295,0.4264484193183299,0.4400679792569957,28.619999999999997,-158185.17942857146,1.7999999999999998,0.0,1.0,-0.2035584582049026,6.9750000000000005,0.0,1.5286165,-1.3844767,-0.5985962,0.6,0.0,0.12042113542556762
0.2616115401112024,0.42854471269107747,0.4430759590499174,24.84,-368708.58418604627,1.7999999999999998,0.0,1.0,0.19318216498304963,6.98,8.522882461547852,1.5170232,-0.5161394,-0.17677912,0.6,0.1451581835746765,0.24696626365184782
0.2377406138938593,0.43896202392638944,0.44671191916827585,21.06,-133230.83294117652,1.7999999999999998,0.0,1.0,-0.020447401348924643,6.985,8.522882461547852,1.5170232,-0.5161394,-0.17677912,0.6,0.1451581835746765,0.24696626365184782
0.21553402602320107,0.4468549158772625,0.44960942005100885,17.28,-452984.8319999997,1.7999999999999998,0.0,1.0,-0.18829920346690443,6.99,8.522882461547852,1.5170232,-0.5161394,-0.17677912,0.6,0.1451581835746765,0.24696626365184782
0.193960079021435,0.44752702264194605,0.45165572409233273,13.68,-419430.40000000014,1.7999999999999998,0.0,1.0,-0.23407696768089892,6.995,8.522882461547852,1.5170232,-0.5161394,-0.17677912,0.6,0.1451581835746765,0.24696626365184782
0.17424155076875564,0.44178158486684915,0.45460546207194125,10.08,-431414.12571428565,1.7999999999999998,0.0,1.0,-0.06622516556291913,7.0,20.0,1.01555,-0.769529,-1.3562769,0.6,0.06914130449295043,0.0
0.15592056055487444,0.4344783378218837,0.45707858620519914,6.66,-448266.24,1.6199999999999999,-23592.959999999992,1.0,-0.21881771294290076,7.005,20.0,1.01555,-0.769529,-1.3562769,0.6,0.06914130449295043,0.0
0.1448385481141911,0.4364388445119313,0.45912173188715316,3.78,-64.52120521955571,5.9399999999999995,96.78180782933354,1.0,6.220587786492491,7.01,20.0,1.01555,-0.769529,-1.3562769,0.6,0.06914130449295043,0.0
0.14402226515030397,0.4323727752032571,0.4641433772800938,2.34,-59799.97782178217,9.9,164449.93900990102,1.0,-3.911557359538566,7.015000000000001,20.0,1.01555,-0.769529,-1.3562769,0.6,0.06914130449295043,0.0
0.1430801153963339,0.4338712320040137,0.4688562450096122,2.16,-4364.015722543346,9.54,-8728.031445086734,1.0,5.182958464308616,7.0200000000000005,8.522882461547852,1.0359797,-1.2857372,-1.895104,0.6,0.0,0.0
0.1433580729335084,0.4336456077485733,0.4704737718131044,3.2399999999999998,58074.97846153844,6.3,-174224.93538461535,1.0,-1.836298715170761,7.025,8.522882461547852,1.0359797,-1.2857372,-1.895104,0.6,0.0,0.0
0.1505079923727344,0.43366389565189917,0.4676091978878043,5.3999999999999995,251658.23999999996,3.78,-293601.28,1.0,2.939848017822831,7.03,8.522882461547852,1.0359797,-1.2857372,-1.895104,0.6,0.0,0.0
0.16633233942762038,0.43282378883916556,0.465133261596412,8.1,290374.8923076923,1.44,-251658.24,1.0,-1.271706289864829,7.035,8.522882461547852,1.0359797,-1.2857372,-1.895104,0.6,0.0,0.0
0.17825876654011683,0.41939160314097684,0.4625630303929569,9.36,146800.63999999998,2.16,83886.08000000002,1.0,2.6499221778008106,7.04,0.0,1.1940483,-1.4043633,-2.030673,0.6,0.0,0.0
0.195096820027814,0.4123304357205264,0.45932791918219623,11.7,288666.8047058823,1.98,-22205.138823529433,1.0,-1.1038544877467942,7.045,0.0,1.1940483,-1.4043633,-2.030673,0.6,0.0,0.0
0.21515713827839666,0.39007317601122793,0.45696705224500345,14.04,181753.1733333333,1.7999999999999998,-13981.013333333345,1.0,0.6814783165989908,7.05,0.0,1.1940483,-1.4043633,-2.030673,0.6,0.0,0.0
0.23179683872239562,0.3697928711366295,0.455392132766031,16.38,57.335720853609374,1.6199999999999999,-4.410440065662258,1.0,-1.0580767235327997,7.055,0.0,1.1940483,-1.4043633,-2.030673,0.6,0.0,0.0
0.24649582923804247,0.35109408365151545,0.4476160450950745,19.08,104857.59999999998,1.6199999999999999,0.0,1.0,0.8798486281930238,7.0600000000000005,0.0,1.3671026,-1.8672488,-0.77488387,0.6,0.0,0.0675348401069641
0.2657887872325599,0.32393041839156916,0.4339617343640614,21.779999999999998,290374.8923076922,1.7999999999999998,19358.32615384615,1.0,-0.7986693929868309,7.065,0.0,1.3671026,-1.8672488,-0.77488387,0.6,0.0,0.0675348401069641
0.28157437726739676,0.32112706490362525,0.42086929217745606,24.66,335544.3200000003,1.7999999999999998,0.0,1.0,0.2084414197210478,7.07,0.0,1.3671026,-1.8672488,-0.77488387,0.6,0.0,0.0675348401069641
0.294803221643331,0.31450746055860385,0.4079210113958207,27.54,91512.08727272724,1.7999999999999998,0.0,1.0,-0.5392620624408622,7.075,0.0,1.3671026,-1.8672488,-0.77488387,0.6,0.0,0.0675348401069641
0.3098403910771967,0.291901994454588,0.3898876059252433,30.779999999999998,357619.60421052616,1.7999999999999998,0.0,1.0,-0.23407696768089892,7.08,0.0,0.9478533,-1.4286499,-1.2352585,0.5843559980392455,0.0,0.0
0.3242442642859556,0.2761909604526743,0.36820715704207846,33.839999999999996,388926.37090909074,1.7999999999999998,0.0,1.0,-0.020447401348924643,7.085,0.0,0.9478533,-1.4286499,-1.2352585,0.5843559980392455,0.0,0.0
0.3355399185131998,0.26329261639114665,0.3434031773964337,36.9,414018.39483870997,1.7999999999999998,0.0,1.0,-0.17303994872890627,7.09,0.0,0.9478533,-1.4286499,-1.2352585,0.5843559980392455,0.0,0.0
0.34915891812628114,0.2615613939069602,0.31721080460980916,40.14,74.70641408199845,1.7999999999999998,0.0,1.0,0.3610339671010294,7.095,0.0,0.9478533,-1.4286499,-1.2352585,0.5843559980392455,0.0,0.0
0.3617650716628404,0.24167385211716838,0.2914389175602359,43.559999999999995,69973.2667317072,1.7999999999999998,0.0,1.0,-0.46296578875087135,7.1000000000000005,0.0,0.8021462,-1.364034,-1.2105016,0.5406438589096069,0.0,0.0
0.37177264540130517,0.22295966606817103,0.2661305007512594,46.8,316035.92930232576,1.7999999999999998,0.0,1.0,0.19318216498304963,7.105,0.0,0.8021462,-1.364034,-1.2105016,0.5406438589096069,0.0,0.0
0.38242256450982104,0.21214880727708202,0.24228401648813203,50.04,331452.31609756115,1.98,18414.017560975626,1.0,-0.524002807702864,7.11,0.0,0.8021462,-1.364034,-1.2105016,0.5406438589096069,0.0,0.0
0.39342020692303187,0.1923654786471984,0.2193539428619574,53.46,398458.8800000002,1.98,0.0,1.0,0.31525620288703493,7.115,0.0,0.8021462,-1.364034,-1.2105016,0.5406438589096069,0.0,0.0
0.40232226244107316,0.18287456303092592,0.1983233588095797,56.699999999999996,377487.3599999994,1.98,0.0,1.0,-0.23407696768089892,7.12,0.0,0.958238,-1.6045457,-0.13404584,0.5874714016914367,0.0,0.2597862482070923
0.4106314076253819,0.15911460040368708,0.1787282086404321,59.94,242670.44571428586,1.98,0.0,1.0,-0.1577806939909081,7.125,0.0,0.958238,-1.6045457,-0.13404584,0.5874714016914367,0.0,0.2597862482070923
0.4195777197312362,0.14042445860826114,0.16070467673639785,63.0,388926.3709090912,2.16,22878.021818181838,1.0,-0.24933622241889708,7.13,0.0,0.958238,-1.6045457,-0.13404584,0.5874714016914367,0.0,0.2597862482070923
0.4264837398930481,0.1158108011875736,0.14594342978046806,66.06,388926.3709090912,2.16,0.0,1.0,-0.035706656086922806,7.135,0.0,0.958238,-1.6045457,-0.13404584,0.5874714016914367,0.0,0.2597862482070923
0.4333187659511104,0.09284747945551426,0.1346841016855973,69.12,72.66894036247932,2.52,8.549287101468146,1.0,0.05584887234106617,7.140000000000001,0.0,0.31929904,-1.112696,-0.8308722,0.3957897126674652,0.0,0.05073834657669067
0.4407232815715427,0.08487390843971614,0.1268514209082378,71.82,112124.95841584112,3.06,22424.99168316832,1.0,-0.17303994872890627,7.1450000000000005,0.0,0.31929904,-1.112696,-0.8308722,0.3957897126674652,0.0,0.05073834657669067
0.44693258837446975,0.0708737948140937,0.1224012081545609,74.34,251658.240000001,3.78,71902.35428571426,1.0,-0.11200292977691362,7.15,0.0,0.31929904,-1.112696,-0.8308722,0.3957897126674652,0.0,0.05073834657669067
0.4526997956446268,0.06425887125944704,0.11884824790716944,76.67999999999999,272629.7599999987,4.68,104857.59999999999,1.0,-0.17303994872890627,7.155,0.0,0.31929904,-1.112696,-0.8308722,0.3957897126674652,0.0,0.05073834657669067
0.45874430017253714,0.06432466409504481,0.1138219918783222,78.66,72214.97321739145,5.9399999999999995,45954.98295652173,1.0,-0.035706656086922806,7.16,0.0,0.2525589,-1.1471546,0.09691735,0.3757676661014557,0.0,0.3290752060711384
0.4635980025150799,0.051344746749134605,0.10639388139589466,80.46,184140.1756097558,7.739999999999999,184140.1756097561,1.0,0.07110812707906433,7.165,0.0,0.2525589,-1.1471546,0.09691735,0.3757676661014557,0.0,0.3290752060711384
0.46811330911525556,0.03483923068621615,0.09798765308008993,81.89999999999999,177641.11058823502,9.9,266461.6658823531,1.0,-0.1577806939909081,7.17,0.0,0.2525589,-1.1471546,0.09691735,0.3757676661014557,0.0,0.3290752060711384
0.47254491629022616,0.029823902941478398,0.08961828435317197,82.98,146124.13935484042,12.42,340956.32516129024,1.0,-0.14252143925290994,7.175,0.0,0.2525589,-1.1471546,0.09691735,0.3757676661014557,0.0,0.3290752060711384
0.47572286153360405,0.018313409935263664,0.0809663914683887,83.52,12.488554036170967,15.66,74.93132421702691,1.0,0.010071108127071682,7.18,0.0,-0.08427128,-0.86198545,-0.66882586,0.2747186154127121,0.0414043664932251,0.09935224056243896
0.47861371654945956,0.021183433529844788,0.07630508689143033,83.7,10066.329600000381,19.259999999999998,201326.5919999999,1.0,0.14740440076905514,7.1850000000000005,0.0,-0.08427128,-0.86198545,-0.66882586,0.2747186154127121,0.0414043664932251,0.09935224056243896
0.48182950778443295,0.026186246507959313,0.07510659521727495,83.7,0.0,23.4,413438.5371428572,1.0,-0.23407696768089892,7.19,0.0,-0.08427128,-0.86198545,-0.66882586,0.2747186154127121,0.0414043664932251,0.09935224056243896
0.48505041716647096,0.03607362424466046,0.07442336913542628,83.34,-44410.277647058756,27.54,510718.19294117653,1.0,-0.08148442030091729,7.195,0.0,-0.08427128,-0.86198545,-0.66882586,0.2747186154127121,0.0414043664932251,0.09935224056243896
0.4871637649440831,0.018728660615771366,0.07547200546203708,83.16,-23592.960000000894,31.5,519045.1200000001,1.0,-0.23407696768089892,7.2,0.0,-0.74739707,-0.21466833,1.014386,0.07578088045120239,0.23559949994087218,0.6
0.49073490407381015,0.0074220337505781055,0.08036538538604245,82.8,-40809.44432432426,35.1,408094.4432432434,1.0,-0.05096591082492097,7.205,0.0,-0.74739707,-0.21466833,1.014386,0.07578088045120239,0.23559949994087218,0.6
0.49373188478496444,-0.002322036971458606,0.09133360055552439,82.61999999999999,-20404.722162162936,37.98,326475.55459459405,1.0,-0.26459547715689524,7.21,0.0,-0.74739707,-0.21466833,1.014386,0.07578088045120239,0.23559949994087218,0.6
0.4953487901629552,-0.004868973331177721,0.09892114145364235,82.61999999999999,0.0,39.96,244256.52705882402,1.0,0.025330362865069844,7.215,0.0,-0.74739707,-0.21466833,1.014386,0.07578088045120239,0.23559949994087218,0.6
0.4955628037279762,-0.011589111481132671,0.10157679611552382,82.61999999999999,0.0,41.04,55924.05333333324,1.0,-0.12726218451491178,7.22,0.0,-0.34886006,-0.54461646,-0.19909519,0.19534198343753814,0.13661506175994872,0.2402714431285858
0.49647823113456185,0.0023602935671213666,0.10399029482337782,82.8,4.3381622814327825,41.4,8.676324562865222,1.0,-0.08148442030091729,7.2250000000000005,0.0,-0.34886006,-0.54461646,-0.19909519,0.19534198343753814,0.13661506175994872,0.2402714431285858
0.49566080279957425,-0.0027541581418058796,0.10565128719068356,83.34,16653.85411764725,40.86,-16653.85411764703,1.0,-0.17303994872890627,7.23,0.0,-0.34886006,-0.54461646,-0.19909519,0.19534198343753814,0.13661506175994872,0.2402714431285858
0.4940933231005056,-0.00869684309506892,0.11101808697039457,83.52,19358.32615384536,40.14,-77433.30461538449,1.0,-0.11200292977691362,7.235,0.0,-0.34886006,-0.54461646,-0.19909519,0.19534198343753814,0.13661506175994872,0.2402714431285858
0.4929757935587651,-0.017529236963255167,0.12823150172213155,83.7,20971.520000000794,38.879999999999995,-146800.6400000006,1.0,-0.1577806939909081,7.24,0.0,-0.027660698,-0.7025027,-1.2255353,0.29170179069042207,0.08924918174743653,0.0
0.4919361556225509,-0.02139374945579245,0.14266058075748325,83.88,22878.021818180878,37.44,-183024.17454545427,1.0,-0.21881771294290076,7.245,0.0,-0.027660698,-0.7025027,-1.2255353,0.29170179069042207,0.08924918174743653,0.0
0.49050402195633297,-0.008790873136720357,0.14874708163224623,83.88,0.0,36.0,-167772.15999999974,1.0,0.07110812707906433,7.25,0.0,-0.027660698,-0.7025027,-1.2255353,0.29170179069042207,0.08924918174743653,0.0
0.48924928056527345,-0.004079432230795426,0.15190896583219504,83.7,-22205.1388235285,34.56,-177641.11058823502,1.0,-0.09674367503891546,7.255,0.0,-0.027660698,-0.7025027,-1.2255353,0.29170179069042207,0.08924918174743653,0.0
0.4885533663375636,-0.010621988957036381,0.1542931995987049,83.52,-24354.023225807374,32.94,-219186.2090322587,1.0,0.22370067445904596,7.26,0.0,-0.20881644,-0.6965771,-1.2072846,0.2373550683259964,0.09102687835693359,0.0
0.48609219179716734,-0.018243825572085603,0.1567431195385865,83.16,-8.193289091708209,31.32,-36.86980091268694,1.0,-0.08148442030091729,7.265000000000001,0.0,-0.20881644,-0.6965771,-1.2072846,0.2373550683259964,0.09102687835693359,0.0
0.47623259611134106,-0.009925518584217256,0.1705987825908472,82.61999999999999,-18119.39328000021,29.52,-60397.97760000003,1.0,-0.11200292977691362,7.2700000000000005,0.0,-0.20881644,-0.6965771,-1.2072846,0.2373550683259964,0.09102687835693359,0.0
0.46435966729953926,0.010210355213050054,0.1878207028398242,82.08,-14518.744615384401,27.72,-48395.8153846154,1.0,0.11688589129305882,7.275,0.0,-0.20881644,-0.6965771,-1.2072846,0.2373550683259964,0.09102687835693359,0.0
0.45045741481476426,0.031917360963606305,0.20256170757308462,81.53999999999999,-64712.11885714361,25.74,-237277.7691428572,1.0,-0.18829920346690443,7.28,0.0,0.20445427,-0.6849574,-1.4514042,0.3613362818956375,0.09451278448104858,0.0
0.4327191552721756,0.05819579929720229,0.2198677943464214,80.64,-67408.45714285651,23.759999999999998,-148298.60571428575,1.0,-0.17303994872890627,7.285,0.0,0.20445427,-0.6849574,-1.4514042,0.3613362818956375,0.09451278448104858,0.0
0.41368272876884626,0.0678770973890613,0.23910546121599544,79.92,-86282.82514285701,21.419999999999998,-280419.1817142857,1.0,-0.035706656086922806,7.29,0.0,0.20445427,-0.6849574,-1.4514042,0.3613362818956375,0.09451278448104858,0.0
0.3967441180600188,0.08118629191636467,0.2526235182122082,79.2,-79471.02315789461,19.08,-258280.82526315787,1.0,-0.26459547715689524,7.295,0.0,0.20445427,-0.6849574,-1.4514042,0.3613362818956375,0.09451278448104858,0.0
0.3783666342152754,0.08021763496393372,0.258950789889385,78.3,-117964.80000000075,16.74,-306708.48,1.0,-0.14252143925290994,7.3,0.0,0.045414936,-0.71899796,-1.2496494,0.3136244807392359,0.0843006134033203,0.0
0.36205976530724415,0.10634736023069798,0.26175051244914277,77.22,-146124.13935483847,14.399999999999999,-316602.3019354839,1.0,-0.17303994872890627,7.305,0.0,0.045414936,-0.71899796,-1.2496494,0.3136244807392359,0.0843006134033203,0.0
0.34813965200161356,0.09944987669660292,0.2630328696148173,76.14,-26.106228359344342,12.059999999999999,-56.563494778579496,1.0,-0.17303994872890627,7.3100000000000005,0.0,0.045414936,-0.71899796,-1.2496494,0.3136244807392359,0.0843006134033203,0.0
0.33678085711476635,0.09995849582040285,0.26240403184159344,74.88,-48484.61504587175,9.719999999999999,-90042.85651376146,1.0,0.010071108127071682,7.315,0.0,0.045414936,-0.71899796,-1.2496494,0.3136244807392359,0.0843006134033203,0.0
0.32761551949479734,0.089492165694716,0.2612055159070139,73.61999999999999,-132120.57600000052,7.56,-226492.4159999999,1.0,-0.05096591082492097,7.32,0.0,0.48680586,-0.7996217,-1.0644498,0.4460417568683624,0.060113489627838135,0.0
0.32187513216605507,0.08498673532995991,0.2594695692707995,72.17999999999999,-172565.65028571401,5.58,-237277.76914285708,1.0,-0.43244727927487503,7.325,0.0,0.48680586,-0.7996217,-1.0644498,0.4460417568683624,0.060113489627838135,0.0
0.31586288274048624,0.0988140019056741,0.2548845870482252,70.74,-183024.17454545427,3.42,-274536.26181818184,1.0,-0.1577806939909081,7.33,0.0,0.48680586,-0.7996217,-1.0644498,0.4460417568683624,0.060113489627838135,0.0
0.3100953193675199,0.10190314354618121,0.2435118371149843,69.12,-44410.27764705856,1.7999999999999998,-44410.27764705883,1.0,-0.12726218451491178,7.335,0.0,0.48680586,-0.7996217,-1.0644498,0.4460417568683624,0.060113489627838135,0.0
0.3055624068350389,0.08847519613483373,0.22848337698111676,66.6,-157755.9116417917,2.16,22536.55880597017,1.0,0.10162663655506066,7.34,0.0,0.20752744,-0.9957458,-0.95110464,0.3622582331299782,0.0012762665748596192,0.014668607711791992
0.30231684507489637,0.10174088438797926,0.21031346591837466,64.08,-340956.3251612898,3.06,121770.11612903225,1.0,-0.020447401348924643,7.345,0.0,0.20752744,-0.9957458,-0.95110464,0.3622582331299782,0.0012762665748596192,0.014668607711791992
0.2999689392463895,0.10186785230570156,0.1918246865451965,61.559999999999995,-320292.3054545458,3.96,114390.10909090909,1.0,-0.31037324137088973,7.3500000000000005,0.0,0.20752744,-0.9957458,-0.95110464,0.3622582331299782,0.0012762665748596192,0.014668607711791992
0.29823649708068556,0.11221979327233594,0.1730967099347691,58.68,-65.89852770776723,5.04,24.711947890412755,1.0,0.07110812707906433,7.355,0.0,0.20752744,-0.9957458,-0.95110464,0.3622582331299782,0.0012762665748596192,0.014668607711791992
0.2984321365674059,0.11486752706853386,0.15523794996684143,55.98,-114390.10909090922,6.3,53382.0509090909,1.0,0.19318216498304963,7.36,0.0,0.7777381,-0.8793757,0.049143597,0.5333214282989501,0.03618729114532471,0.3147430792450905
0.2990328407026806,0.11306917597172085,0.13839119255673926,52.919999999999995,-356515.84000000026,7.56,146800.63999999998,1.0,-0.2035584582049026,7.365,0.0,0.7777381,-0.8793757,0.049143597,0.5333214282989501,0.03618729114532471,0.3147430792450905
0.2996210796479547,0.11245443170007059,0.12369513686941516,49.86,-493637.31692307617,8.82,203262.42461538472,1.0,-0.06622516556291913,7.37,0.0,0.7777381,-0.8793757,0.049143597,0.5333214282989501,0.03618729114532471,0.3147430792450905
0.301065811900562,0.11082043385762168,0.10913972838439516,46.98,-416537.7765517245,10.08,182235.27724137928,1.0,-0.05096591082492097,7.375,0.0,0.7777381,-0.8793757,0.049143597,0.5333214282989501,0.03618729114532471,0.3147430792450905
0.30344532332946744,0.1177212823484613,0.09650275153686202,43.92,-427819.00799999933,11.34,176160.76799999998,1.0,-0.06622516556291913,7.38,0.0,0.1518045,-1.066188,-0.97178745,0.3455413520336151,0.0,0.008463764190673828
0.30517586186261486,0.1140276014904284,0.08533164474752454,41.04,-447392.42666666704,12.24,139810.1333333334,1.0,0.05584887234106617,7.385,0.0,0.1518045,-1.066188,-0.97178745,0.3455413520336151,0.0,0.008463764190673828
0.3083656922816562,0.10506224683146424,0.07632644077616343,38.519999999999996,-406524.84923076973,12.78,87112.46769230756,1.0,-0.2035584582049026,7.390000000000001,0.0,0.1518045,-1.066188,-0.97178745,0.3455413520336151,0.0,0.008463764190673828
0.3126112352866906,0.10725087840849731,0.06935463722513535,36.0,-57.294886544736954,13.139999999999999,8.184983792105278,1.0,0.025330362865069844,7.3950000000000005,0.0,0.1518045,-1.066188,-0.97178745,0.3455413520336151,0.0,0.008463764190673828
0.316184020504375,0.09388745944791113,0.06439079740467678,33.839999999999996,-107853.53142857162,12.78,-17975.588571428543,1.0,-0.020447401348924643,7.4,0.0,0.36289987,-1.2000093,-1.1741837,0.40886996090412137,0.0,0.0
0.31929729808354074,0.09489666661545311,0.06066553324218057,32.04,-314572.7999999995,12.059999999999999,-125829.12000000011,1.0,0.010071108127071682,7.405,0.0,0.36289987,-1.2000093,-1.1741837,0.40886996090412137,0.0,0.0
0.3230843191246219,0.1060142386086608,0.05538509504559618,30.779999999999998,-293601.2800000004,10.62,-335544.3199999999,1.0,-0.11200292977691362,7.41,0.0,0.36289987,-1.2000093,-1.1741837,0.40886996090412137,0.0,0.0
0.32572885407299595,0.11691773056495174,0.04395270615840406,29.88,-188743.6799999997,8.459999999999999,-452984.83200000005,1.0,-0.035706656086922806,7.415,0.0,0.36289987,-1.2000093,-1.1741837,0.40886996090412137,0.0,0.0
0.32749335223972015,0.1094784227236178,0.041635151679026136,29.34,-125829.1199999998,5.76,-629145.5999999999,1.0,-0.005188146610926481,7.42,0.0,0.8320582,-1.1329604,-1.2107303,0.5496174573898315,0.0,0.0
0.329872534625222,0.10225384048283155,0.03531152648416713,29.52,41943.039999999935,2.16,-838860.7999999999,1.0,-0.08148442030091729,7.425,0.0,0.8320582,-1.1329604,-1.2107303,0.5496174573898315,0.0,0.0
0.3313516192100514,0.1024449039133639,0.04454147338685957,28.259999999999998,-278148.5810526319,1.6199999999999999,-119206.53473684216,1.0,0.0863673818170625,7.43,0.0,0.8320582,-1.1329604,-1.2107303,0.5496174573898315,0.0,0.0
0.33367276838572824,0.09188572416497764,0.034446218858006875,27.9,-88820.55529411751,2.88,310871.94352941174,1.0,-0.8139286477248291,7.4350000000000005,0.0,0.8320582,-1.1329604,-1.2107303,0.5496174573898315,0.0,0.0
0.3369204567322298,0.08246083569010818,0.03986932446037511,27.72,-4.389132724841572,3.2399999999999998,8.778265449683156,1.0,-0.005188146610926481,7.44,0.0,0.9124898,-1.4137304,-1.051644,0.5737469315528869,0.0,0.0
0.3492322056479491,0.08803065399528749,0.054185612927814195,27.72,0.0,3.2399999999999998,0.0,1.0,-0.11200292977691362,7.445,0.0,0.9124898,-1.4137304,-1.051644,0.5737469315528869,0.0,0.0
0.3640742198882887,0.0982522041077563,0.08024597811777001,28.619999999999997,89877.94285714271,2.16,-107853.5314285714,1.0,-0.43244727927487503,7.45,0.0,0.9124898,-1.4137304,-1.051644,0.5737469315528869,0.0,0.0
0.3719753974882915,0.09936395036669823,0.08721459097946027,29.34,104134.44413793138,1.6199999999999999,-78100.83310344831,1.0,-0.020447401348924643,7.455,0.0,0.9124898,-1.4137304,-1.051644,0.5737469315528869,0.0,0.0
0.3752813505188321,0.10209670414068794,0.09683293349084235,30.419999999999998,146124.13935483847,1.98,48708.046451612914,1.0,-0.4019287697988787,7.46,0.0,1.1930109,-1.6372993,-0.7121932,0.6,0.0,0.08634204268455505
0.3769641355147538,0.08890975907242708,0.09441748961815986,31.86,183024.1745454547,1.7999999999999998,-22878.021818181838,1.0,0.04058961760306801,7.465,0.0,1.1930109,-1.6372993,-0.7121932,0.6,0.0,0.08634204268455505
0.3765662011578406,0.06495692425420321,0.10753113831690721,33.12,176160.76799999972,1.7999999999999998,0.0,1.0,0.025330362865069844,7.47,0.0,1.1930109,-1.6372993,-0.7121932,0.6,0.0,0.08634204268455505
0.3779190983696867,0.07138595558596329,0.10840224819551016,34.74,226492.41600000064,1.7999999999999998,0.0,1.0,-0.08148442030091729,7.4750000000000005,0.0,1.1930109,-1.6372993,-0.7121932,0.6,0.0,0.08634204268455505
0.3787901484451458,0.040861477132834195,0.10176894164481913,36.72,45.25240802092408,1.7999999999999998,0.0,1.0,-0.12726218451491178,7.48,0.0,1.2215672,-1.5492237,-0.50235665,0.6,0.0,0.14929300546646118
0.3798249414425898,0.039390691242568,0.10226172932349756,38.519999999999996,82964.25494505481,1.7999999999999998,0.0,1.0,0.04058961760306801,7.485,0.0,1.2215672,-1.5492237,-0.50235665,0.6,0.0,0.14929300546646118
0.38378251403475067,0.03560729401256928,0.09628340645893489,40.68,210690.61953488408,1.7999999999999998,0.0,1.0,-0.12726218451491178,7.49,0.0,1.2215672,-1.5492237,-0.50235665,0.6,0.0,0.14929300546646118
0.39340918821846843,0.026448385322923724,0.09614567740029537,42.839999999999996,63800.68056338018,1.7999999999999998,0.0,1.0,-0.035706656086922806,7.495,0.0,1.2215672,-1.5492237,-0.50235665,0.6,0.0,0.14929300546646118
0.40092794509890023,0.03327863203788879,0.07942239521051996,45.18,297414.2836363641,1.7999999999999998,0.0,1.0,-0.020447401348924643,7.5,0.0,1.4416903,-1.8018788,0.3873853,0.6,0.0,0.4162155926227569
0.4078167139161839,0.014443815448166678,0.07244232041550726,47.699999999999996,301989.8879999995,1.7999999999999998,0.0,1.0,-0.26459547715689524,7.505,0.0,1.4416903,-1.8018788,0.3873853,0.6,0.0,0.4162155926227569
0.4173125102882729,0.011962886758370704,0.06360589958750584,50.22,99713.64226415107,1.7999999999999998,0.0,1.0,-0.08148442030091729,7.51,0.0,1.4416903,-1.8018788,0.3873853,0.6,0.0,0.4162155926227569
0.4250261774268442,0.001622997946681257,0.05974403179916432,52.739999999999995,320292.30545454496,1.7999999999999998,0.0,1.0,-0.09674367503891546,7.515000000000001,0.0,1.4416903,-1.8018788,0.3873853,0.6,0.0,0.4162155926227569
0.4312688758946532,0.0020637736922292276,0.0568713098421089,55.44,365310.3483870972,1.7999999999999998,0.0,1.0,-0.2035584582049026,7.5200000000000005,0.0,1.1633373,-1.3157214,0.035727598,0.6,0.0,0.31071827933192253
0.4389185253015324,-0.002778304088937228,0.0489318339257353,58.14,65.75900217171666,1.7999999999999998,0.0,1.0,-0.06622516556291913,7.525,0.0,1.1633373,-1.3157214,0.035727598,0.6,0.0,0.31071827933192253
0.4458719974875248,-0.003589289456668014,0.04412212427232868,60.839999999999996,157286.39999999976,1.7999999999999998,0.0,1.0,0.010071108127071682,7.53,0.0,1.1633373,-1.3157214,0.035727598,0.6,0.0,0.31071827933192253
0.4516446278292464,-0.0031220715238213705,0.03160590734534985,63.54,290374.8923076926,1.7999999999999998,0.0,1.0,-0.020447401348924643,7.535,0.0,1.1633373,-1.3157214,0.035727598,0.6,0.0,0.31071827933192253
0.4575225883880912,-0.005383842321422664,0.026633827280694834,66.24,333077.08235294063,1.7999999999999998,0.0,1.0,-0.17303994872890627,7.54,0.0,1.3240117,-1.5750023,0.6177211,0.6,0.0,0.4853163242340088
0.46342367559101355,-0.008888172635616063,0.024722829389993532,68.94,353894.4000000004,1.98,23592.96000000002,1.0,-0.24933622241889708,7.545,0.0,1.3240117,-1.5750023,0.6177211,0.6,0.0,0.4853163242340088
0.4674583085215858,-0.013162464937652977,0.03250811544885823,71.46,88820.55529411751,1.98,0.0,1.0,-0.14252143925290994,7.55,0.0,1.3240117,-1.5750023,0.6177211,0.6,0.0,0.4853163242340088
0.47258586724071544,-0.0020791116086472405,0.035633618257203306,73.98,310871.943529413,2.34,44410.27764705881,1.0,-0.05096591082492097,7.555,0.0,1.3240117,-1.5750023,0.6177211,0.6,0.0,0.4853163242340088
0.4774615526856889,-0.005414936884977615,0.03210234927771704,76.32,327155.7119999985,2.52,25165.824000000022,1.0,-0.12726218451491178,7.5600000000000005,0.0,0.9805262,-1.0643331,0.11412507,0.594157862663269,0.0,0.33423752188682554
0.48108575518552565,-0.0062617195221723685,0.0388421107469267,78.66,53.92972888620262,3.06,12.445322050662124,1.0,-0.2035584582049026,7.565,0.0,0.9805262,-1.0643331,0.11412507,0.594157862663269,0.0,0.33423752188682554
0.4844906554856261,-0.012421312909883091,0.044134520893132655,80.64,109272.65684210548,3.78,39735.51157894736,1.0,-0.17303994872890627,7.57,0.0,0.9805262,-1.0643331,0.11412507,0.594157862663269,0.0,0.33423752188682554
0.4887716479688894,-0.0046397650519779095,0.06790525141351678,82.44,228780.21818181782,4.859999999999999,137268.13090909086,1.0,0.010071108127071682,7.575,0.0,0.9805262,-1.0643331,0.11412507,0.594157862663269,0.0,0.33423752188682554
0.4919734836724937,0.005790648065455133,0.08815502694119569,83.88,177641.11058823502,6.3,177641.11058823534,1.0,-0.2798547318948934,7.58,0.0,0.17831504,-0.6735544,1.0199777,0.35349451303482055,0.09793367385864257,0.6
0.493897623597563,-0.002513707125895503,0.10928598857440988,84.96,156201.6662068963,8.1,260336.11034482755,1.0,-0.11200292977691362,7.585,0.0,0.17831504,-0.6735544,1.0199777,0.35349451303482055,0.09793367385864257,0.6
0.4952333817227845,0.0008414396930792259,0.12655790162200903,85.67999999999999,81618.88864864851,10.44,265261.3881081081,1.0,-0.23407696768089892,7.59,0.0,0.17831504,-0.6735544,1.0199777,0.35349451303482055,0.09793367385864257,0.6
0.4970272476773719,0.002989770214615687,0.1416296000396172,86.03999999999999,47185.919999999925,13.32,377487.3600000001,1.0,-0.12726218451491178,7.595,0.0,0.17831504,-0.6735544,1.0199777,0.35349451303482055,0.09793367385864257,0.6
0.49727206241139854,-0.005200683367123344,0.15525310159413755,86.03999999999999,0.0,16.74,478150.6559999997,1.0,0.025330362865069844,7.6000000000000005,0.0,0.58173764,-0.6969098,0.18345626,0.4745212912559509,0.09092706441879272,0.3550368770956993
0.4974901535974626,-0.011340081057266176,0.17131060042322704,85.86,-24354.023225805453,20.16,462726.4412903228,1.0,-0.12726218451491178,7.605,0.0,0.58173764,-0.6969098,0.18345626,0.4745212912559509,0.09092706441879272,0.3550368770956993
0.4974457379058317,-0.006059242504827186,0.1838482166013868,85.5,-8.694910370323436,23.4,78.25419333291102,1.0,-0.09674367503891546,7.61,0.0,0.58173764,-0.6969098,0.18345626,0.4745212912559509,0.09092706441879272,0.3550368770956993
0.4976276417779677,-0.013281961765478434,0.1932929908476322,85.14,-15894.204631578923,26.279999999999998,127153.63705263153,1.0,-0.14252143925290994,7.615,0.0,0.58173764,-0.6969098,0.18345626,0.4745212912559509,0.09092706441879272,0.3550368770956993
0.49716205010594505,-0.01733603914640148,0.2080343678473103,84.78,-34317.03272727267,28.619999999999997,223060.7127272727,1.0,-0.08148442030091729,7.62,0.0,0.26987177,-0.5737244,0.27045617,0.3809615314006805,0.12788268327713012,0.38113684952259064
0.4972619603684694,-0.009040934747654356,0.22488388102003465,84.6,-5242.880000000198,29.88,36700.16000000005,1.0,-0.17303994872890627,7.625,0.0,0.26987177,-0.5737244,0.27045617,0.3809615314006805,0.12788268327713012,0.38113684952259064
0.4970199568982021,-0.008957670657930789,0.2387461022125812,84.78,20971.520000000794,30.06,20971.519999999968,1.0,-0.24933622241889708,7.63,0.0,0.26987177,-0.5737244,0.27045617,0.3809615314006805,0.12788268327713012,0.38113684952259064
0.4965785120019459,-0.006488439651534959,0.2522114172105496,84.78,0.0,29.52,-64712.118857142756,1.0,0.1626636555070533,7.635,0.0,0.26987177,-0.5737244,0.27045617,0.3809615314006805,0.12788268327713012,0.38113684952259064
0.49641622114637696,-0.018324407910412885,0.261810138575526,85.14,44410.277647058756,28.08,-177641.11058823546,1.0,-0.14252143925290994,7.640000000000001,0.0,0.34105965,-0.81548464,-0.50900716,0.4023178964853287,0.055354607105255124,0.14729785323143005
0.49488252570436525,-0.028562625407835756,0.26763723776643444,85.14,0.0,26.64,-188743.6799999997,1.0,-0.14252143925290994,7.6450000000000005,0.0,0.34105965,-0.81548464,-0.50900716,0.4023178964853287,0.055354607105255124,0.14729785323143005
0.49372728604565846,-0.011660363375763688,0.27672186418433103,85.14,0.0,24.84,-40.48577695075586,1.0,0.04058961760306801,7.65,0.0,0.34105965,-0.81548464,-0.50900716,0.4023178964853287,0.055354607105255124,0.14729785323143005
0.4937575671610884,-0.0131042309056353,0.29027334048610287,85.14,0.0,22.68,-55580.9609815951,1.0,-0.06622516556291913,7.655,0.0,0.34105965,-0.81548464,-0.50900716,0.4023178964853287,0.055354607105255124,0.14729785323143005
0.49343980834157253,-0.005882043791431092,0.30208282265865577,85.14,0.0,20.34,-239382.2282926829,1.0,0.010071108127071682,7.66,0.0,0.491991,-0.90811133,-1.0742452,0.44759730398654934,0.02756659984588623,0.0
0.4925205425011648,0.0005660207936545026,0.31256500303597123,84.96,-22205.138823530255,17.46,-355282.22117647046,1.0,-0.43244727927487503,7.665,0.0,0.491991,-0.90811133,-1.0742452,0.44759730398654934,0.02756659984588623,0.0
0.49222003455067437,0.00026235112789051493,0.3253004034911862,84.78,-26033.61103448169,14.399999999999999,-442571.38758620725,1.0,-0.11200292977691362,7.67,0.0,0.491991,-0.90811133,-1.0742452,0.44759730398654934,0.02756659984588623,0.0
0.49155010050505965,0.014257708390013935,0.3357551960809,84.6,-21570.706285715103,10.799999999999999,-431414.12571428565,1.0,-0.2798547318948934,7.675,0.0,0.491991,-0.90811133,-1.0742452,0.44759730398654934,0.02756659984588623,0.0
0.49160665583871804,0.010565163946143886,0.34284403551560333,84.42,-21570.7062857134,7.199999999999999,-431414.12571428565,1.0,-0.3256324961088879,7.68,0.0,0.528157,-0.86366045,-1.4677732,0.45844709873199463,0.04090186357498169,0.0
0.49142690306084497,0.016387263524887445,0.348487888118449,84.06,-26033.611034482718,3.5999999999999996,-260336.11034482755,1.0,-0.31037324137088973,7.6850000000000005,0.0,0.528157,-0.86366045,-1.4677732,0.45844709873199463,0.04090186357498169,0.0
0.49104690299825576,0.02172472021637969,0.3517781440618685,82.98,-137268.1309090907,1.44,-274536.2618181818,1.0,-0.06622516556291913,7.69,0.0,0.528157,-0.86366045,-1.4677732,0.45844709873199463,0.04090186357498169,0.0
0.4907893316970561,0.04111478381418373,0.3548342256233152,80.82,-52.22810865655148,2.88,34.818739104367474,1.0,-0.21881771294290076,7.695,0.0,0.528157,-0.86366045,-1.4677732,0.45844709873199463,0.04090186357498169,0.0
0.4912110085234787,0.04343448381025509,0.3587761681690206,78.84,-100056.89060240913,4.14,63672.56674698794,1.0,-0.11200292977691362,7.7,0.0,0.8091997,-0.9985459,-0.68114924,0.5427599072456359,0.0004362344741821289,0.09565522670745849
0.4920159120931849,0.05963833034713174,0.3616578574809049,77.03999999999999,-198677.5578947381,4.32,19867.75578947375,1.0,-0.2035584582049026,7.705,0.0,0.8091997,-0.9985459,-0.68114924,0.5427599072456359,0.0004362344741821289,0.09565522670745849
0.49237409092564843,0.06672733118623533,0.362451608449452,75.42,-51868.49221374015,4.14,-5763.165801526737,1.0,0.0863673818170625,7.71,0.0,0.8091997,-0.9985459,-0.68114924,0.5427599072456359,0.0004362344741821289,0.09565522670745849
0.49272487460686454,0.07559872591826253,0.36134817080617004,74.16,-150994.9440000006,3.06,-129424.23771428567,1.0,-0.11200292977691362,7.715,0.0,0.8091997,-0.9985459,-0.68114924,0.5427599072456359,0.0004362344741821289,0.09565522670745849
0.49295214268644993,0.07951015792010713,0.36091103793013335,73.08,-125829.1199999998,1.7999999999999998,-146800.64,1.0,0.010071108127071682,7.72,0.0,0.11390959,-1.0489105,-0.7401116,0.33417287617921826,0.0,0.07796652317047119
0.4924727683447122,0.0766731344759681,0.3597666196748427,71.28,-215707.0628571425,1.7999999999999998,0.0,1.0,0.11688589129305882,7.7250000000000005,0.0,0.11390959,-1.0489105,-0.7401116,0.33417287617921826,0.0,0.07796652317047119
0.4885657348782424,0.08318658271319927,0.3575202048416901,70.02,-165150.72000000067,1.98,23592.96000000002,1.0,-0.26459547715689524,7.73,0.0,0.11390959,-1.0489105,-0.7401116,0.33417287617921826,0.0,0.07796652317047119
0.48454332063932287,0.09379281725610308,0.35579010748126544,68.75999999999999,-29.01771891678209,1.6199999999999999,-8.29077683336628,1.0,-0.035706656086922806,7.735,0.0,0.11390959,-1.0489105,-0.7401116,0.33417287617921826,0.0,0.07796652317047119
0.48080272790439005,0.08264882602671023,0.35500121355529,67.67999999999999,-65649.97565217382,1.7999999999999998,10941.662608695648,1.0,0.0863673818170625,7.74,0.0,0.024795868,-0.37182257,-1.0645103,0.3074387602508068,0.18845323026180266,0.0
0.47546895064107875,0.07471846405305774,0.34961475593519975,66.6,-125829.1199999998,1.7999999999999998,0.0,1.0,-0.09674367503891546,7.745,0.0,0.024795868,-0.37182257,-1.0645103,0.3074387602508068,0.18845323026180266,0.0
0.46949968362922895,0.07690467153893724,0.3370000761481587,65.52,-137268.1309090907,1.7999999999999998,0.0,1.0,-0.14252143925290994,7.75,0.0,0.024795868,-0.37182257,-1.0645103,0.3074387602508068,0.18845323026180266,0.0
0.46588593808886936,0.08690290293585261,0.3175484177852468,64.62,-46035.043902438585,1.7999999999999998,0.0,1.0,-0.06622516556291913,7.755,0.0,0.024795868,-0.37182257,-1.0645103,0.3074387602508068,0.18845323026180266,0.0
0.46194917348559694,0.08561801916045111,0.29542434611647533,63.9,-88820.55529411839,1.7999999999999998,0.0,1.0,-0.11200292977691362,7.76,0.0,0.015993103,0.108781315,-0.41385505,0.30479793101549146,0.33263439461588856,0.17584348618984222
0.4581892350469568,0.08157969984498346,0.2719080767115161,63.18,-91512.08727272713,1.7999999999999998,0.0,1.0,-0.08148442030091729,7.765000000000001,0.0,0.015993103,0.108781315,-0.41385505,0.30479793101549146,0.33263439461588856,0.17584348618984222
0.45554405875387094,0.08200386385498523,0.24834198332538815,62.82,-48708.04645161283,1.7999999999999998,0.0,1.0,-0.035706656086922806,7.7700000000000005,0.0,0.015993103,0.108781315,-0.41385505,0.30479793101549146,0.33263439461588856,0.17584348618984222
0.4543565806343527,0.08442454392192801,0.22464157878547628,62.46,-47185.919999999925,1.7999999999999998,0.0,1.0,-0.12726218451491178,7.775,0.0,0.015993103,0.108781315,-0.41385505,0.30479793101549146,0.33263439461588856,0.17584348618984222
0.45454070269872393,0.06912666605829128,0.20322178718275996,62.099999999999994,-8.30738028169029,1.7999999999999998,0.0,1.0,-0.020447401348924643,7.78,0.0,-0.16502267,0.23748836,-0.6020687,0.25049319863319397,0.3712465077638626,0.11937938332557678
0.45445945713354197,0.07616097640524291,0.18283719212413788,61.919999999999995,-13981.01333333331,1.7999999999999998,0.0,1.0,0.04058961760306801,7.785,0.0,-0.16502267,0.23748836,-0.6020687,0.25049319863319397,0.3712465077638626,0.11937938332557678
0.4535327286630922,0.0646419300324548,0.16663848573961854,61.919999999999995,0.0,1.7999999999999998,0.0,1.0,-0.005188146610926481,7.79,0.0,-0.16502267,0.23748836,-0.6020687,0.25049319863319397,0.3712465077638626,0.11937938332557678
0.4502344144948253,0.058022561233857434,0.1539875820616548,62.099999999999994,7947.1023157894615,1.7999999999999998,0.0,1.0,-0.14252143925290994,7.795,0.0,-0.16502267,0.23748836,-0.6020687,0.25049319863319397,0.3712465077638626,0.11937938332557678
0.4461118585764007,0.04310987010131292,0.14618855573516337,62.28,23592.960000000894,1.7999999999999998,0.0,1.0,-0.2035584582049026,7.8,0.0,0.06244149,-0.2187975,-1.3712455,0.3187324471771717,0.2343607485294342,0.0
0.44232780214686457,0.04663751424528958,0.14095568942855768,62.46,22878.021818181784,1.7999999999999998,0.0,1.0,-0.18829920346690443,7.805000000000001,0.0,0.06244149,-0.2187975,-1.3712455,0.3187324471771717,0.2343607485294342,0.0
0.431722390738666,0.05174394451041701,0.1361425347952291,62.64,22878.021818181784,1.98,22878.021818181838,1.0,-0.1577806939909081,7.8100000000000005,0.0,0.06244149,-0.2187975,-1.3712455,0.3187324471771717,0.2343607485294342,0.0
0.42076269842951375,0.06009128571558463,0.13251822571792501,62.82,24354.023225806413,1.98,0.0,1.0,-0.05096591082492097,7.815,0.0,0.06244149,-0.2187975,-1.3712455,0.3187324471771717,0.2343607485294342,0.0
0.4117533407735176,0.05547298598599334,0.13037596886631622,63.0,13726.813090909069,2.16,13726.813090909103,1.0,-0.12726218451491178,7.82,0.0,0.004990086,-0.5354781,-1.3424419,0.30149702578783033,0.13935656547546385,0.0
0.4016104560150653,0.06087386663705492,0.12757195520735273,63.0,0.0,2.16,0.0,1.0,-0.035706656086922806,7.825,0.0,0.004990086,-0.5354781,-1.3424419,0.30149702578783033,0.13935656547546385,0.0
0.3915502292224778,0.066158071868985,0.12493876178259772,63.0,0.0,2.34,10941.662608695635,1.0,-0.2798547318948934,7.83,0.0,0.004990086,-0.5354781,-1.3424419,0.30149702578783033,0.13935656547546385,0.0
0.384221159226273,0.09176563278311603,0.12347939202076834,63.0,0.0,2.6999999999999997,41943.039999999986,1.0,-0.12726218451491178,7.835,0.0,0.004990086,-0.5354781,-1.3424419,0.30149702578783033,0.13935656547546385,0.0
0.3758096891534665,0.09773873347112591,0.12335339586321764,62.82,-24354.023225806413,3.06,48708.04645161294,1.0,-0.11200292977691362,7.84,0.0,-0.17910925,-0.7346649,-0.933949,0.24626722633838652,0.07960052490234375,0.0198153018951416
0.36809208529409054,0.13074409790281605,0.12358380839812716,62.64,-25165.82399999996,3.5999999999999996,75497.47199999994,1.0,0.025330362865069844,7.845,0.0,-0.17910925,-0.7346649,-0.933949,0.24626722633838652,0.07960052490234375,0.0198153018951416
0.36235669845138074,0.13768023720629174,0.12353866562362853,62.28,-45756.04363636357,4.14,68634.06545454546,1.0,0.10162663655506066,7.8500000000000005,0.0,-0.17910925,-0.7346649,-0.933949,0.24626722633838652,0.07960052490234375,0.0198153018951416
0.3558463648964498,0.14488189776850785,0.12396774827242182,61.739999999999995,-68634.06545454625,4.68,68634.06545454546,1.0,-0.14252143925290994,7.855,0.0,-0.17910925,-0.7346649,-0.933949,0.24626722633838652,0.07960052490234375,0.0198153018951416
0.34764282787537637,0.1773969166138877,0.12443732108831405,61.199999999999996,-20043.57663716811,5.3999999999999995,26724.768849557513,1.0,-0.1577806939909081,7.86,0.0,-0.21661747,-0.49780527,-1.0961053,0.23501476049423217,0.15065841972827912,0.0
0.34103698693290924,0.1928696104184441,0.12444680379749481,60.48,-16.669880491722715,6.3,20.837350614653435,1.0,-0.14252143925290994,7.865,0.0,-0.21661747,-0.49780527,-1.0961053,0.23501476049423217,0.15065841972827912,0.0
0.33527396070363424,0.20132499294045625,0.12467393176198605,59.58,-48395.81538461531,7.199999999999999,48395.81538461536,1.0,-0.14252143925290994,7.87,0.0,-0.21661747,-0.49780527,-1.0961053,0.23501476049423217,0.15065841972827912,0.0
0.33081375202912416,0.22543065776948032,0.12440921054598679,58.68,-107853.53142857125,8.28,129424.23771428573,1.0,-0.23407696768089892,7.875,0.0,-0.21661747,-0.49780527,-1.0961053,0.23501476049423217,0.15065841972827912,0.0
0.32746345507308705,0.22112672164269379,0.12318112188456574,57.599999999999994,-141557.7600000007,9.54,165150.71999999997,1.0,-0.18829920346690443,7.88,0.0,0.07859268,-0.12710346,0.38350883,0.3235778041183948,0.2618689611554146,0.41505264937877656
0.32482546461897555,0.2259502200540233,0.11950477361123119,56.519999999999996,-146124.13935483847,10.799999999999999,170478.16258064512,1.0,0.11688589129305882,7.885,0.0,0.07859268,-0.12710346,0.38350883,0.3235778041183948,0.2618689611554146,0.41505264937877656
0.32205981900844977,0.22512339346057492,0.11203328048987168,55.26,-160146.15272727248,12.059999999999999,160146.1527272727,1.0,-0.1577806939909081,7.890000000000001,0.0,0.07859268,-0.12710346,0.38350883,0.3235778041183948,0.2618689611554146,0.41505264937877656
0.3202671646162071,0.22439572231857646,0.10283262431332574,54.0,-165150.71999999974,13.139999999999999,141557.76,1.0,-0.2035584582049026,7.8950000000000005,0.0,0.07859268,-0.12710346,0.38350883,0.3235778041183948,0.2618689611554146,0.41505264937877656
0.3188491929565545,0.2381211180659146,0.09298453597065728,52.739999999999995,-165150.72000000067,14.399999999999999,165150.71999999997,1.0,-0.08148442030091729,7.9,0.0,0.26592132,0.32495067,0.32313582,0.3797763973474502,0.3974851995706558,0.39694074690341946
0.3164717904979439,0.232061046886621,0.08184904347639346,51.48,-160146.15272727248,15.66,160146.1527272729,1.0,-0.21881771294290076,7.905,0.0,0.26592132,0.32495067,0.32313582,0.3797763973474502,0.3974851995706558,0.39694074690341946
0.31428111083478033,0.22212925400511,0.07050117573492849,50.04,-34.87382504763549,16.74,26.15536878572662,1.0,-0.1577806939909081,7.91,0.0,0.26592132,0.32495067,0.32313582,0.3797763973474502,0.3974851995706558,0.39694074690341946
0.31218959182209205,0.22263383721340801,0.06481281113080777,48.78,-75497.47199999988,18.0,75497.4720000001,1.0,-0.2035584582049026,7.915,0.0,0.26592132,0.32495067,0.32313582,0.3797763973474502,0.3974851995706558,0.39694074690341946
0.3082519896573508,0.21784494050373465,0.05337271024347706,47.339999999999996,-92919.96553846185,18.9,58074.97846153837,1.0,-0.12726218451491178,7.92,0.0,0.1460995,0.19584253,1.5060234,0.34382984787225723,0.35875276029109954,0.6
0.3042558194724425,0.220114780464118,0.037526505253017886,46.08,-122902.86139534865,19.8,87787.75813953509,1.0,0.04058961760306801,7.925,0.0,0.1460995,0.19584253,1.5060234,0.34382984787225723,0.35875276029109954,0.6
0.30142011611803154,0.23031612536276122,0.03132471893331591,44.82,-176160.76799999972,20.7,125829.1199999998,1.0,-0.035706656086922806,7.930000000000001,0.0,0.1460995,0.19584253,1.5060234,0.34382984787225723,0.35875276029109954,0.6
0.29644097552715537,0.22007973958905075,0.024030774724017687,43.379999999999995,-177641.1105882359,21.419999999999998,88820.55529411751,1.0,-0.020447401348924643,7.9350000000000005,0.0,0.1460995,0.19584253,1.5060234,0.34382984787225723,0.35875276029109954,0.6
0.29107329297818213,0.22174997828250365,0.022742880483689436,42.3,-141557.75999999978,22.14,94371.84000000032,1.0,-0.14252143925290994,7.94,0.0,-0.105449975,-0.021530852,0.18690637,0.2683650076389313,0.2935407444834709,0.3560719102621078
0.28809628206760124,0.22725975432904016,0.014097272638938509,41.04,-170478.1625806449,22.5,48708.04645161283,1.0,-0.18829920346690443,7.945,0.0,-0.105449975,-0.021530852,0.18690637,0.2683650076389313,0.2935407444834709,0.3560719102621078
0.2864440961451726,0.22605718084780865,0.010626731837623601,39.96,-24.4255928392332,22.86,8.1418642797444,1.0,-0.09674367503891546,7.95,0.0,-0.105449975,-0.021530852,0.18690637,0.2683650076389313,0.2935407444834709,0.3560719102621078
0.2867413911026839,0.2298951520927048,0.030828142355194387,38.879999999999995,-75497.47200000037,22.86,0.0,1.0,-0.08148442030091729,7.955,0.0,-0.105449975,-0.021530852,0.18690637,0.2683650076389313,0.2935407444834709,0.3560719102621078
0.2868941656014855,0.22945044296599024,0.04256977113678205,37.98,-107853.53142857125,22.86,0.0,1.0,-0.06622516556291913,7.96,0.0,0.36227977,-0.72486544,-0.88048416,0.40868393182754514,0.08254036903381347,0.03585475087165833
0.2883843446078853,0.2289533981432228,0.05274358968179826,37.08,-104857.59999999983,22.5,-41943.039999999935,1.0,-0.26459547715689524,7.965,0.0,0.36227977,-0.72486544,-0.88048416,0.40868393182754514,0.08254036903381347,0.03585475087165833
0.2906347278107232,0.2238893401148811,0.07019447323345365,36.54,-73062.06967741923,21.779999999999998,-97416.09290322613,1.0,-0.18829920346690443,7.97,0.0,0.36227977,-0.72486544,-0.88048416,0.40868393182754514,0.08254036903381347,0.03585475087165833
0.2915943474753401,0.22406552388484877,0.08208874088714604,36.0,-20043.57663716811,20.88,-33405.96106194685,1.0,-0.08148442030091729,7.9750000000000005,0.0,0.36227977,-0.72486544,-0.88048416,0.40868393182754514,0.08254036903381347,0.03585475087165833
0.2929150339417542,0.21905691100588734,0.09605586508473699,35.82,-24354.023225806413,19.439999999999998,-194832.18580645177,1.0,-0.08148442030091729,7.98,0.0,0.34333625,-1.310245,-1.0384814,0.4030008763074875,0.0,0.0
0.2947094068001158,0.23382011404010386,0.11597161801711883,35.82,0.0,17.82,-212336.63999999966,1.0,-0.12726218451491178,7.985,0.0,0.34333625,-1.310245,-1.0384814,0.4030008763074875,0.0,0.0
0.29525311853024155,0.24633282960861042,0.13884718657637865,35.82,0.0,15.84,-244256.5270588236,1.0,-0.020447401348924643,7.99,0.0,0.34333625,-1.310245,-1.0384814,0.4030008763074875,0.0,0.0
0.29632911505348497,0.25553317755452026,0.15606259008231102,36.0,4.3838825660798,13.68,-52.60659079295768,1.0,-0.035706656086922806,7.995,0.0,0.34333625,-1.310245,-1.0384814,0.4030008763074875,0.0,0.0
0.2971357928415875,0.2634836756744977,0.1729835566746941,36.36,22536.558805970115,11.16,-157755.91164179103,1.0,-0.11200292977691362,8.0,0.0,0.5332272,-1.4406569,-0.80332184,0.45996816158294673,0.0,0.059003448486328124
0.2968177357848004,0.27186281460285966,0.19278490939051443,36.9,62914.5599999999,8.64,-293601.27999999997,1.0,-0.18829920346690443,8.005,0.0,0.5332272,-1.4406569,-0.80332184,0.45996816158294673,0.0,0.059003448486328124
0.2969621843378544,0.2902247370778164,0.2084686131953229,37.44,66615.41647058813,5.76,-355282.2211764707,1.0,-0.09674367503891546,8.01,0.0,0.5332272,-1.4406569,-0.80332184,0.45996816158294673,0.0,0.059003448486328124
0.2966640345294124,0.2881093590453601,0.22330773454300895,37.98,75497.47199999988,2.88,-402653.184,1.0,0.010071108127071682,8.015,0.0,0.5332272,-1.4406569,-0.80332184,0.45996816158294673,0.0,0.059003448486328124
0.29636220793073587,0.2858901576102614,0.237502009668516,37.8,-23592.959999999963,1.44,-188743.68,1.0,-0.05096591082492097,8.02,0.0,0.3804339,-1.5893197,-0.60185635,0.41413016617298126,0.0,0.11944309473037719
0.2968876209117755,0.2915777904591318,0.24798456530560534,37.44,-47185.919999999925,2.34,117964.79999999999,1.0,-0.34089175084688605,8.025,0.0,0.3804339,-1.5893197,-0.60185635,0.41413016617298126,0.0,0.11944309473037719
0.2973668850543532,0.2928880188091759,0.252675152709456,37.08,-48708.04645161283,3.42,146124.13935483873,1.0,0.10162663655506066,8.03,0.0,0.3804339,-1.5893197,-0.60185635,0.41413016617298126,0.0,0.11944309473037719
0.29876813428064497,0.2963012238840295,0.25411254957143675,36.54,-12.407755846631696,4.32,20.679593077719534,1.0,0.0863673818170625,8.035,0.0,0.3804339,-1.5893197,-0.60185635,0.41413016617298126,0.0,0.11944309473037719
0.2994010291420644,0.2935208264215275,0.25561240602933055,36.36,-13016.805517241359,4.5,13016.805517241359,1.0,0.04058961760306801,8.040000000000001,0.0,0.45286676,-1.311502,0.44536233,0.43586002886295316,0.0,0.43360869884490966
0.3016661600831801,0.29634442306007436,0.2552236071282483,36.36,0.0,4.5,0.0,1.0,0.07110812707906433,8.045,0.0,0.45286676,-1.311502,0.44536233,0.43586002886295316,0.0,0.43360869884490966
0.3084591280213608,0.2945864837281314,0.2539915250362595,36.54,24354.023225806413,4.14,-48708.04645161294,1.0,0.010071108127071682,8.05,0.0,0.45286676,-1.311502,0.44536233,0.43586002886295316,0.0,0.43360869884490966
0.3167904437717295,0.28965428929324166,0.25390101564856904,36.9,52067.222068965435,3.42,-104134.444137931,1.0,-0.12726218451491178,8.055,0.0,0.45286676,-1.311502,0.44536233,0.43586002886295316,0.0,0.43360869884490966
0.3224393650300943,0.29125649693038536,0.25276155052645993,37.44,70778.87999999989,2.34,-141557.76,1.0,-0.1577806939909081,8.06,0.0,0.36101735,-1.3586,0.44502518,0.4083052039146423,0.0,0.43350755274295805
0.33041870057544115,0.296693366402255,0.24760506873943572,37.98,64712.118857142756,1.6199999999999999,-86282.82514285714,1.0,-0.12726218451491178,8.065,0.0,0.36101735,-1.3586,0.44502518,0.4083052039146423,0.0,0.43350755274295805
0.33879174078862867,0.2798313332781661,0.23666924213226792,38.339999999999996,47185.919999999925,1.98,47185.92000000001,1.0,-0.06622516556291913,8.07,0.0,0.36101735,-1.3586,0.44502518,0.4083052039146423,0.0,0.43350755274295805
0.34410368610626224,0.2520329173362204,0.22476978979513645,38.879999999999995,73062.06967741923,2.16,24354.02322580647,1.0,0.025330362865069844,8.075,0.0,0.36101735,-1.3586,0.44502518,0.4083052039146423,0.0,0.43350755274295805
0.3509927980146609,0.23862536898602732,0.2115178595032275,39.42,12.83199528627937,1.98,-4.277331762093077,1.0,-0.05096591082492097,8.08,0.0,-0.011651605,-0.81598115,-0.35012117,0.2965045183897018,0.05520565509796142,0.19496364891529083
0.3608630523269912,0.20756245278913452,0.19992502187188566,40.32,20855.65524861875,1.6199999999999999,-8342.262099447516,1.0,-0.1577806939909081,8.085,0.0,-0.011651605,-0.81598115,-0.35012117,0.2965045183897018,0.05520565509796142,0.19496364891529083
0.36754698700902033,0.18485863720743104,0.19150188231308352,41.22,89877.94285714271,1.7999999999999998,17975.588571428565,1.0,-0.05096591082492097,8.09,0.0,-0.011651605,-0.81598115,-0.35012117,0.2965045183897018,0.05520565509796142,0.19496364891529083
0.37368886096383325,0.17444159187367814,0.1842421113938187,42.3,122428.33297297278,1.7999999999999998,0.0,1.0,0.14740440076905514,8.095,0.0,-0.011651605,-0.81598115,-0.35012117,0.2965045183897018,0.05520565509796142,0.19496364891529083
0.37950024514217556,0.1544767699267462,0.17832119932565452,43.379999999999995,137268.1309090907,1.7999999999999998,0.0,1.0,-0.05096591082492097,8.1,0.0,-0.3969252,-0.024817675,-0.3145399,0.18092243671417235,0.292554697394371,0.20563802719116211
0.38274401831536076,0.13777825706255717,0.1750174928422183,44.64,155435.9717647065,1.7999999999999998,0.0,1.0,-0.24933622241889708,8.105,0.0,-0.3969252,-0.024817675,-0.3145399,0.18092243671417235,0.292554697394371,0.20563802719116211
0.3859268378793863,0.125670101467412,0.17381440289037975,46.08,188743.6799999997,1.7999999999999998,0.0,1.0,-0.020447401348924643,8.11,0.0,-0.3969252,-0.024817675,-0.3145399,0.18092243671417235,0.292554697394371,0.20563802719116211
0.3903955909698721,0.10760631662975037,0.1746412312788694,47.519999999999996,201326.59199999968,1.7999999999999998,0.0,1.0,-0.05096591082492097,8.115,0.0,-0.3969252,-0.024817675,-0.3145399,0.18092243671417235,0.292554697394371,0.20563802719116211
0.3938416648467709,0.09845006288829863,0.17438079349211363,48.96,33.25696690710875,1.7999999999999998,0.0,1.0,0.10162663655506066,8.120000000000001,0.0,0.13987866,0.28798574,-0.6749875,0.34196359813213345,0.38639572262763977,0.09750375151634216
0.39602935920950466,0.08173713337391712,0.1773683876304107,50.58,106168.31999999983,1.7999999999999998,0.0,1.0,-0.43244727927487503,8.125,0.0,0.13987866,0.28798574,-0.6749875,0.34196359813213345,0.38639572262763977,0.09750375151634216
0.39914256204000975,0.07927550425987712,0.19073600357358655,52.019999999999996,58074.97846153837,1.7999999999999998,0.0,1.0,-0.18829920346690443,8.13,0.0,0.13987866,0.28798574,-0.6749875,0.34196359813213345,0.38639572262763977,0.09750375151634216
0.4010017442102489,0.06932935059324208,0.2079858422655332,53.82,243540.23225806508,1.7999999999999998,0.0,1.0,-0.005188146610926481,8.135,0.0,0.13987866,0.28798574,-0.6749875,0.34196359813213345,0.38639572262763977,0.09750375151634216
0.40140621122872727,0.04286990487354674,0.22408701828057226,55.26,201326.59199999968,1.7999999999999998,0.0,1.0,0.010071108127071682,8.14,0.0,0.75177705,0.15661873,-0.6915434,0.5255331158638,0.3469856187701225,0.09253697991371154
0.4011044316890205,0.04855999684041123,0.24081732426192304,56.879999999999995,128203.25433962244,1.7999999999999998,0.0,1.0,-0.18829920346690443,8.145,0.0,0.75177705,0.15661873,-0.6915434,0.5255331158638,0.3469856187701225,0.09253697991371154
0.4002487328967676,0.0392695722608486,0.2582287766757029,58.5,205902.19636363693,1.7999999999999998,0.0,1.0,-0.005188146610926481,8.15,0.0,0.75177705,0.15661873,-0.6915434,0.5255331158638,0.3469856187701225,0.09253697991371154
0.39913842720730774,0.037230913629456935,0.2695568592420954,59.94,183024.17454545427,1.7999999999999998,0.0,1.0,-0.020447401348924643,8.155,0.0,0.75177705,0.15661873,-0.6915434,0.5255331158638,0.3469856187701225,0.09253697991371154
0.3969703779525682,0.03845333980495205,0.2738947076208048,61.379999999999995,201326.59199999968,1.7999999999999998,0.0,1.0,-0.12726218451491178,8.16,0.0,0.7524719,0.5640849,-0.42464647,0.5257415771484375,0.4692254662513733,0.17260605990886688
0.39617320283464474,0.03428755007068912,0.27637942949564787,62.82,32.57852420816443,1.7999999999999998,0.0,1.0,-0.06622516556291913,8.165000000000001,0.0,0.7524719,0.5640849,-0.42464647,0.5257415771484375,0.4692254662513733,0.17260605990886688
0.39493117011298334,0.039876994016637184,0.27819399535334255,64.25999999999999,64944.06193548345,1.98,8118.007741935491,1.0,0.07110812707906433,8.17,0.0,0.7524719,0.5640849,-0.42464647,0.5257415771484375,0.4692254662513733,0.17260605990886688
0.3925289109278661,0.03301169923622249,0.2779020158691602,65.52,125829.1200000005,1.98,0.0,1.0,-0.020447401348924643,8.175,0.0,0.7524719,0.5640849,-0.42464647,0.5257415771484375,0.4692254662513733,0.17260605990886688
0.3908600476498991,0.02488507732066394,0.27835337882242706,66.6,141557.75999999978,1.98,0.0,1.0,-0.020447401348924643,8.18,0.0,0.1254042,0.68978286,-0.09404402,0.3376212581992149,0.5069348573684692,0.27178679332137107
0.39067164943302607,0.04781940021744594,0.2780927563925973,67.67999999999999,31457.27999999995,1.98,0.0,1.0,-0.21881771294290076,8.185,0.0,0.1254042,0.68978286,-0.09404402,0.3376212581992149,0.5069348573684692,0.27178679332137107
0.38950342640164126,0.07049250013569669,0.27665785388541675,68.58,111025.69411764776,1.98,0.0,1.0,-0.21881771294290076,8.19,0.0,0.1254042,0.68978286,-0.09404402,0.3376212581992149,0.5069348573684692,0.27178679332137107
0.38855394632744067,0.08593604989003616,0.27642719318050435,69.48,107853.53142857211,2.16,21570.706285714306,1.0,-0.2035584582049026,8.195,0.0,0.1254042,0.68978286,-0.09404402,0.3376212581992149,0.5069348573684692,0.27178679332137107
0.388729605627665,0.10230200185212339,0.2762343037354344,70.2,100663.29599999984,2.34,25165.82399999996,1.0,-0.035706656086922806,8.2,0.0,0.01617403,0.76460266,-0.17363426,0.3048522088676691,0.5293807983398438,0.24790972173213957
0.38867009786214574,0.12040552296263402,0.2747058333846658,70.74,75497.47199999889,2.6999999999999997,50331.64799999998,1.0,0.010071108127071682,8.205,0.0,0.01617403,0.76460266,-0.17363426,0.3048522088676691,0.5293807983398438,0.24790972173213957
0.3894648382683867,0.1347940695806317,0.2727848567993679,70.92,4.3782894523187075,3.06,8.75657890463709,1.0,-0.05096591082492097,8.21,0.0,0.01617403,0.76460266,-0.17363426,0.3048522088676691,0.5293807983398438,0.24790972173213957
0.38920003306689505,0.14978978872511503,0.27153794892443106,71.1,8987.794285713917,3.5999999999999996,26963.38285714284,1.0,-0.005188146610926481,8.215,0.0,0.01617403,0.76460266,-0.17363426,0.3048522088676691,0.5293807983398438,0.24790972173213957
0.3894573847875503,0.16598306042986707,0.2687618440310835,70.92,-19358.32615384536,4.32,77433.30461538468,1.0,-0.12726218451491178,8.22,0.0,0.35753065,0.7432213,0.42418867,0.4072591960430145,0.5229663848876953,0.4272566020488739
0.3904949703723031,0.189866537173173,0.26131731512083783,70.56,-48708.04645161283,5.22,121770.11612903219,1.0,-0.18829920346690443,8.225,0.0,0.35753065,0.7432213,0.42418867,0.4072591960430145,0.5229663848876953,0.4272566020488739
0.39052056056190115,0.21089541301431391,0.2541125090176301,69.84,-97416.09290322565,6.4799999999999995,170478.16258064512,1.0,0.025330362865069844,8.23,0.0,0.35753065,0.7432213,0.42418867,0.4072591960430145,0.5229663848876953,0.4272566020488739
0.3908131219492678,0.22875825395552696,0.24745841925425777,68.94,-114390.10909090981,7.92,183024.1745454546,1.0,-0.06622516556291913,8.235,0.0,0.35753065,0.7432213,0.42418867,0.4072591960430145,0.5229663848876953,0.4272566020488739
0.39183651435974204,0.2273588890798502,0.24088431338838262,67.67999999999999,-160146.15272727338,9.54,205902.19636363626,1.0,-0.11200292977691362,8.24,0.0,0.7712302,0.8490404,-0.08369701,0.5313690662384033,0.5547121167182922,0.2748908959329128
0.3924757183116397,0.24822969793007998,0.2353486303352683,66.24,-46820.13767441853,11.16,52672.65488372096,1.0,-0.17303994872890627,8.245000000000001,0.0,0.7712302,0.8490404,-0.08369701,0.5313690662384033,0.5547121167182922,0.2748908959329128
0.39318676654694257,0.26521816151784194,0.232104171316107,64.8,-33.02908603708782,12.959999999999999,41.28635754635982,1.0,-0.09674367503891546,8.25,0.0,0.7712302,0.8490404,-0.08369701,0.5313690662384033,0.5547121167182922,0.2748908959329128
0.39443081552335246,0.27907546141858486,0.2307779744166607,63.0,-85792.58181818169,14.399999999999999,68634.06545454543,1.0,-0.05096591082492097,8.255,0.0,0.7712302,0.8490404,-0.08369701,0.5313690662384033,0.5547121167182922,0.2748908959329128
0.3956012648594769,0.3035927984192737,0.23006984094284819,61.199999999999996,-55924.05333333347,15.84,44739.24266666671,1.0,-0.020447401348924643,8.26,0.0,0.7453829,0.25089437,1.2363462,0.5236148715019225,0.3752683103084564,0.6
0.39705191076662955,0.32380346309046315,0.22969833893481695,59.22,-212941.58769230737,17.099999999999998,135508.28307692287,1.0,-0.06622516556291913,8.265,0.0,0.7453829,0.25089437,1.2363462,0.5236148715019225,0.3752683103084564,0.6
0.39795863084608396,0.3396894148123742,0.23028301060178655,57.419999999999995,-228780.21818181872,17.82,91512.08727272759,1.0,-0.09674367503891546,8.27,0.0,0.7453829,0.25089437,1.2363462,0.5236148715019225,0.3752683103084564,0.6
0.3993957574149217,0.3567037554716543,0.23062946343331614,55.62,-209715.19999999966,18.18,41943.039999999935,1.0,-0.14252143925290994,8.275,0.0,0.7453829,0.25089437,1.2363462,0.5236148715019225,0.3752683103084564,0.6
0.40168215353802517,0.3736504176801854,0.23046818371124508,53.82,-215707.0628571425,18.0,-21570.706285714252,1.0,-0.06622516556291913,8.28,0.0,-0.09521662,0.5995909,0.4538068,0.2714350149035454,0.47987726926803587,0.43614203631877896
0.40274260709279813,0.38104129869687237,0.23179807706293637,52.199999999999996,-776.9005808369562,17.46,-258.96686027898426,1.0,-0.14252143925290994,8.285,0.0,-0.09521662,0.5995909,0.4538068,0.2714350149035454,0.47987726926803587,0.43614203631877896
0.4050558712495185,0.37946669988436854,0.23229529089575426,50.76,-111848.10666666648,16.56,-69905.06666666683,1.0,-0.020447401348924643,8.290000000000001,0.0,-0.09521662,0.5995909,0.4538068,0.2714350149035454,0.47987726926803587,0.43614203631877896
0.4069321969761265,0.38748221441815106,0.23190722621238813,49.5,-32.20803393383871,15.299999999999999,-32.20803393383876,1.0,-0.035706656086922806,8.295,0.0,-0.09521662,0.5995909,0.4538068,0.2714350149035454,0.47987726926803587,0.43614203631877896
0.408735825607564,0.39160226190276987,0.23316929467048003,48.239999999999995,-66060.28800000026,13.68,-84934.65599999996,1.0,0.05584887234106617,8.3,0.0,0.07520868,-0.28125116,-0.78463507,0.32256260365247724,0.21562465131282807,0.0646094799041748
0.4106113974750165,0.39196625059199447,0.23958630385303337,47.16,-116149.95692307674,11.7,-212941.58769230774,1.0,-0.17303994872890627,8.305,0.0,0.07520868,-0.28125116,-0.78463507,0.32256260365247724,0.21562465131282807,0.0646094799041748
0.4119181340776269,0.39711145281968124,0.24850130226425593,46.26,-107853.53142857125,9.36,-280419.1817142857,1.0,-0.005188146610926481,8.31,0.0,0.07520868,-0.28125116,-0.78463507,0.32256260365247724,0.21562465131282807,0.0646094799041748
0.41354167240316203,0.40555361450415356,0.25586184524755784,45.54,-97416.09290322565,6.4799999999999995,-389664.3716129032,1.0,-0.09674367503891546,8.315,0.0,0.07520868,-0.28125116,-0.78463507,0.32256260365247724,0.21562465131282807,0.0646094799041748
0.4152847262573419,0.4098396649495024,0.2624882681018877,45.18,-48708.04645161283,3.5999999999999996,-389664.3716129032,1.0,-0.2035584582049026,8.32,0.0,0.76638234,-0.803331,-1.2124416,0.5299147009849549,0.059000694751739496,0.0
0.41643366046260666,0.4208703838103547,0.2669418116470054,44.46,-23410.068837209266,1.44,-70230.2065116279,1.0,-0.12726218451491178,8.325,0.0,0.76638234,-0.803331,-1.2124416,0.5299147009849549,0.059000694751739496,0.0
0.4182125066213514,0.417325640185543,0.2708531414767229,43.019999999999996,-188743.68000000063,2.16,94371.84000000003,1.0,-0.1577806939909081,8.33,0.0,0.76638234,-0.803331,-1.2124416,0.5299147009849549,0.059000694751739496,0.0
0.4198348227497988,0.4131335215518564,0.27981221236877063,41.76,-29.00513734680544,2.88,16.574364198174557,1.0,0.0863673818170625,8.335,0.0,0.76638234,-0.803331,-1.2124416,0.5299147009849549,0.059000694751739496,0.0
0.421400648057415,0.4065872992186117,0.2940985851557771,40.86,-69905.06666666655,3.06,13981.013333333345,1.0,-0.21881771294290076,8.34,0.0,0.27087042,-0.7662461,-0.5889029,0.3812611252069473,0.07012617588043213,0.12332913279533386
0.4226838828777893,0.41071282277349785,0.30664279991662696,40.5,-14518.744615384592,1.98,-43556.233846153846,1.0,-0.24933622241889708,8.345,0.0,0.27087042,-0.7662461,-0.5889029,0.3812611252069473,0.07012617588043213,0.12332913279533386
0.4224478833679791,0.41587307536285295,0.31929154761920137,39.96,-70778.87999999989,1.6199999999999999,-47185.92000000001,1.0,0.2542191839350423,8.35,0.0,0.27087042,-0.7662461,-0.5889029,0.3812611252069473,0.07012617588043213,0.12332913279533386
0.42353641583139057,0.42093681220570145,0.33124576926186866,39.78,-26033.611034482718,1.7999999999999998,26033.61103448275,1.0,-0.18829920346690443,8.355,0.0,0.27087042,-0.7662461,-0.5889029,0.3812611252069473,0.07012617588043213,0.12332913279533386
0.423650950692594,0.4313390330963655,0.3405684600325829,39.78,0.0,1.6199999999999999,-22205.138823529403,1.0,0.14740440076905514,8.36,0.0,0.11137904,-0.71681523,-0.1724334,0.3334137126803398,0.08495543003082275,0.24826997816562651
0.4229285764316767,0.43312604560058093,0.34406114573904717,39.96,25165.82399999996,1.6199999999999999,0.0,1.0,-0.18829920346690443,8.365,0.0,0.11137904,-0.71681523,-0.1724334,0.3334137126803398,0.08495543003082275,0.24826997816562651
0.422470174063784,0.42871006122047584,0.3454397745170475,40.32,48708.04645161283,1.6199999999999999,0.0,1.0,0.025330362865069844,8.370000000000001,0.0,0.11137904,-0.71681523,-0.1724334,0.3334137126803398,0.08495543003082275,0.24826997816562651
0.4222638891564124,0.4277339220315845,0.3467521983653964,40.5,24354.023225806413,1.7999999999999998,24354.023225806442,1.0,0.05584887234106617,8.375,0.0,0.11137904,-0.71681523,-0.1724334,0.3334137126803398,0.08495543003082275,0.24826997816562651
0.42046383891575223,0.4237829191055221,0.3461133206980821,40.86,8.691206851893408,1.7999999999999998,0.0,1.0,-0.21881771294290076,8.38,0.0,-0.15660058,0.23561728,0.20855093,0.25301982611417767,0.3706851840019226,0.362565279006958
0.4192014292786255,0.41904662667016024,0.34460054322742867,41.4,24889.276483516445,1.7999999999999998,0.0,1.0,0.025330362865069844,8.385,0.0,-0.15660058,0.23561728,0.20855093,0.25301982611417767,0.3706851840019226,0.362565279006958
0.4182180758676766,0.4188123250648384,0.34437728416396146,41.76,35115.1032558139,1.7999999999999998,0.0,1.0,-0.035706656086922806,8.39,0.0,-0.15660058,0.23561728,0.20855093,0.25301982611417767,0.3706851840019226,0.362565279006958
0.417366215829438,0.42575945618087974,0.3428504851847501,42.12,9999.665165562898,1.7999999999999998,0.0,1.0,-0.035706656086922806,8.395,0.0,-0.15660058,0.23561728,0.20855093,0.25301982611417767,0.3706851840019226,0.362565279006958
0.4173765269026211,0.42195184906612976,0.33924208493161656,42.66,68634.06545454534,1.7999999999999998,0.0,1.0,-0.12726218451491178,8.4,0.0,0.13157141,0.8901913,1.263573,0.339471423625946,0.5670573949813843,0.6
0.4165627090274566,0.4160418607221661,0.3308185012343985,43.019999999999996,44410.277647058756,1.7999999999999998,0.0,1.0,-0.18829920346690443,8.405,0.0,0.13157141,0.8901913,1.263573,0.339471423625946,0.5670573949813843,0.6
0.4157586447247249,0.40040636184440853,0.31897376545871514,43.379999999999995,45756.04363636357,1.7999999999999998,0.0,1.0,-0.1577806939909081,8.41,0.0,0.13157141,0.8901913,1.263573,0.339471423625946,0.5670573949813843,0.6
0.4146771028632715,0.3874773794221192,0.30408108191156463,43.92,73062.06967742021,1.7999999999999998,0.0,1.0,-0.09674367503891546,8.415000000000001,0.0,0.13157141,0.8901913,1.263573,0.339471423625946,0.5670573949813843,0.6
0.4136537415383083,0.3685314223283288,0.2902046142504706,44.46,12.212401313483678,1.7999999999999998,0.0,1.0,0.0863673818170625,8.42,0.0,-0.23182467,0.88868105,1.3848249,0.2304526001214981,0.5666043162345886,0.6
0.4125035173972166,0.3538430605020798,0.27883257452886356,45.18,35528.222117647005,1.7999999999999998,0.0,1.0,-0.12726218451491178,8.425,0.0,-0.23182467,0.88868105,1.3848249,0.2304526001214981,0.5666043162345886,0.6
0.41052917169826186,0.3313085202787675,0.269595209600256,45.9,107853.53142857125,1.7999999999999998,0.0,1.0,-0.005188146610926481,8.43,0.0,-0.23182467,0.88868105,1.3848249,0.2304526001214981,0.5666043162345886,0.6
0.4088641223432914,0.3277866046120801,0.2626964784633135,46.62,30504.029090909044,1.7999999999999998,0.0,1.0,0.07110812707906433,8.435,0.0,-0.23182467,0.88868105,1.3848249,0.2304526001214981,0.5666043162345886,0.6
0.4071735128777976,0.31258973619071334,0.25835433037159855,47.519999999999996,179755.88571428542,1.7999999999999998,0.0,1.0,-0.29511398663289157,8.44,0.0,-0.4991499,1.027036,1.1569402,0.1502550333738327,0.6,0.6
0.4022902438159941,0.29063738892065405,0.256430930303264,48.239999999999995,125829.1199999998,1.7999999999999998,0.0,1.0,0.010071108127071682,8.445,0.0,-0.4991499,1.027036,1.1569402,0.1502550333738327,0.6,0.6
0.3937047416164246,0.29078358859335207,0.2556628771916701,49.14,179755.88571428685,1.98,35951.177142857174,1.0,0.010071108127071682,8.45,0.0,-0.4991499,1.027036,1.1569402,0.1502550333738327,0.6,0.6
0.3871027883951343,0.28896839669038604,0.2547250055051662,50.04,92070.0878048779,1.98,0.0,1.0,-0.26459547715689524,8.455,0.0,-0.4991499,1.027036,1.1569402,0.1502550333738327,0.6,0.6
0.3796364401317052,0.2891513827332811,0.2553445879868139,50.76,158942.04631578922,2.16,39735.5115789474,1.0,0.07110812707906433,8.46,0.0,-0.39177218,0.7178283,1.0338751,0.18246834576129914,0.5153484821319579,0.6
0.3690394201051044,0.2853280916525184,0.25616926585860333,51.3,12.994699591499497,2.34,4.331566530499832,1.0,-0.24933622241889708,8.465,0.0,-0.39177218,0.7178283,1.0338751,0.18246834576129914,0.5153484821319579,0.6
0.35949044090264726,0.2869452109912064,0.25615518692505496,51.66,16777.215999999975,2.88,25165.824,1.0,-0.11200292977691362,8.47,0.0,-0.39177218,0.7178283,1.0338751,0.18246834576129914,0.5153484821319579,0.6
0.3522953248197702,0.28457335660484073,0.2574225219739103,51.839999999999996,29037.489230769184,3.5999999999999996,116149.95692307688,1.0,-0.09674367503891546,8.475,0.0,-0.39177218,0.7178283,1.0338751,0.18246834576129914,0.5153484821319579,0.6
0.3464581846761392,0.28478985557725633,0.2645910426187098,51.839999999999996,0.0,4.32,150994.94400000013,1.0,-0.06622516556291913,8.48,0.0,0.17504252,0.72714686,1.8409668,0.3525127574801445,0.5181440591812133,0.6
0.342440461598934,0.2924611414426054,0.276335412319019,51.839999999999996,0.0,5.04,158942.04631578943,1.0,-0.3256324961088879,8.485,0.0,0.17504252,0.72714686,1.8409668,0.3525127574801445,0.5181440591812133,0.6
0.3392926273510481,0.3070076625764343,0.28801321300769,51.66,-34317.03272727267,5.58,102951.09818181819,1.0,-0.14252143925290994,8.49,0.0,0.17504252,0.72714686,1.8409668,0.3525127574801445,0.5181440591812133,0.6
0.333121395894893,0.30743165814166135,0.30304173648955846,51.12,-21778.11692307689,5.9399999999999995,14518.744615384592,1.0,-0.2035584582049026,8.495000000000001,0.0,0.17504252,0.72714686,1.8409668,0.3525127574801445,0.5181440591812133,0.6
0.3275024911582307,0.3284852300153554,0.31998730219551574,50.76,-71902.35428571417,6.12,35951.17714285726,1.0,-0.06622516556291913,8.5,0.0,-0.5634345,1.3710129,1.6901473,0.1309696555137634,0.6,0.6
0.32277315415551755,0.3457694509518539,0.33473761142430136,50.04,-16.74734989269134,6.12,0.0,1.0,-0.21881771294290076,8.505,0.0,-0.5634345,1.3710129,1.6901473,0.1309696555137634,0.6,0.6
0.31522801780138104,0.3662827969186658,0.34975024224592677,49.14,-67408.45714285703,6.12,0.0,1.0,-0.11200292977691362,8.51,0.0,-0.5634345,1.3710129,1.6901473,0.1309696555137634,0.6,0.6
0.30586090551319284,0.3857293844945605,0.36481584181214655,48.059999999999995,-251658.24000000127,5.76,-83886.08000000007,1.0,-0.1577806939909081,8.515,0.0,-0.5634345,1.3710129,1.6901473,0.1309696555137634,0.6,0.6
0.2979543852004618,0.39331984116782365,0.3773188073350023,46.98,-238413.06947368383,5.04,-158942.04631578943,1.0,-0.14252143925290994,8.52,0.0,-0.2733111,1.2697651,2.1334321,0.21800666749477385,0.6,0.6
0.2893800959189433,0.4107773152250009,0.3879334860223556,45.54,-549072.5236363627,4.14,-343170.3272727274,1.0,-0.17303994872890627,8.525,0.0,-0.2733111,1.2697651,2.1334321,0.21800666749477385,0.6,0.6
0.2798169883077885,0.41055415809039253,0.39906270968152874,44.1,-355282.22117647005,2.88,-310871.9435294117,1.0,-0.035706656086922806,8.53,0.0,-0.2733111,1.2697651,2.1334321,0.21800666749477385,0.6,0.6
0.27277039239067813,0.4201975065820902,0.40740500037615374,42.3,-444102.7764705893,1.6199999999999999,-310871.94352941174,1.0,-0.05096591082492097,8.535,0.0,-0.2733111,1.2697651,2.1334321,0.21800666749477385,0.6,0.6
0.26619611900857004,0.4200306223992299,0.41522198781851233,39.78,-754974.7199999988,1.7999999999999998,53926.7657142857,1.0,0.11688589129305882,8.540000000000001,0.0,-1.3768363,1.7014704,1.6591678,0.0,0.6,0.6
0.25962936609241655,0.42349809049408915,0.4230195197091494,37.44,-701047.9542857154,1.98,53926.765714285764,1.0,-0.14252143925290994,8.545,0.0,-1.3768363,1.7014704,1.6591678,0.0,0.6,0.6
0.2551610242416949,0.4271175621895807,0.4291626283259942,34.74,-65.16717190898723,1.6199999999999999,-8.688956254531647,1.0,-0.005188146610926481,8.55,0.0,-1.3768363,1.7014704,1.6591678,0.0,0.6,0.6
0.25274855755824904,0.4187546935644235,0.4343724870050321,32.04,-121770.11612903238,1.6199999999999999,0.0,1.0,-0.3561510055848842,8.555,0.0,-1.3768363,1.7014704,1.6591678,0.0,0.6,0.6
0.25391995427791614,0.426416327788525,0.44034798362704625,29.52,-528482.3039999999,1.6199999999999999,0.0,1.0,0.14740440076905514,8.56,0.0,-0.3161218,0.31740052,2.6059124,0.20516346395015717,0.39522015452384945,0.6
0.25563236676521917,0.4301021439261967,0.44506449366055295,26.82,-707788.7999999998,1.6199999999999999,0.0,1.0,-0.2035584582049026,8.565,0.0,-0.3161218,0.31740052,2.6059124,0.20516346395015717,0.39522015452384945,0.6
0.25756897707397325,0.4393569843111371,0.4487325056604724,24.48,-613416.96,1.6199999999999999,0.0,1.0,-0.11200292977691362,8.57,0.0,-0.3161218,0.31740052,2.6059124,0.20516346395015717,0.39522015452384945,0.6
0.26007431463243724,0.4429890790567949,0.45261049784791435,22.14,-490733.56799999997,1.6199999999999999,0.0,1.0,-0.05096591082492097,8.575000000000001,0.0,-0.3161218,0.31740052,2.6059124,0.20516346395015717,0.39522015452384945,0.6
0.262351558926485,0.4556902783404966,0.45606713759786977,19.98,-566231.04,1.6199999999999999,0.0,1.0,-0.21881771294290076,8.58,0.0,-0.041798852,-0.77858853,0.91819793,0.28746034428477285,0.06642343997955322,0.5754593789577483
0.26416361775638286,0.4478709683482678,0.45824701722937106,18.0,-553648.1280000001,1.6199999999999999,0.0,1.0,-0.06622516556291913,8.585,0.0,-0.041798852,-0.77858853,0.91819793,0.28746034428477285,0.06642343997955322,0.5754593789577483
0.2630160455282048,0.4419842266411838,0.46110510885048916,16.38,-485340.8914285717,1.6199999999999999,0.0,1.0,-0.05096591082492097,8.59,0.0,-0.041798852,-0.77858853,0.91819793,0.28746034428477285,0.06642343997955322,0.5754593789577483
0.2607285222653785,0.4473597118189983,0.46400338473907227,15.12,-28.87250349650349,1.6199999999999999,0.0,1.0,0.025330362865069844,8.595,0.0,-0.041798852,-0.77858853,0.91819793,0.28746034428477285,0.06642343997955322,0.5754593789577483
0.2591998069362695,0.46078997126724924,0.466030229271354,14.04,-137268.13090909092,1.6199999999999999,0.0,1.0,0.05584887234106617,8.6,0.0,0.69450605,-1.2237977,-0.8608652,0.5083518147468566,0.0,0.04174044728279114
0.25326871377074006,0.4639956661021029,0.46857035349380083,13.32,-167772.15999999974,1.6199999999999999,0.0,1.0,-0.24933622241889708,8.605,0.0,0.69450605,-1.2237977,-0.8608652,0.5083518147468566,0.0,0.04174044728279114
0.24401800756696884,0.4647816485434907,0.47109036330662696,12.78,-34844.987076923135,1.6199999999999999,0.0,1.0,-0.23407696768089892,8.61,0.0,0.69450605,-1.2237977,-0.8608652,0.5083518147468566,0.0,0.04174044728279114
0.236206497267833,0.46970309309831915,0.4730201402515993,12.42,-83886.07999999987,1.6199999999999999,0.0,1.0,-0.12726218451491178,8.615,0.0,0.69450605,-1.2237977,-0.8608652,0.5083518147468566,0.0,0.04174044728279114
0.22843791294565657,0.47239400216465677,0.47502448699840405,12.42,0.0,1.6199999999999999,0.0,1.0,-0.08148442030091729,8.620000000000001,8.522882461547852,0.66845644,-0.60878265,-1.6316575,0.5005369305610656,0.11736520528793334,0.0
0.21572444831553408,0.478764326272166,0.477896059771732,12.42,0.0,1.6199999999999999,0.0,1.0,-0.14252143925290994,8.625,8.522882461547852,0.66845644,-0.60878265,-1.6316575,0.5005369305610656,0.11736520528793334,0.0
0.2018229166955324,0.47719148279424817,0.47989622906619983,12.42,0.0,1.6199999999999999,0.0,1.0,0.10162663655506066,8.63,8.522882461547852,0.66845644,-0.60878265,-1.6316575,0.5005369305610656,0.11736520528793334,0.0
0.1895712029982742,0.4726092011685379,0.4822224710861754,12.6,4.027219152068613,1.6199999999999999,0.0,1.0,-0.1577806939909081,8.635,8.522882461547852,0.66845644,-0.60878265,-1.6316575,0.5005369305610656,0.11736520528793334,0.0
0.18188053223085612,0.47953960464361056,0.48457332540255627,12.78,26963.382857142813,1.6199999999999999,0.0,1.0,-0.21881771294290076,8.64,20.0,0.71287334,-0.50635314,-1.5605608,0.5138620018959045,0.1480940580368042,0.0
0.17714600195851923,0.4754842412131462,0.48678318765770073,12.959999999999999,47185.919999999925,1.6199999999999999,0.0,1.0,-0.21881771294290076,8.645,20.0,0.71287334,-0.50635314,-1.5605608,0.5138620018959045,0.1480940580368042,0.0
0.17464762049732227,0.47304749395504564,0.4886616838433796,13.32,94371.84000000032,1.6199999999999999,0.0,1.0,0.14740440076905514,8.65,20.0,0.71287334,-0.50635314,-1.5605608,0.5138620018959045,0.1480940580368042,0.0
0.17505747421789325,0.4772837075702874,0.4911905045984055,13.5,62914.5599999999,1.6199999999999999,0.0,1.0,-0.12726218451491178,8.655,20.0,0.71287334,-0.50635314,-1.5605608,0.5138620018959045,0.1480940580368042,0.0
0.17528719435981083,0.4767947703080639,0.49329768958413217,13.5,0.0,1.6199999999999999,0.0,1.0,0.2084414197210478,8.66,8.522882461547852,1.0842237,-0.6254662,-1.5652045,0.6,0.11236013174057007,0.0
0.17530565454483757,0.47736291143835907,0.4939634233881429,13.68,17158.516363636336,1.6199999999999999,0.0,1.0,-0.18829920346690443,8.665000000000001,8.522882461547852,1.0842237,-0.6254662,-1.5652045,0.6,0.11236013174057007,0.0
0.1780777126665584,0.4703647243117704,0.49247921771312947,13.86,30198.988799999952,1.6199999999999999,0.0,1.0,0.10162663655506066,8.67,8.522882461547852,1.0842237,-0.6254662,-1.5652045,0.6,0.11236013174057007,0.0
0.18760717842460348,0.46357913670005135,0.4915439099067277,14.04,50331.64799999992,1.6199999999999999,0.0,1.0,-0.14252143925290994,8.675,8.522882461547852,1.0842237,-0.6254662,-1.5652045,0.6,0.11236013174057007,0.0
0.1978769242400149,0.4606364329336908,0.490812854016056,14.399999999999999,8.892883923365495,1.6199999999999999,0.0,1.0,-0.14252143925290994,8.68,0.0,0.93182075,-0.5525861,-0.83136845,0.5795462250709533,0.13422417640686035,0.050589466094970705
0.20924061128374086,0.4261597397241907,0.4881439967008552,14.76,27962.02666666676,1.6199999999999999,0.0,1.0,-0.020447401348924643,8.685,0.0,0.93182075,-0.5525861,-0.83136845,0.5795462250709533,0.13422417640686035,0.050589466094970705
0.2293952782996651,0.41002837027631345,0.4859787347046032,15.479999999999999,158942.04631578922,1.6199999999999999,0.0,1.0,-0.06622516556291913,8.69,0.0,0.93182075,-0.5525861,-0.83136845,0.5795462250709533,0.13422417640686035,0.050589466094970705
0.24873227984489907,0.3858154056680889,0.48387608088890693,16.2,215707.06285714306,1.6199999999999999,0.0,1.0,-0.14252143925290994,8.695,0.0,0.93182075,-0.5525861,-0.83136845,0.5795462250709533,0.13422417640686035,0.050589466094970705
0.2644430836747523,0.36927092955123403,0.47349049622068046,17.28,301989.8880000005,1.6199999999999999,0.0,1.0,-0.09674367503891546,8.700000000000001,0.0,0.7848935,-0.37936243,-0.66568905,0.535468053817749,0.18619126975536346,0.1002932846546173
0.28327273122747937,0.3446419364740725,0.4524551923677823,18.72,355282.22117647005,1.6199999999999999,0.0,1.0,-0.14252143925290994,8.705,0.0,0.7848935,-0.37936243,-0.66568905,0.535468053817749,0.18619126975536346,0.1002932846546173
0.30119422241747507,0.33052029773815117,0.42377653832383794,20.34,399692.49882352963,1.6199999999999999,0.0,1.0,-0.020447401348924643,8.71,0.0,0.7848935,-0.37936243,-0.66568905,0.535468053817749,0.18619126975536346,0.1002932846546173
0.3143086908000314,0.30891341385673915,0.39378918063902896,22.32,553648.1280000001,1.6199999999999999,0.0,1.0,0.010071108127071682,8.715,0.0,0.7848935,-0.37936243,-0.66568905,0.535468053817749,0.18619126975536346,0.1002932846546173
0.3291901253871071,0.29921428447967247,0.36351426490126126,24.3,44.543909375184384,1.6199999999999999,0.0,1.0,-0.2035584582049026,8.72,0.0,0.75049984,-0.26633248,-0.4574404,0.5251499533653259,0.22010025680065154,0.1627678781747818
0.3432916616700004,0.2912542641168548,0.33445805955294683,26.64,129140.41263157893,1.6199999999999999,0.0,1.0,-0.21881771294290076,8.725,0.0,0.75049984,-0.26633248,-0.4574404,0.5251499533653259,0.22010025680065154,0.1627678781747818
0.35286011652105254,0.29295559969232626,0.30599253377774727,29.16,406524.84923076915,1.6199999999999999,0.0,1.0,-0.08148442030091729,8.73,0.0,0.75049984,-0.26633248,-0.4574404,0.5251499533653259,0.22010025680065154,0.1627678781747818
0.36361097546285553,0.2846615023507216,0.27980935882558416,31.86,566231.0399999998,1.6199999999999999,0.0,1.0,-0.17303994872890627,8.735,0.0,0.75049984,-0.26633248,-0.4574404,0.5251499533653259,0.22010025680065154,0.1627678781747818
0.375876735739405,0.26791048824212416,0.25473356205249437,34.74,575218.8342857148,1.6199999999999999,0.0,1.0,-0.38666951506088054,8.74,0.0,-0.006099552,0.039627265,0.40180162,0.29817013442516327,0.3118881795555353,0.4205404847860336
0.3856297171072758,0.25725410043671815,0.23186535604890038,37.8,611170.0114285705,1.7999999999999998,35951.17714285713,1.0,0.07110812707906433,8.745000000000001,0.0,-0.006099552,0.039627265,0.40180162,0.29817013442516327,0.3118881795555353,0.4205404847860336
0.39487919667802185,0.25282284233891655,0.21017147358670793,41.04,590849.7808695656,1.7999999999999998,0.0,1.0,0.0863673818170625,8.75,0.0,-0.006099552,0.039627265,0.40180162,0.29817013442516327,0.3118881795555353,0.4205404847860336
0.40472848481417745,0.24564282425242118,0.19093505060609745,44.46,683072.3657142861,1.7999999999999998,0.0,1.0,-0.34089175084688605,8.755,0.0,-0.006099552,0.039627265,0.40180162,0.29817013442516327,0.3118881795555353,0.4205404847860336
0.41235496562922946,0.24562646568412055,0.17436360430028594,47.699999999999996,754974.7199999988,1.7999999999999998,0.0,1.0,-0.12726218451491178,8.76,0.0,0.4615192,0.41495308,0.38538334,0.4384557634592056,0.42448592483997344,0.4156150013208389
0.4190394246468656,0.24100697152344602,0.1614233457726444,51.12,82.17717912876101,1.7999999999999998,0.0,1.0,-0.29511398663289157,8.765,0.0,0.4615192,0.41495308,0.38538334,0.4384557634592056,0.42448592483997344,0.4156150013208389
0.4263101842229589,0.23489331588640283,0.15213427970664933,54.54,275856.14769230783,1.98,14518.744615384629,1.0,-0.11200292977691362,8.77,0.0,0.4615192,0.41495308,0.38538334,0.4384557634592056,0.42448592483997344,0.4156150013208389
0.4313496413202622,0.22860399840758597,0.14714617530104468,57.78,566231.0400000004,1.98,0.0,1.0,0.07110812707906433,8.775,0.0,0.4615192,0.41495308,0.38538334,0.4384557634592056,0.42448592483997344,0.4156150013208389
0.43702616322290144,0.22105025457839775,0.143009136779946,61.019999999999996,590849.7808695643,2.34,65649.97565217389,1.0,0.05584887234106617,8.78,0.0,0.35244963,0.359407,1.0768907,0.40573488771915434,0.4078221023082733,0.6
0.4423965227690633,0.21803229944619526,0.14072488067143762,63.9,61946.64369230775,2.88,11614.995692307693,1.0,-0.2035584582049026,8.785,0.0,0.35244963,0.359407,1.0768907,0.40573488771915434,0.4078221023082733,0.6
0.44703516797969817,0.22277020148463306,0.1397163308996191,66.42,459549.82956521795,3.78,164124.93913043477,1.0,0.05584887234106617,8.790000000000001,0.0,0.35244963,0.359407,1.0768907,0.40573488771915434,0.4078221023082733,0.6
0.45088159502498415,0.23003969149729347,0.13976360294698817,68.58,431414.125714285,5.3999999999999995,323560.5942857142,1.0,-0.12726218451491178,8.795,0.0,0.35244963,0.359407,1.0768907,0.40573488771915434,0.4078221023082733,0.6
0.45537412939873056,0.22414979469411608,0.13979868007537588,70.2,377487.36000000103,7.739999999999999,545259.52,1.0,-0.17303994872890627,8.8,0.0,-0.045430005,0.9518099,1.0106943,0.2863709986209869,0.5855429649353027,0.6
0.4593139678619607,0.2276759925814381,0.1400113938675839,71.28,24.67452675614429,10.62,65.79873801638487,1.0,-0.11200292977691362,8.805,0.0,-0.045430005,0.9518099,1.0106943,0.2863709986209869,0.5855429649353027,0.6
0.4608214838891264,0.23593788388904688,0.141560908198031,71.82,51475.54909090833,14.219999999999999,343170.3272727272,1.0,-0.035706656086922806,8.81,0.0,-0.045430005,0.9518099,1.0106943,0.2863709986209869,0.5855429649353027,0.6
0.4605240895058053,0.2333951675306192,0.14786488357012706,71.82,0.0,18.54,953652.2778947368,1.0,-0.1577806939909081,8.815,0.0,-0.045430005,0.9518099,1.0106943,0.2863709986209869,0.5855429649353027,0.6
0.4611450965936971,0.23696100692078664,0.1579849932401368,71.46,-23967.451428571392,23.04,299593.14285714284,1.0,0.10162663655506066,8.82,0.0,-0.105841905,1.1555895,2.3815584,0.2682474285364151,0.6,0.6
0.4610172372822287,0.23664664413190292,0.16942614243167686,70.92,-141557.7599999979,27.54,1179648.0,1.0,-0.12726218451491178,8.825000000000001,0.0,-0.105841905,1.1555895,2.3815584,0.2682474285364151,0.6,0.6
0.46069516486601386,0.23985576610210244,0.18722561010117206,70.38,-98474.96347826201,31.32,689324.7443478263,1.0,-0.06622516556291913,8.83,0.0,-0.105841905,1.1555895,2.3815584,0.2682474285364151,0.6,0.6
0.46140453112509755,0.24925683415469632,0.20751501874192455,70.02,-68634.06545454534,34.019999999999996,514755.4909090901,1.0,-0.1577806939909081,8.835,0.0,-0.105841905,1.1555895,2.3815584,0.2682474285364151,0.6,0.6
0.4608095745818919,0.24802019735881276,0.2239358282309087,69.84,-39735.511578945734,34.92,198677.5578947381,1.0,0.04058961760306801,8.84,0.0,-0.5813168,1.2609917,2.5622125,0.12560495138168334,0.6,0.6
0.46023061426384837,0.24780222964172882,0.24314786829547638,70.02,20404.722162161324,34.56,-40809.44432432426,1.0,0.04058961760306801,8.845,0.0,-0.5813168,1.2609917,2.5622125,0.12560495138168334,0.6,0.6
0.4598011764634447,0.2623972156922623,0.261710194146445,70.2,4.430810836189661,33.12,-35.44648668951606,1.0,0.010071108127071682,8.85,0.0,-0.5813168,1.2609917,2.5622125,0.12560495138168334,0.6,0.6
0.45931406857624857,0.2726377813615761,0.2742569745942093,70.2,0.0,30.959999999999997,-226492.41600000003,1.0,-0.1577806939909081,8.855,0.0,-0.5813168,1.2609917,2.5622125,0.12560495138168334,0.6,0.6
0.4582751041069995,0.2742883417973947,0.2873978032750081,70.2,0.0,28.439999999999998,-459549.8295652173,1.0,-0.2035584582049026,8.86,0.0,-0.85666203,1.1682668,2.1582584,0.043001389503479,0.6,0.6
0.4583002546179529,0.28440135291406804,0.30255896852076625,70.02,-37748.73600000143,25.38,-641728.5119999998,1.0,-0.21881771294290076,8.865,0.0,-0.85666203,1.1682668,2.1582584,0.043001389503479,0.6,0.6
0.45798664494419117,0.29478864236963914,0.3140865155052435,69.48,-102951.09818181666,21.96,-652023.6218181815,1.0,0.025330362865069844,8.870000000000001,0.0,-0.85666203,1.1682668,2.1582584,0.043001389503479,0.6,0.6
0.4571372971647211,0.31019120398871236,0.3254426964872838,68.94,-113246.20800000131,18.36,-754974.7200000003,1.0,-0.23407696768089892,8.875,0.0,-0.85666203,1.1682668,2.1582584,0.043001389503479,0.6,0.6
0.4570539685593988,0.3171363465250599,0.33732394339521016,67.86,-83886.07999999987,14.76,-279620.26666666666,1.0,0.010071108127071682,8.88,0.0,-1.0114206,1.2074828,0.9325449,0.0,0.6,0.5797634661197663
0.45746028236071806,0.3316126782449642,0.34813555952013564,66.6,-278148.5810526327,11.34,-754974.72,1.0,-0.17303994872890627,8.885,0.0,-1.0114206,1.2074828,0.9325449,0.0,0.6,0.5797634661197663
0.4547178417179598,0.34130362025326905,0.35760385254525645,64.98,-37.045489131323485,7.739999999999999,-82.32330918071936,1.0,-0.09674367503891546,8.89,0.0,-1.0114206,1.2074828,0.9325449,0.0,0.6,0.5797634661197663
0.44408059088144475,0.35220934165654777,0.367877660957993,63.0,-230686.72000000047,4.32,-398458.8799999999,1.0,-0.41718802453687687,8.895,0.0,-1.0114206,1.2074828,0.9325449,0.0,0.6,0.5797634661197663
0.4311048611592989,0.3550526515906097,0.3770287196107477,60.66,-185182.4784905663,1.6199999999999999,-213672.09056603775,1.0,0.10162663655506066,8.9,0.0,-0.3800527,-0.5559031,2.1083899,0.18598419427871704,0.1332290768623352,0.6
0.4203076453557215,0.36421920181798745,0.38573228398277404,56.699999999999996,-830472.1920000002,2.16,113246.20800000006,1.0,-0.1577806939909081,8.905,0.0,-0.3800527,-0.5559031,2.1083899,0.18598419427871704,0.1332290768623352,0.6
0.4053974725690597,0.382324232301078,0.3951335501126938,52.919999999999995,-990904.3200000003,3.06,235929.59999999998,1.0,-0.26459547715689524,8.91,0.0,-0.3800527,-0.5559031,2.1083899,0.18598419427871704,0.1332290768623352,0.6
0.3885500580085916,0.3905082096641825,0.40356013263857116,48.96,-790925.8971428559,3.06,0.0,1.0,-0.09674367503891546,8.915000000000001,0.0,-0.3800527,-0.5559031,2.1083899,0.18598419427871704,0.1332290768623352,0.6
0.37299264821713046,0.393962663487871,0.4102197644405522,45.54,-754974.7200000003,2.34,-158942.0463157895,1.0,-0.005188146610926481,8.92,0.0,-0.50254965,-0.8747046,0.792522,0.14923510551452637,0.03758862018585205,0.5377566039562225
0.35633165533885147,0.39661341870816613,0.415893047240834,41.58,-754974.7200000002,1.6199999999999999,-137268.1309090909,1.0,-0.035706656086922806,8.925,0.0,-0.50254965,-0.8747046,0.792522,0.14923510551452637,0.03758862018585205,0.5377566039562225
0.33827593385936294,0.4048495439223816,0.42137280428905677,37.8,-880803.8400000003,1.7999999999999998,41943.039999999986,1.0,-0.18829920346690443,8.93,0.0,-0.50254965,-0.8747046,0.792522,0.14923510551452637,0.03758862018585205,0.5377566039562225
0.3237251128574873,0.41702464541516027,0.4251999932161811,34.019999999999996,-90.65602232311338,1.6199999999999999,-4.316953443957777,1.0,0.025330362865069844,8.935,0.0,-0.50254965,-0.8747046,0.792522,0.14923510551452637,0.03758862018585205,0.5377566039562225
0.30885146378824824,0.4168507966106309,0.42933835554547867,30.06,-461373.4399999997,1.6199999999999999,0.0,1.0,0.11688589129305882,8.94,0.0,0.4650034,-1.0374258,0.9630889,0.43950102031230925,0.0,0.5889266788959503
0.29278148253816516,0.41704858391139454,0.43336610476646464,26.459999999999997,-255923.63389830518,1.6199999999999999,0.0,1.0,-0.2035584582049026,8.945,0.0,0.4650034,-1.0374258,0.9630889,0.43950102031230925,0.0,0.5889266788959503
0.27957861955089974,0.42029556882197255,0.43595185343140075,22.86,-719023.5428571424,1.6199999999999999,0.0,1.0,0.2847376934110386,8.950000000000001,0.0,0.4650034,-1.0374258,0.9630889,0.43950102031230925,0.0,0.5889266788959503
0.2674531586386761,0.4352030371965883,0.4386698015187548,19.439999999999998,-754974.7200000003,1.6199999999999999,0.0,1.0,0.04058961760306801,8.955,0.0,0.4650034,-1.0374258,0.9630889,0.43950102031230925,0.0,0.5889266788959503
0.25241383107776205,0.4369482238586038,0.44187398261100175,16.38,-337751.8484210525,1.6199999999999999,0.0,1.0,0.17792291024505147,8.96,8.522882461547852,0.90604424,-0.45446447,-1.0478123,0.5718132734298705,0.1636606603860855,0.0
0.23659176176602076,0.4398628756094317,0.4439889160158971,13.5,-575218.8342857141,1.6199999999999999,0.0,1.0,-0.2035584582049026,8.965,8.522882461547852,0.90604424,-0.45446447,-1.0478123,0.5718132734298705,0.1636606603860855,0.0
0.22201284498735815,0.43702292427319256,0.4465663710929364,10.62,-603979.7760000002,1.6199999999999999,0.0,1.0,-0.06622516556291913,8.97,8.522882461547852,0.90604424,-0.45446447,-1.0478123,0.5718132734298705,0.1636606603860855,0.0
0.2110867784386848,0.4383812804796733,0.449225623108106,8.28,-53.432369504148426,1.6199999999999999,0.0,1.0,-0.21881771294290076,8.975,8.522882461547852,0.90604424,-0.45446447,-1.0478123,0.5718132734298705,0.1636606603860855,0.0
0.20418118404794727,0.4381164514336454,0.4516564625459279,6.12,-258848.47542857134,1.6199999999999999,0.0,1.0,18.855250709555357,8.98,20.0,0.68598664,-0.26176077,-1.5636144,0.5057959914207458,0.22147176861763,0.0
0.19943569969550876,0.4360770301400468,0.4542150887705332,4.859999999999999,-293601.28000000014,4.859999999999999,754974.7199999999,1.0,-3.057039094210614,8.985,20.0,0.68598664,-0.26176077,-1.5636144,0.5057959914207458,0.22147176861763,0.0
0.19512687034591686,0.4433421538027953,0.4583191271052502,5.04,37748.73600000013,4.5,-75497.47199999988,1.0,-0.524002807702864,8.99,20.0,0.68598664,-0.26176077,-1.5636144,0.5057959914207458,0.22147176861763,0.0
0.19126878738142802,0.4408920551899913,0.46101591619088145,6.12,283115.52,1.98,-660602.88,1.0,7.3345133823664135,8.995000000000001,20.0,0.68598664,-0.26176077,-1.5636144,0.5057959914207458,0.22147176861763,0.0
0.18886691508986417,0.44037894998347865,0.4619858472217584,7.38,278148.58105263155,1.7999999999999998,-39735.5115789474,1.0,-0.12726218451491178,9.0,8.522882461547852,0.5135555,0.28239894,-1.6807036,0.4540666580200195,0.38471968173980714,0.0
0.18828985792301878,0.4434358544871553,0.46489878382871364,9.0,323560.5942857143,1.6199999999999999,-35951.17714285713,1.0,-0.8291879024628273,9.005,8.522882461547852,0.5135555,0.28239894,-1.6807036,0.4540666580200195,0.38471968173980714,0.0
0.18754159549064703,0.4154748198841553,0.46761350607844726,10.62,377487.3599999998,1.6199999999999999,0.0,1.0,-0.11200292977691362,9.01,8.522882461547852,0.5135555,0.28239894,-1.6807036,0.4540666580200195,0.38471968173980714,0.0
0.186624776895838,0.3991583764223875,0.4702010892094505,12.24,339738.6240000002,1.6199999999999999,0.0,1.0,-0.21881771294290076,9.015,8.522882461547852,0.5135555,0.28239894,-1.6807036,0.4540666580200195,0.38471968173980714,0.0
0.18689029118545242,0.3894381119257794,0.4741311834903573,14.04,41.04908220965635,1.7999999999999998,4.104908220965636,1.0,-0.12726218451491178,9.02,8.522882461547852,0.4428012,0.5769739,-1.2756588,0.43284036219120026,0.4730921745300293,0.0
0.19289787964401434,0.3769200519293524,0.47801341688108945,15.84,154076.47346938783,1.7999999999999998,0.0,1.0,0.05584887234106617,9.025,8.522882461547852,0.4428012,0.5769739,-1.2756588,0.43284036219120026,0.4730921745300293,0.0
0.2005858688075571,0.3458871153386984,0.48050432926161474,17.64,64527.75384615387,1.7999999999999998,0.0,1.0,-0.34089175084688605,9.03,8.522882461547852,0.4428012,0.5769739,-1.2756588,0.43284036219120026,0.4730921745300293,0.0
0.2113619573475795,0.3297605089303847,0.4795256809871191,19.439999999999998,359511.77142857085,1.7999999999999998,0.0,1.0,0.11688589129305882,9.035,8.522882461547852,0.4428012,0.5769739,-1.2756588,0.43284036219120026,0.4730921745300293,0.0
0.22967126317442668,0.30484044596343973,0.4786757165370181,21.419999999999998,488513.0541176472,1.6199999999999999,-44410.27764705881,1.0,-0.43244727927487503,9.040000000000001,0.0,0.81381977,0.7563323,0.39270654,0.5441459298133849,0.5268996834754943,0.41781196296215056
0.24966775279137285,0.29824117986630116,0.4785153406980573,23.58,476826.1389473684,1.6199999999999999,0.0,1.0,-0.005188146610926481,9.045,0.0,0.81381977,0.7563323,0.39270654,0.5441459298133849,0.5268996834754943,0.41781196296215056
0.2650298570625049,0.28128221378776197,0.476258403972535,25.56,395462.94857142866,1.6199999999999999,0.0,1.0,-0.17303994872890627,9.05,0.0,0.81381977,0.7563323,0.39270654,0.5441459298133849,0.5268996834754943,0.41781196296215056
0.28401630205348394,0.26962455102465654,0.4693658601343244,27.9,545259.52,1.7999999999999998,41943.039999999986,1.0,0.05584887234106617,9.055,0.0,0.81381977,0.7563323,0.39270654,0.5441459298133849,0.5268996834754943,0.41781196296215056
0.30193099856260996,0.2693056817797107,0.45369888265574365,30.24,577333.6094117647,1.7999999999999998,0.0,1.0,-0.11200292977691362,9.06,0.0,0.2253112,1.3249454,1.8558413,0.3675933614373207,0.6,0.6
0.3150376147626046,0.2628397146800561,0.4288491936869336,32.58,57.28485422953231,1.7999999999999998,0.0,1.0,-0.005188146610926481,9.065,0.0,0.2253112,1.3249454,1.8558413,0.3675933614373207,0.6,0.6
0.3289279270733583,0.2588791348466377,0.40086413128079856,35.1,94371.84000000011,1.7999999999999998,0.0,1.0,-0.14252143925290994,9.07,0.0,0.2253112,1.3249454,1.8558413,0.3675933614373207,0.6,0.6
0.3415619918321131,0.26377053644448123,0.37076472541749067,37.62,440401.9199999993,1.7999999999999998,0.0,1.0,-0.29511398663289157,9.075000000000001,0.0,0.2253112,1.3249454,1.8558413,0.3675933614373207,0.6,0.6
0.35005495995145713,0.2665504439320411,0.3424768057794947,40.14,587202.5600000008,1.7999999999999998,0.0,1.0,0.10162663655506066,9.08,0.0,0.09222227,0.5716305,1.7817998,0.3276666820049286,0.471489143371582,0.6
0.35893213127042406,0.26872195425103595,0.31374687349799474,42.839999999999996,314572.7999999995,1.98,20971.52000000002,1.0,-0.14252143925290994,9.085,0.0,0.09222227,0.5716305,1.7817998,0.3276666820049286,0.471489143371582,0.6
0.3666989343403615,0.27094423440447707,0.28752147490676905,45.36,556297.1621052638,1.98,0.0,1.0,0.0863673818170625,9.09,0.0,0.09222227,0.5716305,1.7817998,0.3276666820049286,0.471489143371582,0.6
0.37237981772374695,0.2659490617700328,0.26140040033270706,47.699999999999996,516561.650526315,1.98,0.0,1.0,-0.11200292977691362,9.095,0.0,0.09222227,0.5716305,1.7817998,0.3276666820049286,0.471489143371582,0.6
0.3773833520642009,0.273696767496733,0.23786949947611144,50.22,556297.1621052638,2.16,39735.5115789474,1.0,0.14740440076905514,9.1,0.0,-0.4713976,0.46457228,1.6942731,0.15858071744441984,0.4393716841936111,0.6
0.3834002383717552,0.28170415218982797,0.2151290371243227,52.199999999999996,45.02937130277769,2.52,8.187158418686863,1.0,-0.09674367503891546,9.105,0.0,-0.4713976,0.46457228,1.6942731,0.15858071744441984,0.4393716841936111,0.6
0.38685207913078296,0.2862180265148555,0.19806375001755472,54.0,116149.9569230772,3.42,58074.978461538456,1.0,0.23895992919704412,9.11,0.0,-0.4713976,0.46457228,1.6942731,0.15858071744441984,0.4393716841936111,0.6
0.39132890756175126,0.29975856683907276,0.19121998808332535,55.44,301989.8879999995,4.68,264241.15199999994,1.0,-0.08148442030091729,9.115,0.0,-0.4713976,0.46457228,1.6942731,0.15858071744441984,0.4393716841936111,0.6
0.39828405219332497,0.31367590460718375,0.18891935512380736,56.339999999999996,251658.2399999996,6.66,553648.1280000001,1.0,-0.23407696768089892,9.120000000000001,0.0,-0.30837858,1.0715015,2.5460913,0.20748642683029175,0.6,0.6
0.4050474647078691,0.32766170523987503,0.18638178777615394,56.699999999999996,94371.83999999985,9.54,754974.7199999997,1.0,-0.2798547318948934,9.125,0.0,-0.30837858,1.0715015,2.5460913,0.20748642683029175,0.6,0.6
0.40881554440821866,0.34732544433539486,0.18951723534152526,56.519999999999996,-8778.775813953474,12.78,158017.9646511628,1.0,-0.17303994872890627,9.13,0.0,-0.30837858,1.0715015,2.5460913,0.20748642683029175,0.6,0.6
0.4106043658900905,0.3571450438906911,0.20167062751456677,56.16,-75497.47199999988,16.56,792723.4559999999,1.0,-0.2798547318948934,9.135,0.0,-0.30837858,1.0715015,2.5460913,0.20748642683029175,0.6,0.6
0.4117935529068007,0.3731397821887312,0.21584111006059617,55.26,-222051.38823529377,20.16,888205.5529411768,1.0,-0.06622516556291913,9.14,0.0,-0.21081194,0.983029,2.8198245,0.2367564171552658,0.5949087023735046,0.6
0.4123055417083615,0.3735132026052483,0.2307763970198652,54.18,-150994.94399999976,23.58,478150.6559999997,1.0,0.07110812707906433,9.145,0.0,-0.21081194,0.983029,2.8198245,0.2367564171552658,0.5949087023735046,0.6
0.41354482846854684,0.3882169962689848,0.24961652372133603,53.28,-21.363903697918403,26.099999999999998,59.818930354171606,1.0,-0.2035584582049026,9.15,0.0,-0.21081194,0.983029,2.8198245,0.2367564171552658,0.5949087023735046,0.6
0.41467705284817974,0.39526411192587796,0.2672494496386152,52.379999999999995,-38916.22268041262,27.54,62265.95628865985,1.0,-0.005188146610926481,9.155,0.0,-0.21081194,0.983029,2.8198245,0.2367564171552658,0.5949087023735046,0.6
0.41456259746893065,0.40696576517888666,0.2825885478332777,51.839999999999996,-52672.65488372085,27.36,-17557.55162790695,1.0,-0.08148442030091729,9.16,0.0,-0.8410448,1.6133076,1.9375608,0.04768656492233276,0.6,0.6
0.41455892838939623,0.416004794303272,0.2990947166303669,51.48,-41943.039999999935,25.919999999999998,-167772.16000000015,1.0,-0.21881771294290076,9.165000000000001,0.0,-0.8410448,1.6133076,1.9375608,0.04768656492233276,0.6,0.6
0.41516513840251035,0.41631807689957445,0.31273470270461695,51.3,-23592.959999999963,23.58,-306708.48,1.0,-0.09674367503891546,9.17,0.0,-0.8410448,1.6133076,1.9375608,0.04768656492233276,0.6,0.6
0.41477331145679497,0.4171584887530734,0.3225255186559592,51.3,0.0,20.16,-421897.6376470586,1.0,-0.24933622241889708,9.175,0.0,-0.8410448,1.6133076,1.9375608,0.04768656492233276,0.6,0.6
0.41348441951399645,0.42184468388476,0.3341981601178043,51.12,-22205.138823529378,16.38,-466307.91529411776,1.0,0.17792291024505147,9.18,0.0,-1.0470481,1.5844555,2.0784912,0.0,0.6,0.6
0.412545964318805,0.415821815563631,0.3450842690135629,51.12,0.0,11.879999999999999,-608850.5806451613,1.0,-0.23407696768089892,9.185,0.0,-1.0470481,1.5844555,2.0784912,0.0,0.6,0.6
0.4114823284689632,0.4210035674892223,0.35409001449909155,51.12,0.0,7.199999999999999,-108.37037475432281,1.0,0.025330362865069844,9.19,0.0,-1.0470481,1.5844555,2.0784912,0.0,0.6,0.6
0.40498342409772,0.4238195201819335,0.36329181324447213,50.76,-18641.351111111082,2.34,-251658.23999999996,1.0,-0.3561510055848842,9.195,0.0,-1.0470481,1.5844555,2.0784912,0.0,0.6,0.6
0.3920627315098124,0.44448638630846743,0.37426952306884975,48.059999999999995,-276210.26341463445,2.16,-18414.017560975582,1.0,0.1626636555070533,9.200000000000001,0.0,-0.3552553,-0.19793192,2.997921,0.1934234082698822,0.24062042534351347,0.6
0.3817792495151174,0.4461479088185039,0.38499477059696663,46.08,-218545.31368421018,3.78,178809.8021052631,1.0,-0.6613361003448475,9.205,0.0,-0.3552553,-0.19793192,2.997921,0.1934234082698822,0.24062042534351347,0.6
0.37092442197504305,0.4442010594241108,0.39631242928850885,43.559999999999995,-320292.3054545458,4.32,68634.06545454552,1.0,-0.11200292977691362,9.21,0.0,-0.3552553,-0.19793192,2.997921,0.1934234082698822,0.24062042534351347,0.6
0.35807401646556775,0.4530040095689058,0.4069366477274245,41.04,-320292.30545454496,4.14,-22878.021818181896,1.0,0.07110812707906433,9.215,0.0,-0.3552553,-0.19793192,2.997921,0.1934234082698822,0.24062042534351347,0.6
0.3472508964377841,0.4492885042261457,0.4151526333941633,39.059999999999995,-244256.52705882402,2.88,-155435.97176470584,1.0,-0.09674367503891546,9.22,0.0,0.6568208,-1.6557035,1.7148196,0.49704623222351074,0.0,0.6
0.33722534201394416,0.44297279256422306,0.4212788969779808,36.54,-352321.53599999944,1.6199999999999999,-176160.768,1.0,-0.11200292977691362,9.225,0.0,0.6568208,-1.6557035,1.7148196,0.49704623222351074,0.0,0.6
0.3229136412093846,0.44084496764377756,0.428542285044288,33.839999999999996,-377487.3600000004,1.7999999999999998,25165.82399999999,1.0,-0.24933622241889708,9.23,0.0,0.6568208,-1.6557035,1.7148196,0.49704623222351074,0.0,0.6
0.3094303883516222,0.45260835449321585,0.4341364724101606,31.32,-60.48680679626642,1.6199999999999999,-4.320486199733321,1.0,0.1626636555070533,9.235,0.0,0.6568208,-1.6557035,1.7148196,0.49704623222351074,0.0,0.6
0.2979804699829583,0.4566650746722938,0.43877094960971164,28.439999999999998,-101509.20605042025,1.7999999999999998,6344.3253781512585,1.0,-0.020447401348924643,9.24,0.0,1.4510179,-1.2648278,0.37644494,0.6,0.0,0.4129334807395935
0.2842797954231088,0.4527039262172379,0.4440588590879273,25.74,-50783.052914798194,1.7999999999999998,0.0,1.0,-0.005188146610926481,9.245000000000001,0.0,1.4510179,-1.2648278,0.37644494,0.6,0.0,0.4129334807395935
0.2701952468635781,0.4518846767934877,0.4484171859228686,23.22,-140928.61439999996,1.6199999999999999,-10066.329599999997,1.0,-0.23407696768089892,9.25,0.0,1.4510179,-1.2648278,0.37644494,0.6,0.0,0.4129334807395935
0.25939866046015736,0.4576543118595113,0.45159078316524826,20.88,-280419.1817142857,1.6199999999999999,0.0,1.0,0.11688589129305882,9.255,0.0,1.4510179,-1.2648278,0.37644494,0.6,0.0,0.4129334807395935
0.2465681189489542,0.46415933381094826,0.4556119338239607,18.36,-293601.27999999997,1.6199999999999999,0.0,1.0,-0.08148442030091729,9.26,8.522882461547852,1.1967306,-0.5843954,-1.3963437,0.6,0.12468137741088867,0.0
0.23120873500550826,0.46118970279661714,0.4591054151818959,16.2,-251658.24000000002,1.6199999999999999,0.0,1.0,-0.18829920346690443,9.265,8.522882461547852,1.1967306,-0.5843954,-1.3963437,0.6,0.12468137741088867,0.0
0.21598351043427239,0.46963496371265406,0.4618198175958953,14.04,-283115.52,1.6199999999999999,0.0,1.0,-0.26459547715689524,9.27,8.522882461547852,1.1967306,-0.5843954,-1.3963437,0.6,0.12468137741088867,0.0
0.20381448475607217,0.47291267621885497,0.46526928804129536,12.059999999999999,-45.38843482538122,1.6199999999999999,0.0,1.0,-0.3256324961088879,9.275,8.522882461547852,1.1967306,-0.5843954,-1.3963437,0.6,0.12468137741088867,0.0
0.19598177310098835,0.4676359290876648,0.4682773792605365,10.26,-79471.02315789468,1.6199999999999999,0.0,1.0,0.04058961760306801,9.28,8.522882461547852,1.2171957,-0.3748943,-1.9366673,0.6,0.18753171265125274,0.0
0.19179268137028282,0.46715845877390294,0.4704698934101368,8.82,-134217.72799999994,1.6199999999999999,0.0,1.0,-0.08148442030091729,9.285,8.522882461547852,1.2171957,-0.3748943,-1.9366673,0.6,0.18753171265125274,0.0
0.1906355445893356,0.4731106438885885,0.4736006331240877,7.38,-163237.77729729735,1.6199999999999999,0.0,1.0,-0.035706656086922806,9.290000000000001,8.522882461547852,1.2171957,-0.3748943,-1.9366673,0.6,0.18753171265125274,0.0
0.19312307517427757,0.47505671812692407,0.47685159632080293,6.4799999999999995,-114390.10909090913,1.6199999999999999,0.0,1.0,4.313180944242665,9.295,8.522882461547852,1.2171957,-0.3748943,-1.9366673,0.6,0.18753171265125274,0.0
0.19460048686980963,0.4689931605669395,0.4791590013454258,6.12,-10066.329599999985,2.16,15099.494400000007,1.0,0.7272560808129853,9.3,8.522882461547852,1.185007,-0.34052506,-1.7984467,0.6,0.19784248173236846,0.0
0.19644715888730424,0.4680276925996399,0.4824069642093892,6.66,36531.03483870968,1.6199999999999999,-36531.0348387097,1.0,0.025330362865069844,9.305,8.522882461547852,1.185007,-0.34052506,-1.7984467,0.6,0.19784248173236846,0.0
0.20743754760248584,0.4509769925101776,0.48574270560304894,7.38,91512.08727272724,1.6199999999999999,0.0,1.0,0.7882930997650348,9.31,8.522882461547852,1.185007,-0.34052506,-1.7984467,0.6,0.19784248173236846,0.0
0.22445969883270997,0.43054316933007114,0.48791742875933153,8.64,170478.16258064526,1.6199999999999999,0.0,1.0,-0.524002807702864,9.315,8.522882461547852,1.185007,-0.34052506,-1.7984467,0.6,0.19784248173236846,0.0
0.23795442993684623,0.4126495383404981,0.48796829144574844,10.08,34.71626983032141,1.6199999999999999,0.0,1.0,0.4068117313150239,9.32,0.0,0.62060845,-0.42403486,-2.2214086,0.4861825346946716,0.17278954088687895,0.0
0.25391123748777095,0.3848643854423965,0.4880529214409777,11.879999999999999,94371.83999999994,1.6199999999999999,0.0,1.0,-0.2035584582049026,9.325000000000001,0.0,0.62060845,-0.42403486,-2.2214086,0.4861825346946716,0.17278954088687895,0.0
0.27399964611449473,0.36625731458914185,0.48811365009256286,14.04,226492.41600000003,1.6199999999999999,0.0,1.0,0.3610339671010294,9.33,0.0,0.62060845,-0.42403486,-2.2214086,0.4861825346946716,0.17278954088687895,0.0
0.28800399648231234,0.3416869714863528,0.48661558385297843,16.38,280419.1817142857,1.6199999999999999,0.0,1.0,-0.46296578875087135,9.335,0.0,0.62060845,-0.42403486,-2.2214086,0.4861825346946716,0.17278954088687895,0.0
0.3032046358476833,0.329806613431088,0.4840502059356949,19.08,353894.3999999999,1.6199999999999999,0.0,1.0,0.17792291024505147,9.34,0.0,0.7095276,-1.069468,-1.5047774,0.5128582835197448,0.0,0.0
0.31975422767579564,0.3231699774093765,0.48025355962022664,21.96,345131.3005714289,1.6199999999999999,0.0,1.0,-0.34089175084688605,9.345,0.0,0.7095276,-1.069468,-1.5047774,0.5128582835197448,0.0,0.0
0.33313190103428736,0.31232387701298503,0.46662643439970025,25.2,411804.3927272725,1.6199999999999999,0.0,1.0,0.07110812707906433,9.35,0.0,0.7095276,-1.069468,-1.5047774,0.5128582835197448,0.0,0.0
0.34436001807834027,0.29831959436762917,0.44250332953976446,28.619999999999997,112948.97385826765,1.6199999999999999,0.0,1.0,-0.23407696768089892,9.355,0.0,0.7095276,-1.069468,-1.5047774,0.5128582835197448,0.0,0.0
0.358551859300794,0.2895934395548222,0.4130784618415146,32.22,83.13921273889562,1.7999999999999998,4.156960636944778,1.0,-0.24933622241889708,9.36,0.0,0.12311215,-0.7006253,-1.5560827,0.3369336448609829,0.0898124098777771,0.0
0.36993594948232966,0.27879728472339227,0.38324463502807476,35.82,232299.91384615394,1.7999999999999998,0.0,1.0,-0.08148442030091729,9.365,0.0,0.12311215,-0.7006253,-1.5560827,0.3369336448609829,0.0898124098777771,0.0
0.37981224258129825,0.2750456526426436,0.35347178860523476,39.6,428499.1654054055,1.7999999999999998,0.0,1.0,-0.2035584582049026,9.370000000000001,0.0,0.12311215,-0.7006253,-1.5560827,0.3369336448609829,0.0898124098777771,0.0
0.3902764536689057,0.2644902310197625,0.3250176869353923,43.559999999999995,474555.5382857135,1.7999999999999998,0.0,1.0,0.010071108127071682,9.375,0.0,0.12311215,-0.7006253,-1.5560827,0.3369336448609829,0.0898124098777771,0.0
0.40009472086980313,0.26521736788788725,0.29741102769364014,47.339999999999996,511434.48774193565,1.98,24354.02322580647,1.0,-0.035706656086922806,9.38,0.0,0.8886131,-1.0216966,-0.5437041,0.5665839314460754,0.0,0.1368887722492218
0.4076667196990655,0.25130842200035014,0.27178805440287185,51.12,480438.4581818183,1.98,0.0,1.0,0.025330362865069844,9.385,0.0,0.8886131,-1.0216966,-0.5437041,0.5665839314460754,0.0,0.1368887722492218
0.41616992625604793,0.25133721672339954,0.24678232537866376,54.9,466307.91529411776,2.16,22205.138823529433,1.0,-0.08148442030091729,9.39,0.0,0.8886131,-1.0216966,-0.5437041,0.5665839314460754,0.0,0.1368887722492218
0.4227922351918062,0.25285190336454383,0.22414452990557765,58.5,471859.2000000002,2.34,23592.959999999963,1.0,0.025330362865069844,9.395,0.0,0.8886131,-1.0216966,-0.5437041,0.5665839314460754,0.0,0.1368887722492218
0.42824032359893216,0.25197305633801514,0.20289773652464588,61.739999999999995,438372.41806451546,3.06,97416.09290322583,1.0,-0.1577806939909081,9.4,0.0,-0.4064852,-0.44698098,-0.7769849,0.17805444002151488,0.16590570509433747,0.06690453886985778
0.4333468425403886,0.2489695818934755,0.18360932118777543,64.62,64.8945188082219,4.32,28.39135197859699,1.0,-0.09674367503891546,9.405,0.0,-0.4064852,-0.44698098,-0.7769849,0.17805444002151488,0.16590570509433747,0.06690453886985778
0.4377592008591634,0.24158998708533352,0.16524749573319836,66.96,129140.41263157835,5.9399999999999995,89404.90105263154,1.0,0.05584887234106617,9.41,0.0,-0.4064852,-0.44698098,-0.7769849,0.17805444002151488,0.16590570509433747,0.06690453886985778
0.44163805820477114,0.2424880263157801,0.1485189813497222,68.75999999999999,204047.2216216213,8.459999999999999,285666.1102702702,1.0,-0.26459547715689524,9.415000000000001,0.0,-0.4064852,-0.44698098,-0.7769849,0.17805444002151488,0.16590570509433747,0.06690453886985778
0.4460425254820261,0.23350774475594868,0.13325877454540452,70.2,47934.90285714326,11.52,101861.66857142858,1.0,-0.020447401348924643,9.42,0.0,-0.7768724,0.38090113,0.6929855,0.06693828105926514,0.41427033841609956,0.5078956425189972
0.4497864954258536,0.20879040723533449,0.12005561676053282,71.1,121770.1161290311,15.299999999999999,511434.4877419354,1.0,0.07110812707906433,9.425,0.0,-0.7768724,0.38090113,0.6929855,0.06693828105926514,0.41427033841609956,0.5078956425189972
0.4521161609064617,0.19884622630614718,0.10737494011550512,71.82,86282.82514285701,19.439999999999998,496126.24457142845,1.0,-0.035706656086922806,9.43,0.0,-0.7768724,0.38090113,0.6929855,0.06693828105926514,0.41427033841609956,0.5078956425189972
0.4520115413961841,0.18349635865828706,0.09650411549168252,72.0,22205.138823530255,23.939999999999998,555128.4705882353,1.0,0.07110812707906433,9.435,0.0,-0.7768724,0.38090113,0.6929855,0.06693828105926514,0.41427033841609956,0.5078956425189972
0.4522606726998098,0.17605203260879326,0.0867171260426359,72.0,0.0,28.619999999999997,654311.424,1.0,0.1626636555070533,9.44,0.0,-0.71050537,0.47279626,0.20386598,0.08684839010238647,0.4418388783931732,0.36115979254245756
0.4524190740917938,0.1719571022973478,0.07976141205074823,71.82,-24354.023225807374,33.12,608850.5806451613,1.0,-0.14252143925290994,9.445,0.0,-0.71050537,0.47279626,0.20386598,0.08684839010238647,0.4418388783931732,0.36115979254245756
0.45246682084701684,0.17114759240633332,0.07895266226648458,71.64,-4.409641492903271,37.44,105.83139582968285,1.0,-0.020447401348924643,9.450000000000001,0.0,-0.71050537,0.47279626,0.20386598,0.08684839010238647,0.4418388783931732,0.36115979254245756
0.4530248565900368,0.169348703383642,0.07689947339915404,71.46,-2649.0341052632584,41.04,52980.68210526318,1.0,-0.2798547318948934,9.455,0.0,-0.71050537,0.47279626,0.20386598,0.08684839010238647,0.4418388783931732,0.36115979254245756
0.4525786752939167,0.16517569826708597,0.0766662203999553,71.46,0.0,43.739999999999995,240949.37872340388,1.0,-0.020447401348924643,9.46,0.0,0.15985599,0.2964771,-0.1266217,0.34795679748058317,0.3889431327581406,0.2620134919881821
0.4516321360286889,0.15153214308453303,0.07760517679892065,71.64,20404.722162162936,45.54,204047.2216216221,1.0,-0.09674367503891546,9.465,0.0,0.15985599,0.2964771,-0.1266217,0.34795679748058317,0.3889431327581406,0.2620134919881821
0.45070364101191207,0.14450638474608377,0.07893613945879212,72.0,43141.412571428504,46.26,86282.82514285701,1.0,-0.020447401348924643,9.47,0.0,0.15985599,0.2964771,-0.1266217,0.34795679748058317,0.3889431327581406,0.2620134919881821
0.44998096604853943,0.1374022628175483,0.07990723675976712,72.53999999999999,59603.26736842017,46.08,-19867.755789473653,1.0,-0.08148442030091729,9.475,0.0,0.15985599,0.2964771,-0.1266217,0.34795679748058317,0.3889431327581406,0.2620134919881821
0.44865277110985086,0.13595856220775632,0.08051696711278071,73.08,31900.34028169051,45.18,-53167.233802816816,1.0,0.10162663655506066,9.48,0.0,0.23121293,0.2873808,-1.2829174,0.3693638786673546,0.3862142443656921,0.0
0.44640403171441667,0.12741495232093775,0.08086482914068804,73.61999999999999,62914.55999999907,43.92,-146800.63999999978,1.0,-0.020447401348924643,9.485,0.0,0.23121293,0.2873808,-1.2829174,0.3693638786673546,0.3862142443656921,0.0
0.44554747245657017,0.13056402855027993,0.08157561555091669,73.98,8.221035885206852,42.66,-28.773625598223006,1.0,-0.005188146610926481,9.49,0.0,0.23121293,0.2873808,-1.2829174,0.3693638786673546,0.3862142443656921,0.0
0.4443244375336621,0.13428887814617335,0.08531562110116864,73.98,0.0,41.4,-47611.01837837831,1.0,-0.035706656086922806,9.495000000000001,0.0,0.23121293,0.2873808,-1.2829174,0.3693638786673546,0.3862142443656921,0.0
0.4388138767200701,0.13250085962479458,0.10058135090230166,73.8,-18414.017560976306,40.14,-128898.12292682906,1.0,0.04058961760306801,9.5,0.0,0.35405195,0.41333178,-1.7292337,0.40621558427810667,0.42399953305721283,0.0
0.4291770131416765,0.1417797276985723,0.11660686615590479,73.61999999999999,-22878.021818182686,38.699999999999996,-183024.17454545517,1.0,-0.2035584582049026,9.505,0.0,0.35405195,0.41333178,-1.7292337,0.40621558427810667,0.42399953305721283,0.0
0.41890055871867327,0.15123884892818557,0.13101004869792307,73.25999999999999,-48708.04645161283,37.26,-194832.1858064513,1.0,-0.020447401348924643,9.51,0.0,0.35405195,0.41333178,-1.7292337,0.40621558427810667,0.42399953305721283,0.0
0.4042801033693412,0.16267849152554098,0.15217237172534084,72.53999999999999,-18192.161927710815,35.46,-45480.404819277035,1.0,-0.11200292977691362,9.515,0.0,0.35405195,0.41333178,-1.7292337,0.40621558427810667,0.42399953305721283,0.0
0.38744406909094425,0.1915000591594243,0.17129765778931308,71.64,-111025.69411764601,33.839999999999996,-199846.24941176525,1.0,-0.09674367503891546,9.52,0.0,0.21080208,0.5996113,-1.4153612,0.36324062347412106,0.4798833847045898,0.0
0.3715348661040249,0.2118429086762962,0.18659555396327074,70.56,-141557.75999999978,32.4,-188743.6799999997,1.0,-0.12726218451491178,9.525,0.0,0.21080208,0.5996113,-1.4153612,0.36324062347412106,0.4798833847045898,0.0
0.3578304430723375,0.22562296314890495,0.20164398476683063,69.12,-215707.0628571425,30.779999999999998,-242670.44571428586,1.0,-0.24933622241889708,9.53,0.0,0.21080208,0.5996113,-1.4153612,0.36324062347412106,0.4798833847045898,0.0
0.3467825639476318,0.24398828623937238,0.2129097156854225,67.5,-39.50035740445779,29.16,-39.50035740445761,1.0,-0.08148442030091729,9.535,0.0,0.21080208,0.5996113,-1.4153612,0.36324062347412106,0.4798833847045898,0.0
0.3397372092467489,0.2570430022680473,0.21976831157812116,65.52,-110729.62560000022,27.9,-70464.30720000008,1.0,-0.05096591082492097,9.540000000000001,0.0,1.2885302,0.00048140436,-0.47694382,0.6,0.3001444213092327,0.15691685378551481
0.3361789379636644,0.2660217024409985,0.22662354264300855,63.18,-327155.7119999995,26.64,-176160.76799999972,1.0,-0.12726218451491178,9.545,0.0,1.2885302,0.00048140436,-0.47694382,0.6,0.3001444213092327,0.15691685378551481
0.33472489220643353,0.2729043755858754,0.23148227785353914,60.839999999999996,-426724.8417391311,25.38,-229774.91478260898,1.0,0.05584887234106617,9.55,0.0,1.2885302,0.00048140436,-0.47694382,0.6,0.3001444213092327,0.15691685378551481
0.3338637162020837,0.28031602349637946,0.23388228869512345,58.14,-492374.81739130354,24.3,-196949.92695652143,1.0,-0.08148442030091729,9.555,0.0,1.2885302,0.00048140436,-0.47694382,0.6,0.3001444213092327,0.15691685378551481
0.3343641926620923,0.28547813189013327,0.2340709309498714,55.44,-492374.8173913049,23.04,-229774.91478260898,1.0,0.0863673818170625,9.56,0.0,0.40655532,0.35888186,0.4346088,0.4219665974378586,0.4076645582914352,0.43038263618946077
0.3361681314340998,0.2964909595008485,0.23309847805083136,52.739999999999995,-514755.49090909143,21.779999999999998,-240219.2290909094,1.0,-0.14252143925290994,9.565,0.0,0.40655532,0.35888186,0.4346088,0.4219665974378586,0.4076645582914352,0.43038263618946077
0.33816025885382855,0.31312994507343433,0.23160262587081157,49.86,-145537.29542168652,20.34,-72768.64771084326,1.0,-0.05096591082492097,9.57,0.0,0.40655532,0.35888186,0.4346088,0.4219665974378586,0.4076645582914352,0.43038263618946077
0.34135673544200934,0.3172299341012766,0.22727416967115616,47.339999999999996,-57.288675649600606,18.54,-40.92048260685754,1.0,-0.23407696768089892,9.575000000000001,0.0,0.40655532,0.35888186,0.4346088,0.4219665974378586,0.4076645582914352,0.43038263618946077
0.3444567232840456,0.3300910074252692,0.2169029247817727,44.82,-207247.96235294084,16.56,-162837.6847058824,1.0,-0.005188146610926481,9.58,0.0,-0.42956427,0.5225927,0.52381843,0.17113071978092192,0.4567778170108795,0.45714552998542785
0.3470353078610162,0.3359350565013272,0.20249781073696593,42.48,-467365.3028571435,14.219999999999999,-467365.3028571428,1.0,-0.14252143925290994,9.585,0.0,-0.42956427,0.5225927,0.52381843,0.17113071978092192,0.4567778170108795,0.45714552998542785
0.35010429388376557,0.3303060138713288,0.18594804388351946,40.5,-79092.58971428558,11.52,-107853.5314285714,1.0,-0.09674367503891546,9.59,0.0,-0.42956427,0.5225927,0.52381843,0.17113071978092192,0.4567778170108795,0.45714552998542785
0.3533862983233613,0.3322096184287415,0.16907640597249923,38.879999999999995,-357619.6042105273,8.459999999999999,-675503.6968421054,1.0,-0.3256324961088879,9.595,0.0,-0.42956427,0.5225927,0.52381843,0.17113071978092192,0.4567778170108795,0.45714552998542785
0.3558015902205128,0.35060736406201537,0.1520772838614101,37.44,-355282.22117647005,4.68,-932615.8305882352,1.0,0.010071108127071682,9.6,0.0,-0.196776,0.30667156,1.0759473,0.24096719920635223,0.3920014679431915,0.6
0.3583659463585949,0.3543941803852645,0.13674359911147704,36.18,-330301.4399999995,1.44,-849346.5599999999,1.0,-0.23407696768089892,9.605,0.0,-0.196776,0.30667156,1.0759473,0.24096719920635223,0.3920014679431915,0.6
0.3620883824936201,0.36127500074272256,0.12150150369614325,33.66,-621743.8870588243,1.98,133230.8329411765,1.0,0.5288857692190092,9.61,0.0,-0.196776,0.30667156,1.0759473,0.24096719920635223,0.3920014679431915,0.6
0.3657319636898001,0.35577985221728814,0.10871078082335546,31.68,-553648.1279999991,3.2399999999999998,352321.53599999996,1.0,-0.005188146610926481,9.615,0.0,-0.196776,0.30667156,1.0759473,0.24096719920635223,0.3920014679431915,0.6
0.368165275207573,0.36285377558857734,0.10043317532599898,30.24,-34.68496930507144,3.2399999999999998,0.0,1.0,-0.4477065340128732,9.620000000000001,0.0,0.20713665,0.5859927,1.9229224,0.3621409937739372,0.4757978081703186,0.6
0.37260326805869615,0.35985543391873376,0.0969868357028269,29.34,-39735.511578947306,2.52,-31788.409263157882,1.0,0.010071108127071682,9.625,0.0,0.20713665,0.5859927,1.9229224,0.3621409937739372,0.4757978081703186,0.6
0.374965317852479,0.3663201653208567,0.0945195180357144,28.98,-34317.03272727267,1.6199999999999999,-85792.58181818183,1.0,0.10162663655506066,9.63,0.0,0.20713665,0.5859927,1.9229224,0.3621409937739372,0.4757978081703186,0.6
0.37668203202129946,0.36920501396131433,0.09383536148638126,28.619999999999997,-39735.5115789477,1.7999999999999998,19867.75578947368,1.0,-0.17303994872890627,9.635,0.0,0.20713665,0.5859927,1.9229224,0.3621409937739372,0.4757978081703186,0.6
0.37861855936408334,0.37965674715405245,0.09778949333501155,28.619999999999997,0.0,1.7999999999999998,0.0,1.0,0.17792291024505147,9.64,0.0,-0.3422203,1.151994,2.2740228,0.1973339080810547,0.6,0.6
0.38035503555976785,0.37649616735583946,0.10800563486326742,28.98,39735.5115789477,1.7999999999999998,0.0,1.0,-0.26459547715689524,9.645,0.0,-0.3422203,1.151994,2.2740228,0.1973339080810547,0.6,0.6
0.38208054014407394,0.3723895753731042,0.1179661497474767,29.52,68634.06545454534,1.6199999999999999,-22878.02181818181,1.0,-0.12726218451491178,9.65,0.0,-0.3422203,1.151994,2.2740228,0.1973339080810547,0.6,0.6
0.3811576565584391,0.36275407479487776,0.13282741343191887,30.419999999999998,21946.939534883688,1.7999999999999998,4389.387906976743,1.0,-0.12726218451491178,9.655,0.0,-0.3422203,1.151994,2.2740228,0.1973339080810547,0.6,0.6
0.3793892564220898,0.37190833258616696,0.15277884508390688,31.5,24.99336974873378,1.7999999999999998,0.0,1.0,-0.08148442030091729,9.66,0.0,-1.2528477,1.9168898,1.9151237,0.0,0.6,0.6
0.3780248702463663,0.3745509407768681,0.1700811625908459,32.76,28261.085775401025,1.7999999999999998,0.0,1.0,-0.06622516556291913,9.665000000000001,0.0,-1.2528477,1.9168898,1.9151237,0.0,0.6,0.6
0.37548944609932045,0.38104212264865506,0.18624757927046012,34.019999999999996,122902.86139534865,1.7999999999999998,0.0,1.0,0.07110812707906433,9.67,0.0,-1.2528477,1.9168898,1.9151237,0.0,0.6,0.6
0.37221830373887943,0.3737546532307776,0.20523803157579962,35.28,150994.9440000006,1.7999999999999998,0.0,1.0,-0.12726218451491178,9.675,0.0,-1.2528477,1.9168898,1.9151237,0.0,0.6,0.6
0.37057692663010716,0.38108163838305575,0.2219912023384688,36.72,188743.6799999997,1.98,23592.96000000002,1.0,0.010071108127071682,9.68,0.0,-1.6724695,1.770439,1.3628668,0.0,0.6,0.6
0.36798775533372724,0.38905854506032217,0.23704830513781427,37.8,116149.95692307674,1.98,0.0,1.0,-0.17303994872890627,9.685,0.0,-1.6724695,1.770439,1.3628668,0.0,0.6,0.6
0.3659040635689461,0.39249937466031576,0.25377594409970483,38.879999999999995,133230.83294117625,2.16,22205.138823529433,1.0,-0.08148442030091729,9.69,0.0,-1.6724695,1.770439,1.3628668,0.0,0.6,0.6
0.3646111884520868,0.3986708592894207,0.27002173508415245,39.78,114390.10909090981,2.52,45756.04363636362,1.0,-0.4934842982268677,9.695,0.0,-1.6724695,1.770439,1.3628668,0.0,0.6,0.6
0.3624927711369214,0.39743713557485305,0.28375910290051715,40.32,73062.06967741923,3.06,73062.06967741936,1.0,-0.12726218451491178,9.700000000000001,0.0,-1.6756256,0.55478454,1.767508,0.0,0.4664353609085083,0.6
0.3612328791954487,0.39499445668506084,0.298581266671177,40.68,8.533535884437347,3.5999999999999996,12.800303826656032,1.0,-0.14252143925290994,9.705,0.0,-1.6756256,0.55478454,1.767508,0.0,0.4664353609085083,0.6
0.3604203634825025,0.39998587771370947,0.313188324317679,40.86,4289.629090909084,4.32,17158.51636363638,1.0,-0.11200292977691362,9.71,0.0,-1.6756256,0.55478454,1.767508,0.0,0.4664353609085083,0.6
0.35999395947816387,0.4118447803653551,0.3255331112556685,40.86,0.0,5.04,81618.88864864862,1.0,-0.31037324137088973,9.715,0.0,-1.6756256,0.55478454,1.767508,0.0,0.4664353609085083,0.6
0.35922259531677586,0.416826163946549,0.33777768261168983,40.68,-22878.021818181784,5.76,91512.08727272724,1.0,-0.020447401348924643,9.72,0.0,-0.43326178,-0.89717126,1.9581292,0.17002146542072297,0.03084862232208252,0.6
0.35877538987585045,0.42738045111879186,0.3509802145747484,40.32,-27962.02666666662,5.9399999999999995,13981.01333333331,1.0,-0.2798547318948934,9.725,0.0,-0.43326178,-0.89717126,1.9581292,0.17002146542072297,0.03084862232208252,0.6
0.3588431694144903,0.4264402935281247,0.36160317282117177,40.32,0.0,5.58,-44410.277647058756,1.0,-0.06622516556291913,9.73,0.0,-0.43326178,-0.89717126,1.9581292,0.17002146542072297,0.03084862232208252,0.6
0.3561107095683309,0.4425521638599602,0.3721619947883776,40.14,-23592.959999999963,4.68,-117964.80000000005,1.0,-0.17303994872890627,9.735,0.0,-0.43326178,-0.89717126,1.9581292,0.17002146542072297,0.03084862232208252,0.6
0.3443925675699653,0.4446186844751324,0.3824711212905342,39.78,-50331.64799999992,3.2399999999999998,-201326.592,1.0,0.10162663655506066,9.74,0.0,1.3411008,-1.3360581,-0.38368282,0.6,0.0,0.18489515483379362
0.32502856792936635,0.4465037830954555,0.39068231224360606,39.6,-4.162552970949363,1.7999999999999998,-33.30042376759496,1.0,-0.020447401348924643,9.745000000000001,0.0,1.3411008,-1.3360581,-0.38368282,0.6,0.0,0.18489515483379362
0.30185712763705347,0.4393106998853152,0.3980669601491827,38.16,-67108.86400000022,1.98,8388.608000000007,1.0,0.2084414197210478,9.75,0.0,1.3411008,-1.3360581,-0.38368282,0.6,0.0,0.18489515483379362
0.27793925901006483,0.45216720374976016,0.4071124302509735,36.72,-143804.70857142835,2.34,35951.17714285713,1.0,0.010071108127071682,9.755,0.0,1.3411008,-1.3360581,-0.38368282,0.6,0.0,0.18489515483379362
0.25366117102520347,0.45214654099439466,0.41472212764887995,35.1,-194136.35657142827,2.34,0.0,1.0,0.010071108127071682,9.76,8.522882461547852,1.4491527,-0.4157347,-0.49410537,0.6,0.17527958750724792,0.15176838934421538
0.23004595467450353,0.4512130539465821,0.42130251975812766,33.3,-251658.2400000006,1.98,-50331.64799999998,1.0,-0.09674367503891546,9.765,8.522882461547852,1.4491527,-0.4157347,-0.49410537,0.6,0.17527958750724792,0.15176838934421538
0.20810601768132328,0.46018929820862037,0.42766041204368427,31.14,-74259.80852459004,1.7999999999999998,-6188.317377049186,1.0,0.0863673818170625,9.77,8.522882461547852,1.4491527,-0.4157347,-0.49410537,0.6,0.17527958750724792,0.15176838934421538
0.1878632954602674,0.46250778578865803,0.4331593812683611,28.98,-258848.47542857146,1.7999999999999998,0.0,1.0,-0.46296578875087135,9.775,8.522882461547852,1.4491527,-0.4157347,-0.49410537,0.6,0.17527958750724792,0.15176838934421538
0.16788759358560848,0.47092745667516417,0.437939870877425,26.459999999999997,-170478.16258064538,1.7999999999999998,0.0,1.0,0.22370067445904596,9.78,8.522882461547852,1.4829654,-0.5226438,-1.6631186,0.6,0.14320685863494872,0.0
0.14963711117231676,0.4596953069454946,0.44314092494128166,23.939999999999998,-330301.43999999994,1.7999999999999998,0.0,1.0,-0.005188146610926481,9.785,8.522882461547852,1.4829654,-0.5226438,-1.6631186,0.6,0.14320685863494872,0.0
0.13306482730707184,0.45295514342427134,0.44776229372575993,21.24,-65.5674936456747,1.6199999999999999,-4.371166243044979,1.0,0.025330362865069844,9.790000000000001,8.522882461547852,1.4829654,-0.5226438,-1.6631186,0.6,0.14320685863494872,0.0
0.12058320076921923,0.44653399539733485,0.4511896223056897,18.54,-153035.41621621617,1.7999999999999998,10202.361081081077,1.0,0.025330362865069844,9.795,8.522882461547852,1.4829654,-0.5226438,-1.6631186,0.6,0.14320685863494872,0.0
0.11377947682849701,0.4335717724679756,0.4553073088865907,15.66,-335544.3199999999,1.6199999999999999,-20971.519999999993,1.0,-0.05096591082492097,9.8,8.522882461547852,1.3456049,-0.57984257,-0.3202729,0.6,0.1260472297668457,0.20391813218593596
0.11200399580702139,0.4308685174279568,0.4594197882784058,12.78,-345131.30057142867,1.6199999999999999,0.0,1.0,-0.06622516556291913,9.805,8.522882461547852,1.3456049,-0.57984257,-0.3202729,0.6,0.1260472297668457,0.20391813218593596
0.11215991115070387,0.44425737398601245,0.4612733554492375,10.08,-365310.34838709666,1.6199999999999999,0.0,1.0,0.11688589129305882,9.81,8.522882461547852,1.3456049,-0.57984257,-0.3202729,0.6,0.1260472297668457,0.20391813218593596
0.11394948881754723,0.43830631546002896,0.45990164545126705,7.199999999999999,-355282.2211764707,1.6199999999999999,0.0,1.0,-0.08148442030091729,9.815,8.522882461547852,1.3456049,-0.57984257,-0.3202729,0.6,0.1260472297668457,0.20391813218593596
0.118282801207646,0.4274585901061869,0.4586596062462865,4.859999999999999,-297414.28363636363,4.32,343170.32727272727,1.0,-1.2259285256508345,9.82,0.0,1.1758395,-1.1840267,-1.5715511,0.6,0.0,0.0
0.12423141388833181,0.41664963994080473,0.459435083794985,3.42,-194832.18580645154,7.38,414018.3948387096,1.0,-2.4466689046906875,9.825000000000001,0.0,1.1758395,-1.1840267,-1.5715511,0.6,0.0,0.0
0.13056115167395987,0.40594030203965137,0.45837558243417176,3.2399999999999998,-7703.823673469395,7.56,7703.8236734693755,1.0,-1.088595233008796,9.83,0.0,1.1758395,-1.1840267,-1.5715511,0.6,0.0,0.0
0.14621793288147408,0.3851897361177502,0.4554465401655267,4.32,24.82734453615707,5.04,-57.93047058436646,1.0,-0.26459547715689524,9.835,0.0,1.1758395,-1.1840267,-1.5715511,0.6,0.0,0.0
0.16864768003608446,0.37444299608170845,0.4510819255918832,6.12,117964.79999999999,2.6999999999999997,-153354.24000000002,1.0,-0.31037324137088973,9.84,0.0,1.4820284,-1.7176814,-1.4985468,0.6,0.0,0.0
0.18442314202424864,0.3528571918585556,0.4426944345279161,8.1,212941.58769230763,1.44,-135508.28307692305,1.0,-1.2869655446028272,9.845,0.0,1.4820284,-1.7176814,-1.4985468,0.6,0.0,0.0
0.2024691137423156,0.34155563737626393,0.4258707577876126,9.9,251658.2400000001,2.16,100663.29600000003,1.0,2.3447370830408474,9.85,0.0,1.4820284,-1.7176814,-1.4985468,0.6,0.0,0.0
0.22369114071069143,0.3289053719594408,0.4104215648988544,12.24,338436.94344827585,1.7999999999999998,-52067.222068965566,1.0,-0.5850398266548567,9.855,0.0,1.4820284,-1.7176814,-1.4985468,0.6,0.0,0.0
0.2393908388913058,0.31501974400480104,0.3951352811495835,14.399999999999999,283115.5199999998,1.7999999999999998,0.0,1.0,0.803552354503033,9.86,0.0,1.3830476,-1.5454834,-1.4959143,0.6,0.0,0.0
0.2533665166388175,0.29380321016637234,0.3768475336248022,17.099999999999998,365310.34838709666,1.6199999999999999,-24354.023225806442,1.0,-0.6918546098208438,9.865,0.0,1.3830476,-1.5454834,-1.4959143,0.6,0.0,0.0
0.272077858093029,0.28997930575071207,0.3562827915788231,19.8,365310.3483870972,1.7999999999999998,24354.023225806442,1.0,0.4831080050050147,9.870000000000001,0.0,1.3830476,-1.5454834,-1.4959143,0.6,0.0,0.0
0.2873947064807743,0.27737627243084406,0.3359956772092306,22.68,65.01991850707543,1.7999999999999998,0.0,1.0,-0.09674367503891546,9.875,0.0,1.3830476,-1.5454834,-1.4959143,0.6,0.0,0.0
0.3001790117475179,0.26947478322195045,0.3171315158998924,25.74,180768.59492957738,1.7999999999999998,0.0,1.0,-0.43244727927487503,9.88,0.0,1.3879412,-1.6084718,-1.2337534,0.6,0.0,0.0
0.3147326854964271,0.2597034304236138,0.3024829458689253,28.799999999999997,118838.61333333328,1.7999999999999998,0.0,1.0,0.31525620288703493,9.885,0.0,1.3879412,-1.6084718,-1.2337534,0.6,0.0,0.0
0.3288744960275283,0.25074110069267025,0.2910036919082048,32.04,411804.392727273,1.7999999999999998,0.0,1.0,-0.6308175908688511,9.89,0.0,1.3879412,-1.6084718,-1.2337534,0.6,0.0,0.0
0.33977916794905316,0.24287274209908752,0.27846740980964924,35.46,434682.4145454548,1.7999999999999998,0.0,1.0,0.29999694814903677,9.895,0.0,1.3879412,-1.6084718,-1.2337534,0.6,0.0,0.0
0.35257623986963227,0.2321663389621158,0.2637809369811024,38.879999999999995,434682.41454545385,1.7999999999999998,0.0,1.0,-0.23407696768089892,9.9,0.0,1.419287,-1.9311799,-0.15235505,0.6,0.0,0.2542934864759445
0.3649237257373652,0.22188165971084847,0.24657489645059605,42.3,434682.4145454548,1.7999999999999998,0.0,1.0,0.14740440076905514,9.905,0.0,1.419287,-1.9311799,-0.15235505,0.6,0.0,0.2542934864759445
0.37462650033060063,0.20860907756334743,0.22853552903829213,45.9,457560.4363636365,1.7999999999999998,0.0,1.0,-0.23407696768089892,9.91,0.0,1.419287,-1.9311799,-0.15235505,0.6,0.0,0.2542934864759445
0.384803589841583,0.1928976287011797,0.2092308689016954,49.5,503316.4800000002,1.7999999999999998,0.0,1.0,0.23895992919704412,9.915000000000001,0.0,1.419287,-1.9311799,-0.15235505,0.6,0.0,0.2542934864759445
0.3952154627595443,0.17494014352330847,0.19050137814660884,52.919999999999995,83.63614975132776,1.98,4.401902618490946,1.0,-0.14252143925290994,9.92,0.0,1.0046357,-1.4201609,-0.64472806,0.6,0.0,0.1065815806388855
0.40307084521153025,0.15445088624449152,0.17241594586940964,56.519999999999996,222051.3882352942,1.98,0.0,1.0,0.025330362865069844,9.925,0.0,1.0046357,-1.4201609,-0.64472806,0.6,0.0,0.1065815806388855
0.41107935885634744,0.13739251034641897,0.15589145511077934,59.94,421897.63764705905,1.98,0.0,1.0,-0.035706656086922806,9.93,0.0,1.0046357,-1.4201609,-0.64472806,0.6,0.0,0.1065815806388855
0.4187501637401474,0.12867224147272716,0.1403484079065678,63.54,160632.91914893623,1.98,0.0,1.0,-0.21881771294290076,9.935,0.0,1.0046357,-1.4201609,-0.64472806,0.6,0.0,0.1065815806388855
0.42568233640408937,0.10338297114699388,0.1261116877951621,66.78,238413.06947368436,2.16,13245.170526315802,1.0,-0.005188146610926481,9.94,0.0,1.0798024,-1.6594679,0.2458325,0.6,0.0,0.37374975085258483
0.432243675183247,0.09197409049037213,0.11253574092748367,70.02,388272.71314285655,2.34,21570.706285714252,1.0,-0.12726218451491178,9.945,0.0,1.0798024,-1.6594679,0.2458325,0.6,0.0,0.37374975085258483
0.43921011936575505,0.07273631066283609,0.10058533813831175,73.08,401080.3200000003,2.88,70778.88,1.0,-0.035706656086922806,9.950000000000001,0.0,1.0798024,-1.6594679,0.2458325,0.6,0.0,0.37374975085258483
0.4454010254052204,0.05876851885486706,0.08903715340765703,75.78,353894.4000000004,3.5999999999999996,94371.83999999997,1.0,-0.4934842982268677,9.955,0.0,1.0798024,-1.6594679,0.2458325,0.6,0.0,0.37374975085258483
0.45068747905889817,0.055964965168168235,0.07998599008963068,78.3,57.00964978613914,4.68,24.43270705120253,1.0,0.0863673818170625,9.96,0.0,0.4948592,-1.1195608,-0.484661,0.4484577566385269,0.0,0.15460169613361358
0.4562334422918612,0.052432693396687616,0.07243226117577892,80.46,131299.95130434763,6.12,87533.30086956524,1.0,-0.26459547715689524,9.965,0.0,0.4948592,-1.1195608,-0.484661,0.4484577566385269,0.0,0.15460169613361358
0.46110531324809806,0.05126356703341427,0.06954271919066544,82.44,230686.72000000047,7.92,209715.19999999998,1.0,-0.09674367503891546,9.97,0.0,0.4948592,-1.1195608,-0.484661,0.4484577566385269,0.0,0.15460169613361358
0.4657104224539891,0.03133060958275019,0.058744862319168,83.88,183024.17454545427,10.44,320292.3054545454,1.0,-0.3714102603228824,9.975,0.0,0.4948592,-1.1195608,-0.484661,0.4484577566385269,0.0,0.15460169613361358
0.4701517437750347,0.026243580313060767,0.057547900117616936,84.78,111025.69411764776,13.5,377487.36000000004,1.0,0.07110812707906433,9.98,0.0,-0.37515536,-0.56204724,0.7921485,0.18745339214801787,0.13138582706451415,0.5376445412635803
0.4751117145315541,0.03383944589598539,0.06492268264601511,85.32,68634.06545454444,17.099999999999998,457560.4363636361,1.0,-0.12726218451491178,9.985,0.0,-0.37515536,-0.56204724,0.7921485,0.18745339214801787,0.13138582706451415,0.5376445412635803
0.47868580721311793,0.02360670738420104,0.07384583742760321,85.32,0.0,21.419999999999998,163237.77729729732,1.0,0.025330362865069844,9.99,0.0,-0.37515536,-0.56204724,0.7921485,0.18745339214801787,0.13138582706451415,0.5376445412635803
0.48216080001116507,0.013302232779531553,0.08485201746135457,85.14,-23592.95999999903,25.919999999999998,589824.0,1.0,-0.09674367503891546,9.995000000000001,0.0,-0.37515536,-0.56204724,0.7921485,0.18745339214801787,0.13138582706451415,0.5376445412635803
0.48589911970511473,0.020005483418238032,0.08870930204778209,84.78,-48708.04645161283,30.419999999999998,608850.5806451613,1.0,0.07110812707906433,10.0,0.0,0.015977506,-0.68034184,-0.23887193,0.3047932516783476,0.09589744806289673,0.22833842039108276
0.4895836162857709,0.01943891019893247,0.09820785858000147,84.24,-13.09704372766504,34.56,100.41066857876426,1.0,-0.08148442030091729,10.005,0.0,0.015977506,-0.68034184,-0.23887193,0.3047932516783476,0.09589744806289673,0.22833842039108276
0.49199755556404373,0.00927566469086911,0.1159171548636024,83.88,-16777.215999999975,38.16,167772.15999999974,1.0,0.010071108127071682,10.01,0.0,0.015977506,-0.68034184,-0.23887193,0.3047932516783476,0.09589744806289673,0.22833842039108276
0.4945088500467266,-0.0023943456251234166,0.11979472266450432,83.7,-18874.367999999224,40.68,264241.15200000035,1.0,-0.2798547318948934,10.015,0.0,0.015977506,-0.68034184,-0.23887193,0.3047932516783476,0.09589744806289673,0.22833842039108276
0.4958548276108184,-0.004350148604827591,0.12847174080493204,83.7,0.0,41.94,150994.94399999976,1.0,0.07110812707906433,10.02,0.0,-0.3071606,-0.61751246,-0.12690556,0.20785182416439055,0.11474626064300536,0.26192833185195924
0.49695923409978854,-7.454653016027434e-05,0.147845282943014,84.06,50331.64799999992,41.94,0.0,1.0,-0.21881771294290076,10.025,0.0,-0.3071606,-0.61751246,-0.12690556,0.20785182416439055,0.11474626064300536,0.26192833185195924
0.49860326021579093,-0.010637222279645137,0.16527695407219287,84.42,45756.04363636357,41.04,-114390.10909090891,1.0,-0.08148442030091729,10.03,0.0,-0.3071606,-0.61751246,-0.12690556,0.20785182416439055,0.11474626064300536,0.26192833185195924
0.4992668449324947,-0.02508092290324108,0.17431634919543412,84.96,66615.41647058725,39.6,-177641.11058823502,1.0,-0.31037324137088973,10.035,0.0,-0.3071606,-0.61751246,-0.12690556,0.20785182416439055,0.11474626064300536,0.26192833185195924
0.4984598890270599,-0.025883038788688976,0.17852041769097282,85.32,50331.64799999992,37.62,-276824.06400000054,1.0,0.04058961760306801,10.040000000000001,0.0,-0.15872988,-0.72242904,-0.8323934,0.2523810356855392,0.08327128887176513,0.05028197765350342
0.4980612637150896,-0.013860774255933283,0.1812233293130661,85.32,0.0,35.82,-40.81429791650893,1.0,-0.21881771294290076,10.045,0.0,-0.15872988,-0.72242904,-0.8323934,0.2523810356855392,0.08327128887176513,0.05028197765350342
0.49783279571183425,-0.018521128661799394,0.18346051894015972,85.32,0.0,34.019999999999996,-114390.10909090936,1.0,-0.09674367503891546,10.05,0.0,-0.15872988,-0.72242904,-0.8323934,0.2523810356855392,0.08327128887176513,0.05028197765350342
0.4964902519095211,-0.0028172220551560515,0.19401067627887877,84.96,-14803.425882352918,32.04,-81418.84235294105,1.0,-0.18829920346690443,10.055,0.0,-0.15872988,-0.72242904,-0.8323934,0.2523810356855392,0.08327128887176513,0.05028197765350342
0.4950466928717824,-0.00045043199671488115,0.21097722035640218,84.78,-18874.367999999224,29.7,-245366.78399999999,1.0,-0.11200292977691362,10.06,0.0,0.28587693,-0.70291376,-1.4275331,0.3857630789279938,0.0891258716583252,0.0
0.4949370047421897,0.0018152992446969168,0.22421421594105861,84.42,-45756.04363636357,27.18,-320292.3054545454,1.0,-0.12726218451491178,10.065,0.0,0.28587693,-0.70291376,-1.4275331,0.3857630789279938,0.0891258716583252,0.0
0.4935006446790177,0.008778617381608117,0.23681657029760822,84.06,-40809.44432432426,24.48,-306070.83243243233,1.0,-0.035706656086922806,10.07,0.0,0.28587693,-0.70291376,-1.4275331,0.3857630789279938,0.0891258716583252,0.0
0.4922331129866118,0.022185332480140835,0.24564743778403578,83.7,-43141.412571428504,21.599999999999998,-345131.3005714289,1.0,-0.12726218451491178,10.075000000000001,0.0,0.28587693,-0.70291376,-1.4275331,0.3857630789279938,0.0891258716583252,0.0
0.49248090968015223,0.02911413593429644,0.250119514797937,83.16,-70778.88000000082,18.72,-377487.35999999987,1.0,-0.11200292977691362,10.08,0.0,0.09795952,-0.7481196,-1.5205457,0.32938785552978517,0.0755641222000122,0.0
0.4897183929893766,0.03216082538807398,0.25154022209313764,82.61999999999999,-53926.76571428634,15.84,-287609.41714285704,1.0,-0.18829920346690443,10.085,0.0,0.09795952,-0.7481196,-1.5205457,0.32938785552978517,0.0755641222000122,0.0
0.47768196102129046,0.05062733612734743,0.25236071151971,81.72,-22.07063776047127,13.139999999999999,-66.21191328141447,1.0,-0.005188146610926481,10.09,0.0,0.09795952,-0.7481196,-1.5205457,0.32938785552978517,0.0755641222000122,0.0
0.4607162024220452,0.03301086965252362,0.2526023726450081,81.0,-53926.765714285626,10.62,-188743.67999999996,1.0,-0.34089175084688605,10.095,0.0,0.09795952,-0.7481196,-1.5205457,0.32938785552978517,0.0755641222000122,0.0
0.44515062466306327,0.058111787081356114,0.2525468320408822,79.92,-125829.1199999998,8.1,-293601.27999999997,1.0,0.22370067445904596,10.1,0.0,0.4421868,-0.8290688,-1.5878115,0.4326560407876968,0.05127936601638794,0.0
0.4261998672771812,0.07216441107145315,0.25297352331118517,78.66,-160146.15272727338,5.76,-297414.28363636363,1.0,-0.035706656086922806,10.105,0.0,0.4421868,-0.8290688,-1.5878115,0.4326560407876968,0.05127936601638794,0.0
0.40752197241881,0.07597515362979254,0.25307577474300286,77.39999999999999,-176160.7680000007,3.78,-276824.064,1.0,0.07110812707906433,10.11,0.0,0.4421868,-0.8290688,-1.5878115,0.4326560407876968,0.05127936601638794,0.0
0.3911984792155595,0.0643334151266053,0.2522211769954143,76.14,-160146.15272727158,1.7999999999999998,-251658.24,1.0,-0.11200292977691362,10.115,0.0,0.4421868,-0.8290688,-1.5878115,0.4326560407876968,0.05127936601638794,0.0
0.3757233629617519,0.06676707928141558,0.2512034165086641,73.61999999999999,-108965.42350515508,2.16,15566.489072164963,1.0,0.10162663655506066,10.120000000000001,0.0,0.14878958,-0.9592558,-1.3739914,0.34463687539100646,0.01222325563430786,0.0
0.3616541449965422,0.07699474231986093,0.25078857837480173,71.28,-316602.3019354824,3.06,121770.11612903225,1.0,-0.5087435529648658,10.125,0.0,0.14878958,-0.9592558,-1.3739914,0.34463687539100646,0.01222325563430786,0.0
0.3509247199237301,0.08218974235464219,0.2500151689617156,68.75999999999999,-57.20279301853629,4.14,24.51548272222973,1.0,-0.09674367503891546,10.13,0.0,0.14878958,-0.9592558,-1.3739914,0.34463687539100646,0.01222325563430786,0.0
0.34551330823123877,0.09039999364587487,0.2484509228173987,66.06,-166538.54117646988,5.22,66615.41647058824,1.0,-0.06622516556291913,10.135,0.0,0.14878958,-0.9592558,-1.3739914,0.34463687539100646,0.01222325563430786,0.0
0.3431293819153224,0.07789953134521518,0.24594792358699738,63.36,-306070.83243243274,6.3,122428.33297297297,1.0,-0.3256324961088879,10.14,0.0,0.74812067,-0.9245857,-0.21172178,0.5244361996650696,0.022624289989471434,0.2364834666252136
0.34191421183762516,0.0838040650913929,0.23717143976358224,60.66,-333077.0823529415,7.38,133230.8329411765,1.0,0.04058961760306801,10.145,0.0,0.74812067,-0.9245857,-0.21172178,0.5244361996650696,0.022624289989471434,0.2364834666252136
0.3420538478266881,0.08275957453607968,0.22388906342327178,57.96,-111025.69411764688,8.459999999999999,44410.27764705879,1.0,-0.06622516556291913,10.15,0.0,0.74812067,-0.9245857,-0.21172178,0.5244361996650696,0.022624289989471434,0.2364834666252136
0.3433446490571744,0.0885149087089334,0.2068835228291723,55.26,-343170.3272727276,9.54,137268.13090909092,1.0,-0.06622516556291913,10.155,0.0,0.74812067,-0.9245857,-0.21172178,0.5244361996650696,0.022624289989471434,0.2364834666252136
0.3449374261926319,0.0834583923120643,0.18950216927924451,52.559999999999995,-353894.4000000004,10.44,117964.80000000005,1.0,-0.2035584582049026,10.16,0.0,-0.08207004,-1.0303464,-1.1217076,0.2753789886832237,0.0,0.0
0.34738638810899475,0.07673575546689625,0.17133182911986605,49.86,-353894.39999999944,10.98,70778.88000000012,1.0,-0.005188146610926481,10.165000000000001,0.0,-0.08207004,-1.0303464,-1.1217076,0.2753789886832237,0.0,0.0
0.35036805487229766,0.0849480562267261,0.1543544391807801,47.519999999999996,-83175.18101694927,11.52,19194.27254237285,1.0,0.2084414197210478,10.17,0.0,-0.08207004,-1.0303464,-1.1217076,0.2753789886832237,0.0,0.0
0.3532036527386334,0.09007972241872848,0.1376166309772283,45.18,-57.05341843674784,11.7,4.38872449513445,1.0,-0.18829920346690443,10.175,0.0,-0.08207004,-1.0303464,-1.1217076,0.2753789886832237,0.0,0.0
0.3564986388129203,0.08869781863647397,0.1226798685750401,43.379999999999995,-121770.11612903254,11.34,-24354.023225806413,1.0,0.10162663655506066,10.18,0.0,0.4142029,-1.0355966,-1.3630028,0.42426086962223053,0.0,0.0
0.35955098784905415,0.08541039427843834,0.10928300498175858,41.76,-194136.35657142827,10.44,-107853.53142857147,1.0,-0.11200292977691362,10.185,0.0,0.4142029,-1.0355966,-1.3630028,0.42426086962223053,0.0,0.0
0.3616762476320295,0.0697381741377149,0.09775918253577906,40.32,-177641.11058823502,9.0,-177641.11058823523,1.0,-0.18829920346690443,10.19,0.0,0.4142029,-1.0355966,-1.3630028,0.42426086962223053,0.0,0.0
0.3644356266207056,0.06924168387191576,0.085226199879884,39.6,-97416.09290322565,7.02,-267894.25548387103,1.0,-0.31037324137088973,10.195,0.0,0.4142029,-1.0355966,-1.3630028,0.42426086962223053,0.0,0.0
0.3659566601666481,0.06717247904628092,0.07509131293193372,39.059999999999995,-70778.88000000082,4.5,-330301.43999999994,1.0,-0.05096591082492097,10.200000000000001,0.0,0.33400008,-1.2053542,-1.3108529,0.4002000242471695,0.0,0.0
0.3671537516951364,0.08257173707513177,0.07257754511706623,39.059999999999995,0.0,1.44,-128345.70240000001,1.0,-0.23407696768089892,10.205,0.0,0.33400008,-1.2053542,-1.3108529,0.4002000242471695,0.0,0.0
0.36846302484145205,0.07646834923643843,0.06805908287387467,37.8,-165150.71999999974,1.7999999999999998,47185.919999999984,1.0,-0.005188146610926481,10.21,0.0,0.33400008,-1.2053542,-1.3108529,0.4002000242471695,0.0,0.0
0.3708296668546482,0.093876572496098,0.07546198886062952,37.26,-12.381709225092232,2.88,24.763418450184503,1.0,-0.41718802453687687,10.215,0.0,0.33400008,-1.2053542,-1.3108529,0.4002000242471695,0.0,0.0
0.3720843263023001,0.09006284609109684,0.07475376906254445,36.9,-23592.959999999963,2.88,0.0,1.0,-0.24933622241889708,10.22,0.0,0.3783894,-1.2703221,-1.113558,0.41351681649684907,0.0,0.0
0.3728812885207001,0.07096844737655776,0.07306715367054172,36.9,0.0,2.52,-38716.6523076923,1.0,-0.17303994872890627,10.225,0.0,0.3783894,-1.2703221,-1.113558,0.41351681649684907,0.0,0.0
0.37310455176988316,0.08644197295410522,0.06919265577099754,37.44,21778.11692307689,1.7999999999999998,-29037.48923076924,1.0,0.04058961760306801,10.23,0.0,0.3783894,-1.2703221,-1.113558,0.41351681649684907,0.0,0.0
0.3729515915702769,0.08248133230131056,0.06566483951813687,37.62,25165.82399999996,1.7999999999999998,0.0,1.0,-0.21881771294290076,10.235,0.0,0.3783894,-1.2703221,-1.113558,0.41351681649684907,0.0,0.0
0.3731479083356001,0.08102614962934229,0.06331315548966478,38.16,75497.47199999988,1.98,25165.824000000022,1.0,-0.12726218451491178,10.24,0.0,0.49626067,-1.3359829,-0.8057572,0.44887820184230803,0.0,0.058272832632064814
0.3722255642633238,0.07772357152249981,0.06133720452467158,38.879999999999995,94371.83999999985,1.7999999999999998,-23592.96000000002,1.0,-0.1577806939909081,10.245000000000001,0.0,0.49626067,-1.3359829,-0.8057572,0.44887820184230803,0.0,0.058272832632064814
0.3716344183406813,0.0812554323593015,0.060238763048734205,39.6,94371.84000000078,1.7999999999999998,0.0,1.0,-0.08148442030091729,10.25,0.0,0.49626067,-1.3359829,-0.8057572,0.44887820184230803,0.0,0.058272832632064814
0.37118378927417217,0.06627936383122364,0.061586947527740264,40.5,71224.03018867913,1.7999999999999998,0.0,1.0,-0.2035584582049026,10.255,0.0,0.49626067,-1.3359829,-0.8057572,0.44887820184230803,0.0,0.058272832632064814
0.3698077238677925,0.06199722868575784,0.05916143979455517,41.4,20.262990756546074,1.7999999999999998,0.0,1.0,-0.21881771294290076,10.26,0.0,0.5643683,-1.3068032,-0.5324069,0.4693104922771454,0.0,0.1402779221534729
0.369298814153048,0.05358535517284229,0.06036143996067165,42.48,68634.06545454534,1.7999999999999998,0.0,1.0,-0.12726218451491178,10.265,0.0,0.5643683,-1.3068032,-0.5324069,0.4693104922771454,0.0,0.1402779221534729
0.3670685280940418,0.03976740245651949,0.05784344872589638,43.739999999999995,150994.94399999976,1.7999999999999998,0.0,1.0,-0.09674367503891546,10.27,0.0,0.5643683,-1.3068032,-0.5324069,0.4693104922771454,0.0,0.1402779221534729
0.3661511186199327,0.03638447240107794,0.05669171467867707,44.82,137268.1309090916,1.7999999999999998,0.0,1.0,-0.3256324961088879,10.275,0.0,0.5643683,-1.3068032,-0.5324069,0.4693104922771454,0.0,0.1402779221534729
0.3653443831558664,0.03437481672510524,0.04580064897031327,46.08,165150.71999999974,1.7999999999999998,0.0,1.0,-0.020447401348924643,10.28,0.0,0.84911084,-1.4093051,0.003526464,0.5547332525253296,0.0,0.30105793923139573
0.3636456598864616,0.02625391855513829,0.040797251660872454,47.339999999999996,160146.15272727248,1.7999999999999998,0.0,1.0,-0.08148442030091729,10.285,0.0,0.84911084,-1.4093051,0.003526464,0.5547332525253296,0.0,0.30105793923139573
0.3626873239698534,0.034415180792807414,0.040266171235953864,48.42,46222.94204081656,1.7999999999999998,0.0,1.0,-0.12726218451491178,10.290000000000001,0.0,0.84911084,-1.4093051,0.003526464,0.5547332525253296,0.0,0.30105793923139573
0.36110063783024765,0.022471518964952603,0.039555823014140186,49.68,150994.94399999976,1.7999999999999998,0.0,1.0,0.025330362865069844,10.295,0.0,0.84911084,-1.4093051,0.003526464,0.5547332525253296,0.0,0.30105793923139573
0.36033200680032623,-0.0010132405797339404,0.039991408098555906,50.94,165150.71999999974,1.98,23592.96000000002,1.0,-0.005188146610926481,10.3,0.0,0.7158556,-1.1778742,0.0028695464,0.5147566795349121,0.0,0.3008608639240265
0.35993030849245444,-0.002776506540831322,0.024937888716008955,52.019999999999996,26.273241112909076,1.98,0.0,1.0,-0.26459547715689524,10.305,0.0,0.7158556,-1.1778742,0.0028695464,0.5147566795349121,0.0,0.3008608639240265
0.36290496075883155,0.0014224793965627379,0.023889605021536565,53.1,66615.41647058856,1.98,0.0,1.0,-0.14252143925290994,10.31,0.0,0.7158556,-1.1778742,0.0028695464,0.5147566795349121,0.0,0.3008608639240265
0.36983941431547085,-0.006621329471852778,0.016895876360484622,54.18,125829.1199999998,1.98,0.0,1.0,-0.38666951506088054,10.315,0.0,0.7158556,-1.1778742,0.0028695464,0.5147566795349121,0.0,0.3008608639240265
0.37661275471357825,0.0004838258279716356,0.01863116157823135,55.26,133230.83294117625,1.98,0.0,1.0,0.14740440076905514,10.32,0.0,0.97517645,-1.2538135,0.27568513,0.5925529360771179,0.0,0.38270553946495056
0.3818106652042728,-0.013577931209470458,0.02910814650132781,56.339999999999996,146124.13935483847,2.16,24354.02322580647,1.0,-0.18829920346690443,10.325000000000001,0.0,0.97517645,-1.2538135,0.27568513,0.5925529360771179,0.0,0.38270553946495056
0.3911744730678508,-0.006071752369770642,0.0370142896338742,57.419999999999995,141557.75999999978,1.98,-23592.96000000002,1.0,-0.005188146610926481,10.33,0.0,0.97517645,-1.2538135,0.27568513,0.5925529360771179,0.0,0.38270553946495056
0.398923293989634,-0.0012629441012302306,0.032911226002303985,58.32,121770.11612903302,1.98,0.0,1.0,-0.23407696768089892,10.335,0.0,0.97517645,-1.2538135,0.27568513,0.5925529360771179,0.0,0.38270553946495056
0.40482519076646495,0.007244729458261562,0.024622133200357207,59.4,150994.94399999976,1.7999999999999998,-25165.824000000022,1.0,0.05584887234106617,10.34,0.0,0.8960111,-1.0728312,0.1926218,0.568803334236145,0.0,0.35778653919696807
0.411467468251322,0.0042029046674490885,0.030111462448341453,60.48,24.93558542788251,1.7999999999999998,0.0,1.0,0.010071108127071682,10.345,0.0,0.8960111,-1.0728312,0.1926218,0.568803334236145,0.0,0.35778653919696807
0.4177488909028446,-0.005154097287104524,0.026199938143515067,61.379999999999995,57195.054545454455,1.98,11439.010909090919,1.0,0.04058961760306801,10.35,0.0,0.8960111,-1.0728312,0.1926218,0.568803334236145,0.0,0.35778653919696807
0.42271297657768486,-0.008569339922352143,0.041321158006851225,62.46,116149.95692307751,1.98,0.0,1.0,-0.43244727927487503,10.355,0.0,0.8960111,-1.0728312,0.1926218,0.568803334236145,0.0,0.35778653919696807
0.4294200069053656,-0.016633413998659537,0.06195842325481595,63.36,40590.038709677356,1.98,0.0,1.0,-0.005188146610926481,10.36,0.0,1.0923977,-1.1971905,0.3795664,0.6,0.0,0.41386992037296294
0.4377545531549321,-0.02119939438761518,0.08207017434422664,64.25999999999999,125829.1199999988,1.7999999999999998,-25165.824000000022,1.0,-0.18829920346690443,10.365,0.0,1.0923977,-1.1971905,0.3795664,0.6,0.0,0.41386992037296294
0.4430475593338268,-0.010147487391363019,0.09804791085184282,65.34,137268.1309090925,1.98,22878.021818181838,1.0,-0.005188146610926481,10.370000000000001,0.0,1.0923977,-1.1971905,0.3795664,0.6,0.0,0.41386992037296294
0.44752344084116846,-0.02504169357129522,0.12009552754506272,66.24,114390.10909090801,1.98,0.0,1.0,0.025330362865069844,10.375,0.0,1.0923977,-1.1971905,0.3795664,0.6,0.0,0.41386992037296294
0.45287226061440694,-0.010105533765458061,0.13609778222006214,67.14,121770.11612903302,1.98,0.0,1.0,-0.11200292977691362,10.38,0.0,1.0199711,-1.0242624,0.20205188,0.6,0.0,0.36061556339263917
0.4559730975378882,-0.013934162569625798,0.14979615781296793,68.03999999999999,121770.1161290311,1.98,0.0,1.0,0.11688589129305882,10.385,0.0,1.0199711,-1.0242624,0.20205188,0.6,0.0,0.36061556339263917
0.459405559599072,-0.01003744187589885,0.16618659776447145,68.94,21.311437426960147,1.98,0.0,1.0,-0.29511398663289157,10.39,0.0,1.0199711,-1.0242624,0.20205188,0.6,0.0,0.36061556339263917
0.4621858640761079,-0.021110940829171573,0.18202817264752832,69.84,58074.97846153883,1.98,0.0,1.0,-0.26459547715689524,10.395,0.0,1.0199711,-1.0242624,0.20205188,0.6,0.0,0.36061556339263917
0.46540155928187776,-0.004821194893804054,0.19354174564191903,70.56,86282.82514285701,1.98,0.0,1.0,0.19318216498304963,10.4,0.0,1.0776883,-1.1043733,0.28483847,0.6,0.0,0.385451540350914
0.4665854502298425,-0.026701193142671754,0.2084258624451643,71.28,28489.612075471654,1.98,0.0,1.0,-0.18829920346690443,10.405,0.0,1.0776883,-1.1043733,0.28483847,0.6,0.0,0.385451540350914
0.46966880743740047,-0.004522488167497551,0.22162866286849683,72.0,88820.55529411751,2.16,22205.138823529433,1.0,-0.020447401348924643,10.41,0.0,1.0776883,-1.1043733,0.28483847,0.6,0.0,0.385451540350914
0.47005530609687446,-0.0035926593210847844,0.23318399573959303,72.72,48708.04645161283,2.34,12177.011612903207,1.0,-0.2035584582049026,10.415000000000001,0.0,1.0776883,-1.1043733,0.28483847,0.6,0.0,0.385451540350914
0.4713510663888148,-0.021686205472944114,0.2444846541718763,73.25999999999999,73062.06967741827,2.52,24354.02322580647,1.0,0.025330362865069844,10.42,0.0,1.0540934,-1.0176103,0.075367495,0.6,0.0,0.3226102486252785
0.4732066025753352,-0.009861166735443419,0.25457980431111843,73.61999999999999,47185.919999999925,2.88,47185.919999999984,1.0,-0.11200292977691362,10.425,0.0,1.0540934,-1.0176103,0.075367495,0.6,0.0,0.3226102486252785
0.47305305330825437,-0.004417014785139542,0.2629020745505624,73.98,8.342630834512338,3.06,4.171315417256015,1.0,-0.05096591082492097,10.43,0.0,1.0540934,-1.0176103,0.075367495,0.6,0.0,0.3226102486252785
0.4740514888936529,-0.0063359151641178444,0.2715593519951968,74.34,22536.558805970115,3.2399999999999998,11268.279402985057,1.0,-0.3256324961088879,10.435,0.0,1.0540934,-1.0176103,0.075367495,0.6,0.0,0.3226102486252785
0.4737595829095777,-0.021223498210533,0.28266254577832106,74.52,20404.722162161324,3.42,20404.72216216218,1.0,0.2542191839350423,10.44,0.0,1.1000874,-1.0789312,-0.074476354,0.6,0.0,0.2776570938527584
0.47485743309460626,-0.008761523613371635,0.29051250832905506,74.88,44410.277647058756,3.5999999999999996,22205.138823529378,1.0,-0.12726218451491178,10.445,0.0,1.1000874,-1.0789312,-0.074476354,0.6,0.0,0.2776570938527584
0.47437801396967894,-0.002548702479167851,0.299055102987558,74.88,0.0,3.5999999999999996,0.0,1.0,0.2542191839350423,10.450000000000001,0.0,1.1000874,-1.0789312,-0.074476354,0.6,0.0,0.2776570938527584
0.47554343780807734,-0.001996853730073306,0.3058976725227899,75.06,23592.960000000894,3.42,-23592.959999999963,1.0,-0.23407696768089892,10.455,0.0,1.1000874,-1.0789312,-0.074476354,0.6,0.0,0.2776570938527584
0.4756294886569674,-0.005492889592769539,0.31120950436428213,75.06,0.0,3.2399999999999998,-22878.021818181838,1.0,0.07110812707906433,10.46,0.0,1.053709,-1.0852051,-0.23264992,0.6,0.0,0.2302050232887268
0.4767534178306938,0.0019574285640914604,0.3156343627370242,75.06,0.0,2.88,-48708.046451612885,1.0,-0.21881771294290076,10.465,0.0,1.053709,-1.0852051,-0.23264992,0.6,0.0,0.2302050232887268
0.47802301346302783,-0.00736295412828708,0.32102392394221835,75.06,0.0,2.34,-12582.912,1.0,0.0863673818170625,10.47,0.0,1.053709,-1.0852051,-0.23264992,0.6,0.0,0.2302050232887268
0.47932286636569227,-0.005306822944227902,0.32509419014189295,75.06,0.0,1.6199999999999999,-17.53736326786606,1.0,-0.21881771294290076,10.475,0.0,1.053709,-1.0852051,-0.23264992,0.6,0.0,0.2302050232887268
0.48114584727494797,0.004204676603869595,0.32870883429348907,74.88,-10202.361081081468,1.7999999999999998,10202.361081081077,1.0,-0.06622516556291913,10.48,0.0,1.0245123,-1.1215559,-0.44436726,0.6,0.0,0.16668982207775115
0.48227809855181747,-0.013698692170251664,0.33402809689342383,74.7,-20404.722162161324,1.7999999999999998,0.0,1.0,-0.14252143925290994,10.485,0.0,1.0245123,-1.1215559,-0.44436726,0.6,0.0,0.16668982207775115
0.4836840896712864,-0.012777514380775318,0.33869931058302455,74.34,-44410.277647058756,1.7999999999999998,0.0,1.0,0.05584887234106617,10.49,0.0,1.0245123,-1.1215559,-0.44436726,0.6,0.0,0.16668982207775115
0.4853308536365949,-0.01670198145055973,0.3410015469489876,74.16,-26033.611034483743,1.7999999999999998,0.0,1.0,-0.29511398663289157,10.495000000000001,0.0,1.0245123,-1.1215559,-0.44436726,0.6,0.0,0.16668982207775115
0.4868882071912236,-0.009605105414814297,0.34171788176535106,73.8,-47185.919999999925,1.7999999999999998,0.0,1.0,-0.17303994872890627,10.5,0.0,0.92915606,-1.1906614,-0.57601184,0.5787468194961548,0.0,0.12719644904136657
0.489291912563073,-0.002447244911793346,0.3417316575360175,73.61999999999999,-22205.138823530255,1.7999999999999998,0.0,1.0,-0.2798547318948934,10.505,0.0,0.92915606,-1.1906614,-0.57601184,0.5787468194961548,0.0,0.12719644904136657
0.49088416237835236,-0.013032640178315522,0.3412874428285714,73.44,-26033.61103448169,1.7999999999999998,0.0,1.0,-0.08148442030091729,10.51,0.0,0.92915606,-1.1906614,-0.57601184,0.5787468194961548,0.0,0.12719644904136657
0.4922082859543202,-0.02000132067572997,0.3405336760389974,73.44,0.0,1.7999999999999998,0.0,1.0,-0.38666951506088054,10.515,0.0,0.92915606,-1.1906614,-0.57601184,0.5787468194961548,0.0,0.12719644904136657
0.4946311105540435,0.0013911462047879067,0.34022467776561643,73.44,0.0,1.7999999999999998,0.0,1.0,-0.005188146610926481,10.52,0.0,0.8114065,-1.2166848,-0.71407354,0.5434219479560852,0.0,0.08577793836593628
0.49746609330250346,1.456173117513252e-05,0.33929253324174086,73.44,0.0,1.7999999999999998,0.0,1.0,0.07110812707906433,10.525,0.0,0.8114065,-1.2166848,-0.71407354,0.5434219479560852,0.0,0.08577793836593628
0.5000637603771562,0.0010536334240387048,0.3372316555804911,73.44,0.0,1.7999999999999998,0.0,1.0,0.04058961760306801,10.53,0.0,0.8114065,-1.2166848,-0.71407354,0.5434219479560852,0.0,0.08577793836593628
0.5026760489403962,-0.016079888325499097,0.3366232067351949,73.44,0.0,1.7999999999999998,0.0,1.0,-0.26459547715689524,10.535,0.0,0.8114065,-1.2166848,-0.71407354,0.5434219479560852,0.0,0.08577793836593628
0.5050358343793615,-0.017356063017753644,0.3364462634780649,73.61999999999999,22878.021818180878,1.7999999999999998,0.0,1.0,0.07110812707906433,10.540000000000001,0.0,0.6789416,-1.2227849,-0.82630825,0.5036824822425842,0.0,0.05210752487182617
0.5068219587150101,-0.017148570740986253,0.334887674751675,73.8,22205.138823530255,1.7999999999999998,0.0,1.0,-0.14252143925290994,10.545,0.0,0.6789416,-1.2227849,-0.82630825,0.5036824822425842,0.0,0.05210752487182617
0.5088993072672534,-0.014935109571941312,0.3344484573150398,73.98,24354.023225807374,1.7999999999999998,0.0,1.0,-0.08148442030091729,10.55,0.0,0.6789416,-1.2227849,-0.82630825,0.5036824822425842,0.0,0.05210752487182617
0.5119380545362101,-0.011444877221996568,0.3342528150142259,73.98,0.0,1.7999999999999998,0.0,1.0,-0.29511398663289157,10.555,0.0,0.6789416,-1.2227849,-0.82630825,0.5036824822425842,0.0,0.05210752487182617
0.5149620355948691,-0.0092095296103889,0.3321519688321136,74.16,4.405036029149882,1.7999999999999998,0.0,1.0,0.010071108127071682,10.56,0.0,0.53651655,-1.1969602,-0.9424696,0.4609549641609192,0.0,0.01725912094116211
0.5174701377116867,-0.008739179406736622,0.3292707521302418,74.34,13481.69142857194,1.7999999999999998,0.0,1.0,-0.21881771294290076,10.565,0.0,0.53651655,-1.1969602,-0.9424696,0.4609549641609192,0.0,0.01725912094116211
0.5198398321932582,-0.008438425255135149,0.3268873223487239,74.52,7947.102315789148,1.7999999999999998,0.0,1.0,-0.005188146610926481,10.57,0.0,0.53651655,-1.1969602,-0.9424696,0.4609549641609192,0.0,0.01725912094116211
0.5215626108140524,-0.004212683120792934,0.3228048881711222,74.7,23592.960000000894,1.7999999999999998,0.0,1.0,-0.2035584582049026,10.575000000000001,0.0,0.53651655,-1.1969602,-0.9424696,0.4609549641609192,0.0,0.01725912094116211
0.5229689214317631,-0.0112478119277705,0.3142223889163642,74.88,14244.806037735265,1.7999999999999998,0.0,1.0,-0.06622516556291913,10.58,0.0,0.2481682,-1.2154701,-1.0083109,0.3744504600763321,0.0,0.0
0.5246480794776756,-0.019842374858368705,0.3041728017260023,75.24,47185.919999999925,1.7999999999999998,0.0,1.0,-0.24933622241889708,10.585,0.0,0.2481682,-1.2154701,-1.0083109,0.3744504600763321,0.0,0.0
0.5264344265211485,-0.02026353604291455,0.29543886055626467,75.42,23592.960000000894,1.7999999999999998,0.0,1.0,-0.020447401348924643,10.59,0.0,0.2481682,-1.2154701,-1.0083109,0.3744504600763321,0.0,0.0
0.528143221622708,-0.018668344183038765,0.2839405700396829,75.6,24354.023225805453,1.7999999999999998,0.0,1.0,-0.34089175084688605,10.595,0.0,0.2481682,-1.2154701,-1.0083109,0.3744504600763321,0.0,0.0
0.5290182672078517,-0.0238765786379439,0.27310369571617577,75.78,4.065780171253318,1.7999999999999998,0.0,1.0,0.025330362865069844,10.6,0.0,-0.064368784,-1.1888628,-1.2042154,0.28068936467170713,0.0,0.0
0.5295623556080505,-0.030872191491531115,0.2639269785013773,75.96,10485.75999999957,1.7999999999999998,0.0,1.0,-0.17303994872890627,10.605,0.0,-0.064368784,-1.1888628,-1.2042154,0.28068936467170713,0.0,0.0
0.5300138644770455,-0.03370620332450601,0.2537726898674418,76.14,20971.520000000794,1.7999999999999998,0.0,1.0,0.07110812707906433,10.61,0.0,-0.064368784,-1.1888628,-1.2042154,0.28068936467170713,0.0,0.0
0.530362537932191,-0.02493436339999501,0.24247432870602034,76.32,22878.021818180878,1.7999999999999998,0.0,1.0,-0.020447401348924643,10.615,0.0,-0.064368784,-1.1888628,-1.2042154,0.28068936467170713,0.0,0.0
0.5300061904873082,-0.026813007381243793,0.2340954037000661,76.32,0.0,1.7999999999999998,0.0,1.0,0.025330362865069844,10.620000000000001,0.0,-0.011587299,-1.0729566,-1.2608365,0.29652381017804147,0.0,0.0
0.528935068806269,-0.02015335603431561,0.22556861151155827,76.5,22878.021818182686,1.7999999999999998,0.0,1.0,-0.17303994872890627,10.625,0.0,-0.011587299,-1.0729566,-1.2608365,0.29652381017804147,0.0,0.0
0.5285337896296595,-0.011380610263145963,0.21586800890790464,76.67999999999999,22878.021818180878,1.98,22878.021818181838,1.0,0.11688589129305882,10.63,0.0,-0.011587299,-1.0729566,-1.2608365,0.29652381017804147,0.0,0.0
0.5278610202400168,-0.008063563401417792,0.20866006060383302,76.67999999999999,0.0,1.98,0.0,1.0,-0.38666951506088054,10.635,0.0,-0.011587299,-1.0729566,-1.2608365,0.29652381017804147,0.0,0.0
0.5268094863406884,-0.010336687553574616,0.2018592951562934,76.67999999999999,0.0,1.98,0.0,1.0,0.1626636555070533,10.64,0.0,-0.12975013,-0.9723346,-0.82402253,0.261074960231781,0.008299612998962402,0.052793240547180174
0.5250702969457388,-0.006626094205396617,0.19373921492400417,76.67999999999999,0.0,1.98,0.0,1.0,-0.21881771294290076,10.645,0.0,-0.12975013,-0.9723346,-0.82402253,0.261074960231781,0.008299612998962402,0.052793240547180174
0.5249296034039801,-0.004813769797381036,0.1867737864648553,76.67999999999999,0.0,2.16,11796.48000000001,1.0,-0.12726218451491178,10.65,0.0,-0.12975013,-0.9723346,-0.82402253,0.261074960231781,0.008299612998962402,0.052793240547180174
0.5244000570290162,-0.012278438843668575,0.18110330044585551,76.67999999999999,0.0,2.16,0.0,1.0,-0.14252143925290994,10.655,0.0,-0.12975013,-0.9723346,-0.82402253,0.261074960231781,0.008299612998962402,0.052793240547180174
0.5230636706193064,-0.015798982065038825,0.17260142400198103,76.67999999999999,0.0,2.16,0.0,1.0,0.010071108127071682,10.66,0.0,-0.3275606,-0.76701057,-0.6960622,0.20173181891441344,0.06989682912826538,0.09118133783340454
0.5221964890906247,-0.018200842402784384,0.16196413157086553,76.67999999999999,0.0,2.16,0.0,1.0,-0.06622516556291913,10.665000000000001,0.0,-0.3275606,-0.76701057,-0.6960622,0.20173181891441344,0.06989682912826538,0.09118133783340454
0.5227853670398454,-0.006323548201195661,0.1487365461769556,76.67999999999999,0.0,2.16,0.0,1.0,0.10162663655506066,10.67,0.0,-0.3275606,-0.76701057,-0.6960622,0.20173181891441344,0.06989682912826538,0.09118133783340454
0.521452675018723,-0.015940679116824168,0.13563476858615628,76.67999999999999,0.0,2.16,0.0,1.0,-0.1577806939909081,10.675,0.0,-0.3275606,-0.76701057,-0.6960622,0.20173181891441344,0.06989682912826538,0.09118133783340454
0.5162888148558873,-0.021716961137130647,0.12311817282697324,76.67999999999999,0.0,1.98,-7401.712941176477,1.0,0.17792291024505147,10.68,0.0,-0.33525667,-0.054243386,-0.7956924,0.19942300021648407,0.2837269842624664,0.06129228472709655
0.5089240319470233,-0.00993871971888017,0.11085813140279749,76.67999999999999,0.0,1.7999999999999998,-24354.02322580647,1.0,-0.08148442030091729,10.685,0.0,-0.33525667,-0.054243386,-0.7956924,0.19942300021648407,0.2837269842624664,0.06129228472709655
0.5006397471717472,-0.004505260293010252,0.09764148313548526,76.5,-4.257120173222488,1.98,4.257120173222667,1.0,0.19318216498304963,10.69,0.0,-0.33525667,-0.054243386,-0.7956924,0.19942300021648407,0.2837269842624664,0.06129228472709655
0.484832835644461,0.00014591485440228145,0.08700206303645237,76.5,0.0,1.98,0.0,1.0,0.05584887234106617,10.695,0.0,-0.33525667,-0.054243386,-0.7956924,0.19942300021648407,0.2837269842624664,0.06129228472709655
0.4670053603066845,0.0023099850027245394,0.07574249676649893,76.14,-30198.988799999952,2.16,15099.494400000014,1.0,-0.06622516556291913,10.700000000000001,0.0,-0.50769126,0.56714845,0.15281056,0.14769262075424194,0.4701445341110229,0.34584316760301587
0.45224822624787014,0.009488123740080874,0.06696157894116336,75.78,-35951.17714285709,2.52,35951.17714285713,1.0,-0.1577806939909081,10.705,0.0,-0.50769126,0.56714845,0.15281056,0.14769262075424194,0.4701445341110229,0.34584316760301587
0.4349028032631054,-0.01875612173678967,0.057117605821571084,75.42,-39735.511578947306,2.88,39735.51157894736,1.0,0.05584887234106617,10.71,0.0,-0.50769126,0.56714845,0.15281056,0.14769262075424194,0.4701445341110229,0.34584316760301587
0.41911912363487047,-0.004905412419879816,0.046496917818011275,74.88,-53926.76571428634,3.42,53926.76571428572,1.0,-0.18829920346690443,10.715,0.0,-0.50769126,0.56714845,0.15281056,0.14769262075424194,0.4701445341110229,0.34584316760301587
0.40612649599120076,0.0015736415986330715,0.04627620586969351,74.34,-68634.06545454444,3.96,68634.06545454546,1.0,-0.12726218451491178,10.72,0.0,-0.43866774,0.6132636,0.065537915,0.16839967668056488,0.4839790821075439,0.31966137439012526
0.3915709096964293,-0.0037965179285008904,0.04751951501988323,73.61999999999999,-94371.84000000171,4.5,70778.88,1.0,-0.21881771294290076,10.725,0.0,-0.43866774,0.6132636,0.065537915,0.16839967668056488,0.4839790821075439,0.31966137439012526
0.3773573278692753,-0.003218874034691383,0.04217712019599552,72.89999999999999,-16.731854084482045,5.22,16.731854084482066,1.0,0.0863673818170625,10.73,0.0,-0.43866774,0.6132636,0.065537915,0.16839967668056488,0.4839790821075439,0.31966137439012526
0.3659514703621975,-0.014930424757719139,0.03815378773383114,72.0,-52428.7999999995,6.12,52428.80000000002,1.0,-0.17303994872890627,10.735,0.0,-0.43866774,0.6132636,0.065537915,0.16839967668056488,0.4839790821075439,0.31966137439012526
0.3547024877595654,-0.005235236591787028,0.03316838341037117,71.1,-99338.77894736905,7.02,99338.77894736837,1.0,0.07110812707906433,10.74,0.0,0.18356845,-0.047394335,0.54709715,0.35507053434848784,0.2857816994190216,0.46412914395332333
0.34256123954071094,-0.006889992737710108,0.04245953461586097,70.02,-137268.1309090907,7.92,114390.10909090913,1.0,-0.17303994872890627,10.745000000000001,0.0,0.18356845,-0.047394335,0.54709715,0.35507053434848784,0.2857816994190216,0.46412914395332333
0.33226380818459533,-0.009572181870591171,0.04312212614266921,68.94,-146124.13935483847,8.82,121770.1161290323,1.0,0.0863673818170625,10.75,0.0,0.18356845,-0.047394335,0.54709715,0.35507053434848784,0.2857816994190216,0.46412914395332333
0.3231592690317179,-0.0004096636861324715,0.03170291730532312,67.67999999999999,-48484.61504587175,9.9,41558.24146788991,1.0,-0.18829920346690443,10.755,0.0,0.18356845,-0.047394335,0.54709715,0.35507053434848784,0.2857816994190216,0.46412914395332333
0.3133139656093098,0.012537722236012839,0.03816437876654677,66.42,-142833.0551351341,10.98,122428.33297297297,1.0,-0.09674367503891546,10.76,0.0,-0.25273573,-0.4834591,-0.4886587,0.22417927980422972,0.1549622744321823,0.15340239107608794
0.305529507212421,0.03011517005817416,0.03945099309406294,64.98,-188743.6799999997,12.24,165150.71999999997,1.0,-0.21881771294290076,10.765,0.0,-0.25273573,-0.4834591,-0.4886587,0.22417927980422972,0.1549622744321823,0.15340239107608794
0.2981648976530391,0.05424678289607315,0.05400571790091286,63.54,-194832.18580645227,13.5,170478.16258064512,1.0,0.025330362865069844,10.77,0.0,-0.25273573,-0.4834591,-0.4886587,0.22417927980422972,0.1549622744321823,0.15340239107608794
0.28985147469200695,0.0761396280515777,0.07409569767194372,61.919999999999995,-38.4330579484715,14.76,29.892378404366635,1.0,-0.17303994872890627,10.775,0.0,-0.25273573,-0.4834591,-0.4886587,0.22417927980422972,0.1549622744321823,0.15340239107608794
0.2817162936347658,0.10023240030885426,0.09089836340035198,60.3,-74667.82945054934,16.2,66371.40395604393,1.0,-0.14252143925290994,10.78,0.0,0.04369788,-0.65287197,0.11330641,0.31310936361551284,0.10413841009140014,0.33399192318320275
0.2750944118961684,0.12203056910375638,0.10985845877127118,58.5,-52795.43496503488,17.46,36956.80447552452,1.0,-0.17303994872890627,10.785,0.0,0.04369788,-0.65287197,0.11330641,0.31310936361551284,0.10413841009140014,0.33399192318320275
0.26749545113761974,0.1297520675584514,0.1300959303930008,56.879999999999995,-178809.80210526366,18.72,139074.29052631557,1.0,0.17792291024505147,10.790000000000001,0.0,0.04369788,-0.65287197,0.11330641,0.31310936361551284,0.10413841009140014,0.33399192318320275
0.2610075068810331,0.16156060589235072,0.14686644056040174,54.9,-259522.5599999996,19.98,165150.7200000002,1.0,-0.2035584582049026,10.795,0.0,0.04369788,-0.65287197,0.11330641,0.31310936361551284,0.10413841009140014,0.33399192318320275
0.2560369344664444,0.1741389120870068,0.16184300861322448,53.1,-215707.0628571425,20.88,107853.53142857125,1.0,0.07110812707906433,10.8,0.0,-0.17615785,-0.5593767,-1.4716134,0.24715264588594435,0.13218698501586915,0.0
0.25213048981213054,0.1953828095143979,0.1789471686647664,51.3,-204047.2216216221,21.599999999999998,81618.88864864851,1.0,-0.08148442030091729,10.805,0.0,-0.17615785,-0.5593767,-1.4716134,0.24715264588594435,0.13218698501586915,0.0
0.2497390127259116,0.21194350770884943,0.19084950512545296,49.5,-235929.59999999963,21.96,47185.92000000039,1.0,0.07110812707906433,10.81,0.0,-0.17615785,-0.5593767,-1.4716134,0.24715264588594435,0.13218698501586915,0.0
0.24832708228787376,0.22105613292385443,0.20092961555933875,47.699999999999996,-41.317990619681254,22.14,4.131799061968109,1.0,-0.21881771294290076,10.815,0.0,-0.17615785,-0.5593767,-1.4716134,0.24715264588594435,0.13218698501586915,0.0
0.24832163222328563,0.23279894005020563,0.2156770896004751,45.9,-99338.77894736826,21.599999999999998,-29801.633684210676,1.0,-0.17303994872890627,10.82,0.0,0.17188154,-0.07505216,-1.097744,0.3515644624829292,0.2774843528866768,0.0
0.2492154468525632,0.247016904360925,0.23120782913295068,44.28,-169869.31199999974,20.88,-75497.47199999988,1.0,-0.23407696768089892,10.825000000000001,0.0,0.17188154,-0.07505216,-1.097744,0.3515644624829292,0.2774843528866768,0.0
0.24982053197084336,0.24479420630476567,0.23972556257963418,42.66,-194136.35657142912,19.8,-129424.23771428551,1.0,-0.17303994872890627,10.83,0.0,0.17188154,-0.07505216,-1.097744,0.3515644624829292,0.2774843528866768,0.0
0.25026671307822274,0.24316907311851813,0.2425351025640762,41.04,-55694.85639344253,18.54,-43318.221639344316,1.0,-0.4477065340128732,10.835,0.0,0.17188154,-0.07505216,-1.097744,0.3515644624829292,0.2774843528866768,0.0
0.2519501842062434,0.25260893398648626,0.24434582449564743,39.6,-172565.65028571401,16.74,-215707.06285714294,1.0,-0.005188146610926481,10.84,0.0,0.871624,-0.151355,-0.32139036,0.5614871978759766,0.25459350049495694,0.20358289182186126
0.25287831954401724,0.25188996850985235,0.2455149484223807,38.16,-167772.16000000056,14.94,-209715.19999999987,1.0,-0.21881771294290076,10.845,0.0,0.871624,-0.151355,-0.32139036,0.5614871978759766,0.25459350049495694,0.20358289182186126
0.2545150518126037,0.2516750284715988,0.24652906993616924,36.72,-183024.17454545427,12.959999999999999,-251658.24000000005,1.0,0.1626636555070533,10.85,0.0,0.871624,-0.151355,-0.32139036,0.5614871978759766,0.25459350049495694,0.20358289182186126
0.2563088422047504,0.24103678463546935,0.24775101860866253,35.46,-170478.1625806449,10.799999999999999,-292248.27870967746,1.0,-0.23407696768089892,10.855,0.0,0.871624,-0.151355,-0.32139036,0.5614871978759766,0.25459350049495694,0.20358289182186126
0.25787061875931694,0.25097397147149886,0.24827057803642796,34.199999999999996,-30.75110288726752,8.28,-61.50220577453478,1.0,-0.08148442030091729,10.86,0.0,0.4661096,0.08166784,-0.030896552,0.4398328810930252,0.32450035214424133,0.29073103442788123
0.2596603597399777,0.2476473238505895,0.24925993898439108,33.12,-31240.33324137926,5.58,-78100.83310344825,1.0,-0.21881771294290076,10.865,0.0,0.4661096,0.08166784,-0.030896552,0.4398328810930252,0.32450035214424133,0.29073103442788123
0.26121270377445704,0.23727252063334875,0.2503164107461793,32.04,-110484.10536585348,2.6999999999999997,-294624.2809756098,1.0,0.0863673818170625,10.870000000000001,0.0,0.4661096,0.08166784,-0.030896552,0.4398328810930252,0.32450035214424133,0.29073103442788123
0.262687846045303,0.2395705111262794,0.2507370888540295,30.24,-215707.06285714294,1.44,-150994.944,1.0,-0.08148442030091729,10.875,0.0,0.4661096,0.08166784,-0.030896552,0.4398328810930252,0.32450035214424133,0.29073103442788123
0.26509329411314353,0.23954242467616152,0.25003271712260905,28.619999999999997,-226492.41600000014,2.34,125829.11999999998,1.0,-0.1577806939909081,10.88,0.0,0.67461836,-0.3825286,-0.43349776,0.5023855090141296,0.18524141907691954,0.16995067298412322
0.26739311843029856,0.24304893784212836,0.24890605929913967,27.0,-199846.24941176438,3.2399999999999998,111025.69411764704,1.0,0.07110812707906433,10.885,0.0,0.67461836,-0.3825286,-0.43349776,0.5023855090141296,0.18524141907691954,0.16995067298412322
0.270090248109378,0.2399360520410399,0.24743931423250437,25.2,-130168.05517241385,3.5999999999999996,26033.61103448275,1.0,-0.14252143925290994,10.89,0.0,0.67461836,-0.3825286,-0.43349776,0.5023855090141296,0.18524141907691954,0.16995067298412322
0.2723964302465986,0.24406431559579472,0.24461008458644215,24.3,-117964.79999999981,3.2399999999999998,-47185.919999999984,1.0,-0.38666951506088054,10.895,0.0,0.67461836,-0.3825286,-0.43349776,0.5023855090141296,0.18524141907691954,0.16995067298412322
0.27509057643091894,0.23328834393888487,0.23553026670138666,23.759999999999998,-12.354423795471591,2.34,-20.59070632578588,1.0,-0.06622516556291913,10.9,0.0,0.8248291,-1.2080779,-1.0722662,0.54744873046875,0.0,0.0
0.2769526669087133,0.23055569409283955,0.22203849721776697,23.04,-33931.448089887585,1.6199999999999999,-33931.44808988764,1.0,-0.09674367503891546,10.905,0.0,0.8248291,-1.2080779,-1.0722662,0.54744873046875,0.0,0.0
0.2784988915381524,0.24193363805812343,0.20483745852480184,22.32,-73656.07024390233,1.7999999999999998,18414.017560975604,1.0,-0.035706656086922806,10.91,0.0,0.8248291,-1.2080779,-1.0722662,0.54744873046875,0.0,0.0
0.2806585944390942,0.24121552380845834,0.18719022354705017,22.32,0.0,1.7999999999999998,0.0,1.0,-0.2035584582049026,10.915000000000001,0.0,0.8248291,-1.2080779,-1.0722662,0.54744873046875,0.0,0.0
0.29068987047736977,0.2435588823644631,0.16971381006308137,22.32,0.0,1.6199999999999999,-25165.82399999999,1.0,0.10162663655506066,10.92,0.0,1.1166309,-1.7541595,-1.0972896,0.6,0.0,0.0
0.3053331916667065,0.2401299790212008,0.15768290896456336,22.5,20971.519999999968,1.6199999999999999,0.0,1.0,-0.34089175084688605,10.925,0.0,1.1166309,-1.7541595,-1.0972896,0.6,0.0,0.0
0.31705867635764984,0.23676076592143935,0.15446892011856234,23.22,21570.706285714252,1.6199999999999999,0.0,1.0,0.17792291024505147,10.93,0.0,1.1166309,-1.7541595,-1.0972896,0.6,0.0,0.0
0.3307733793191986,0.23503893957663222,0.1518142274691432,24.119999999999997,114390.10909090891,1.6199999999999999,0.0,1.0,-0.3256324961088879,10.935,0.0,1.1166309,-1.7541595,-1.0972896,0.6,0.0,0.0
0.3430577014232813,0.24880979730493033,0.14973754365373268,25.38,170478.16258064538,1.6199999999999999,0.0,1.0,0.025330362865069844,10.94,0.0,1.2634234,-1.9709011,-0.6487606,0.6,0.0,0.10537181496620178
0.35065660308025975,0.24655109640795153,0.15111002145016691,26.82,35.11714495028784,1.6199999999999999,0.0,1.0,-0.06622516556291913,10.945,0.0,1.2634234,-1.9709011,-0.6487606,0.6,0.0,0.10537181496620178
0.360430266397737,0.24276088619128558,0.15303318971226226,28.619999999999997,100663.29599999984,1.6199999999999999,0.0,1.0,-0.24933622241889708,10.950000000000001,0.0,1.2634234,-1.9709011,-0.6487606,0.6,0.0,0.10537181496620178
0.37119887547307906,0.24201490295538042,0.15476405494816065,30.779999999999998,232299.91384615385,1.6199999999999999,0.0,1.0,-0.2035584582049026,10.955,0.0,1.2634234,-1.9709011,-0.6487606,0.6,0.0,0.10537181496620178
0.3779035907953232,0.24523007765347143,0.1583443321959081,33.12,288666.8047058823,1.6199999999999999,0.0,1.0,0.04058961760306801,10.96,0.0,1.3163306,-1.9889289,-0.042353325,0.6,0.0,0.28729400262236593
0.38568690815358464,0.2419439089045612,0.1618768359839643,35.64,320292.3054545458,1.6199999999999999,0.0,1.0,-0.41718802453687687,10.965,0.0,1.3163306,-1.9889289,-0.042353325,0.6,0.0,0.28729400262236593
0.3947845356125664,0.23201290993943918,0.16449415150683802,38.339999999999996,314572.7999999995,1.6199999999999999,0.0,1.0,-0.06622516556291913,10.97,0.0,1.3163306,-1.9889289,-0.042353325,0.6,0.0,0.28729400262236593
0.40128037367340413,0.23383815985995976,0.16533879944648816,41.22,377487.36000000034,1.6199999999999999,0.0,1.0,-0.21881771294290076,10.975,0.0,1.3163306,-1.9889289,-0.042353325,0.6,0.0,0.28729400262236593
0.40770942669192584,0.2355122299532973,0.16498412456494435,44.28,427819.0080000003,1.7999999999999998,25165.82399999999,1.0,0.0863673818170625,10.98,0.0,0.9572842,-1.4454167,0.4866766,0.587185263633728,0.0,0.4460029810667038
0.41574401741229955,0.23583902486544608,0.16454433201795207,47.519999999999996,73.5205851547283,1.7999999999999998,0.0,1.0,-0.11200292977691362,10.985,0.0,0.9572842,-1.4454167,0.4866766,0.587185263633728,0.0,0.4460029810667038
0.42199620538074567,0.23314622019631298,0.16388405830223585,50.76,186158.15013698643,1.7999999999999998,0.0,1.0,-0.08148442030091729,10.99,0.0,0.9572842,-1.4454167,0.4866766,0.587185263633728,0.0,0.4460029810667038
0.42747492545071764,0.21741859141540085,0.1603031747102126,54.0,114197.85680672276,1.7999999999999998,0.0,1.0,-0.1577806939909081,10.995000000000001,0.0,0.9572842,-1.4454167,0.4866766,0.587185263633728,0.0,0.4460029810667038
0.4347582680061057,0.19058770056882182,0.15249751784423454,57.419999999999995,367808.19692307635,1.7999999999999998,0.0,1.0,0.19318216498304963,11.0,0.0,1.0008737,-1.6530689,0.6869973,0.6,0.0,0.5060991883277893
0.44174449816334366,0.17214084948570782,0.1408762007620816,60.66,411804.392727273,1.7999999999999998,0.0,1.0,-0.05096591082492097,11.005,0.0,1.0008737,-1.6530689,0.6869973,0.6,0.0,0.5060991883277893
0.4474567299460961,0.16761070997110902,0.12856285651263308,64.08,448266.2400000002,1.7999999999999998,0.0,1.0,0.05584887234106617,11.01,0.0,1.0008737,-1.6530689,0.6869973,0.6,0.0,0.5060991883277893
0.4542038179288056,0.14626088947426497,0.11571342726781998,67.32,388272.71314285655,1.98,21570.706285714306,1.0,-0.31037324137088973,11.015,0.0,1.0008737,-1.6530689,0.6869973,0.6,0.0,0.5060991883277893
0.45987955146974663,0.1370593205378874,0.10589765348292116,70.56,438372.4180645174,2.16,24354.02322580647,1.0,0.31525620288703493,11.02,0.0,0.18286264,-1.4492114,-0.43088016,0.3548587918281555,0.0,0.17073595225811003
0.4647049800279029,0.1025666878178898,0.09925201483534946,73.61999999999999,414018.39483870805,2.34,24354.023225806413,1.0,-0.23407696768089892,11.025,0.0,0.18286264,-1.4492114,-0.43088016,0.3548587918281555,0.0,0.17073595225811003
0.46990576339604817,0.10585465239549718,0.09489274988073947,76.32,65.5124943596627,3.06,17.469998495910037,1.0,-0.08148442030091729,11.03,0.0,0.18286264,-1.4492114,-0.43088016,0.3548587918281555,0.0,0.17073595225811003
0.4749459159392105,0.09820827386941411,0.09301227448995052,78.84,124348.77741176522,3.96,44410.27764705882,1.0,-0.2035584582049026,11.035,0.0,0.18286264,-1.4492114,-0.43088016,0.3548587918281555,0.0,0.17073595225811003
0.47933914156492147,0.08263253803151048,0.09296292409168763,81.0,226492.41599999965,5.22,132120.57599999997,1.0,0.025330362865069844,11.040000000000001,0.0,-0.59016716,-0.684782,0.19570586,0.12294985055923462,0.09456539154052734,0.3587117582559585
0.4835950767463425,0.05948143824437449,0.09404100919509858,82.8,52428.799999999916,7.02,52428.799999999996,1.0,-0.12726218451491178,11.045,0.0,-0.59016716,-0.684782,0.19570586,0.12294985055923462,0.09456539154052734,0.3587117582559585
0.48795631296402,0.05958637793094039,0.09534885618003436,84.24,104134.44413793087,9.54,182235.27724137928,1.0,-0.020447401348924643,11.05,0.0,-0.59016716,-0.684782,0.19570586,0.12294985055923462,0.09456539154052734,0.3587117582559585
0.4916506625621717,0.049836092873794334,0.10363316095741815,85.14,104857.60000000066,12.42,335544.32000000007,1.0,-0.34089175084688605,11.055,0.0,-0.59016716,-0.684782,0.19570586,0.12294985055923462,0.09456539154052734,0.3587117582559585
0.4946544511386623,0.036213158906841014,0.12268107141693808,85.5,44410.277647058756,16.02,444102.7764705882,1.0,-0.05096591082492097,11.06,0.0,0.1318837,-0.65663517,-0.8145443,0.3395651087164879,0.10300945043563843,0.055636703968048096
0.49818791197082274,0.031710803423701965,0.14091807451176436,85.67999999999999,24354.023225805453,19.98,535788.5109677421,1.0,-0.3561510055848842,11.065,0.0,0.1318837,-0.65663517,-0.8145443,0.3395651087164879,0.10300945043563843,0.055636703968048096
0.4997351903358851,0.014718973640606581,0.15850142802786976,85.5,-22878.021818180878,23.939999999999998,503316.47999999963,1.0,-0.035706656086922806,11.07,0.0,0.1318837,-0.65663517,-0.8145443,0.3395651087164879,0.10300945043563843,0.055636703968048096
0.5012801249728465,0.015341105603649497,0.17869453159809584,85.14,-8.24167721018071,27.72,86.53761070689761,1.0,-0.18829920346690443,11.075000000000001,0.0,0.1318837,-0.65663517,-0.8145443,0.3395651087164879,0.10300945043563843,0.055636703968048096
0.50235570025972,0.01717497119050591,0.1972442667768609,84.96,-8579.258181818506,30.599999999999998,137268.13090909086,1.0,-0.05096591082492097,11.08,0.0,0.79526544,-0.3715464,-0.47977874,0.5385796308517455,0.1885360836982727,0.1560663789510727
0.5033354073050614,0.00876312179043792,0.21170675398136876,84.96,0.0,32.58,207618.04800000004,1.0,-0.3714102603228824,11.085,0.0,0.79526544,-0.3715464,-0.47977874,0.5385796308517455,0.1885360836982727,0.1560663789510727
0.502628747276833,-0.0011295435468297239,0.22509599849541323,85.14,25165.824000000954,33.12,75497.47199999988,1.0,-0.1577806939909081,11.09,0.0,0.79526544,-0.3715464,-0.47977874,0.5385796308517455,0.1885360836982727,0.1560663789510727
0.5013054190133726,0.010570318834053894,0.23346234105588093,85.5,52067.222068965435,32.58,-78100.83310344815,1.0,-0.09674367503891546,11.095,0.0,0.79526544,-0.3715464,-0.47977874,0.5385796308517455,0.1885360836982727,0.1560663789510727
0.5009225694852856,-0.0005918735706302488,0.2371333872949139,85.67999999999999,22205.1388235285,31.5,-133230.83294117625,1.0,0.26947843867304044,11.1,0.0,0.57982635,0.19257,-0.772124,0.4739479064941406,0.3577710002660751,0.06836280226707458
0.49998458624134595,0.004050870263318295,0.2382596424675519,85.86,5171.059726027594,30.24,-36197.41808219183,1.0,-0.09674367503891546,11.105,0.0,0.57982635,0.19257,-0.772124,0.4739479064941406,0.3577710002660751,0.06836280226707458
0.49766627439398536,-0.011661569003082099,0.23892190083341594,85.67999999999999,-23592.960000000894,28.98,-165150.71999999974,1.0,-0.05096591082492097,11.11,0.0,0.57982635,0.19257,-0.772124,0.4739479064941406,0.3577710002660751,0.06836280226707458
0.4967459351575779,-0.009103136883712322,0.23889383792968832,85.5,-4.057869412852154,27.54,-32.46295530281859,1.0,-0.18829920346690443,11.115,0.0,0.57982635,0.19257,-0.772124,0.4739479064941406,0.3577710002660751,0.06836280226707458
0.49580357660451096,0.006181058143353186,0.24132824365796934,85.32,-12582.912000000477,25.919999999999998,-113246.20800000007,1.0,0.05584887234106617,11.120000000000001,0.0,-0.14245626,0.46740487,-0.6891503,0.257263121008873,0.4402214616537094,0.09325491786003112
0.4917247662054311,0.01828010853928919,0.2453024168559641,84.78,-73062.06967741827,24.3,-219186.20903225773,1.0,-0.1577806939909081,11.125,0.0,-0.14245626,0.46740487,-0.6891503,0.257263121008873,0.4402214616537094,0.09325491786003112
0.484292694667271,0.00981065344871832,0.24767318260274246,84.24,-73062.06967742021,22.68,-219186.2090322582,1.0,-0.035706656086922806,11.13,0.0,-0.14245626,0.46740487,-0.6891503,0.257263121008873,0.4402214616537094,0.09325491786003112
0.4754808466478981,-0.0007259841364509894,0.2472887375676267,83.52,-100663.29599999984,21.06,-226492.41600000014,1.0,-0.09674367503891546,11.135,0.0,-0.14245626,0.46740487,-0.6891503,0.257263121008873,0.4402214616537094,0.09325491786003112
0.46372037123898807,0.01210743327508346,0.24617756877711017,82.61999999999999,-114390.10909090981,19.439999999999998,-205902.1963636365,1.0,-0.09674367503891546,11.14,0.0,-0.065223426,0.13066076,-0.772275,0.28043297231197356,0.33919822722673415,0.06831750869750976
0.44977902498053,0.023388674410350332,0.2458288018861855,81.72,-114390.10909090801,18.0,-183024.17454545427,1.0,-0.23407696768089892,11.145,0.0,-0.065223426,0.13066076,-0.772275,0.28043297231197356,0.33919822722673415,0.06831750869750976
0.4385404332672963,0.02375877961908591,0.24459568179207505,80.64,-146124.13935483847,16.38,-219186.2090322582,1.0,0.04058961760306801,11.15,0.0,-0.065223426,0.13066076,-0.772275,0.28043297231197356,0.33919822722673415,0.06831750869750976
0.4327508009734693,0.04243504804150332,0.24359127095252334,79.38,-176160.7680000007,14.94,-201326.59199999992,1.0,-0.17303994872890627,11.155,0.0,-0.065223426,0.13066076,-0.772275,0.28043297231197356,0.33919822722673415,0.06831750869750976
0.43048841816878014,0.054866171811004984,0.24330009066938332,78.11999999999999,-30.72107146594132,13.68,-30.72107146594119,1.0,0.2542191839350423,11.16,0.0,0.39224744,-0.25796705,-1.240499,0.41767423152923583,0.22260988354682923,0.0
0.4282701190301088,0.07461986120025499,0.24212015501154655,76.86,-99713.64226415023,12.42,-99713.64226415093,1.0,-0.06622516556291913,11.165000000000001,0.0,0.39224744,-0.25796705,-1.240499,0.41767423152923583,0.22260988354682923,0.0
0.4283393502297549,0.08266119179527633,0.24107520776738223,75.42,-194832.1858064513,11.16,-170478.16258064512,1.0,-0.05096591082492097,11.17,0.0,0.39224744,-0.25796705,-1.240499,0.41767423152923583,0.22260988354682923,0.0
0.4291963321264335,0.10067471989382597,0.24089352645870168,73.8,-234302.49931034548,10.08,-156201.66620689657,1.0,-0.2798547318948934,11.175,0.0,0.39224744,-0.25796705,-1.240499,0.41767423152923583,0.22260988354682923,0.0
0.429686964860057,0.11929040547736752,0.2398563586864091,72.17999999999999,-226492.41600000064,8.82,-176160.76799999998,1.0,-0.005188146610926481,11.18,0.0,0.609056,-0.8193635,-1.4523057,0.48271679878234863,0.05419095754623413,0.0
0.4302925619411911,0.1387526812516967,0.23784876019822543,70.74,-188743.6799999997,7.739999999999999,-141557.76000000013,1.0,0.025330362865069844,11.185,0.0,0.609056,-0.8193635,-1.4523057,0.48271679878234863,0.05419095754623413,0.0
0.43089993741354804,0.15803605898742898,0.2358347509309505,69.12,-199846.2494117635,6.4799999999999995,-155435.97176470584,1.0,0.14740440076905514,11.19,0.0,0.609056,-0.8193635,-1.4523057,0.48271679878234863,0.05419095754623413,0.0
0.43140915420049636,0.1821882163168191,0.2330573168915119,67.5,-219186.2090322587,5.3999999999999995,-146124.13935483873,1.0,-0.21881771294290076,11.195,0.0,0.609056,-0.8193635,-1.4523057,0.48271679878234863,0.05419095754623413,0.0
0.43023595402069176,0.1930271537864492,0.22754125741401188,65.88,-37.339248903689644,4.14,-29.04163803620297,1.0,-0.11200292977691362,11.200000000000001,0.0,-0.15345907,-0.750739,-1.1821777,0.25396227836608887,0.07477830648422241,0.0
0.42119338712794235,0.20908489135586786,0.22167709910706307,64.25999999999999,-37129.90426229519,2.88,-28878.814426229503,1.0,-0.4019287697988787,11.205,0.0,-0.15345907,-0.750739,-1.1821777,0.25396227836608887,0.07477830648422241,0.0
0.41015977002390847,0.23672804265435451,0.21701864791157038,62.64,-194136.3565714274,1.7999999999999998,-129424.23771428573,1.0,-0.05096591082492097,11.21,0.0,-0.15345907,-0.750739,-1.1821777,0.25396227836608887,0.07477830648422241,0.0
0.40104926593281826,0.2415381285795367,0.21015868917897787,60.3,-185182.4784905663,1.98,14244.806037735862,1.0,-0.020447401348924643,11.215,0.0,-0.15345907,-0.750739,-1.1821777,0.25396227836608887,0.07477830648422241,0.0
0.3900684782390707,0.2614923053541289,0.20293677153843037,58.14,-283115.51999999955,2.52,70778.88,1.0,0.0863673818170625,11.22,0.0,0.16603652,-0.7326094,-0.5507863,0.34981095492839814,0.08021718263626099,0.13476410508155823
0.378704594967075,0.26944069251164066,0.19771666004438682,55.98,-283115.5200000005,2.88,47185.919999999984,1.0,-0.4019287697988787,11.225,0.0,0.16603652,-0.7326094,-0.5507863,0.34981095492839814,0.08021718263626099,0.13476410508155823
0.3711160990458643,0.28001172361388343,0.19146229588884392,53.82,-274536.2618181814,3.06,22878.021818181838,1.0,-0.06622516556291913,11.23,0.0,0.16603652,-0.7326094,-0.5507863,0.34981095492839814,0.08021718263626099,0.13476410508155823
0.36803283494929917,0.2801056962874069,0.18066571696261946,51.839999999999996,-259522.56000000052,3.2399999999999998,23592.959999999963,1.0,-0.23407696768089892,11.235,0.0,0.16603652,-0.7326094,-0.5507863,0.34981095492839814,0.08021718263626099,0.13476410508155823
0.36753048654972204,0.2786559301611013,0.16836103667377936,50.04,-243540.23225806412,3.06,-24354.023225806413,1.0,0.07110812707906433,11.24,0.0,0.041000534,-0.47183177,-1.3949523,0.31230016015470025,0.15845046937465668,0.0
0.3674308563996997,0.2693309324704903,0.15393825727135219,48.239999999999995,-43.61822205018296,2.34,-17.447288820073148,1.0,-0.12726218451491178,11.245000000000001,0.0,0.041000534,-0.47183177,-1.3949523,0.31230016015470025,0.15845046937465668,0.0
0.3697262442133853,0.271681189797028,0.1392890359457802,46.98,-66896.49417721508,1.7999999999999998,-28669.92607594937,1.0,-0.005188146610926481,11.25,0.0,0.041000534,-0.47183177,-1.3949523,0.31230016015470025,0.15845046937465668,0.0
0.3726624325469596,0.2734955649490132,0.12495012740485498,45.36,-178809.80210526288,1.7999999999999998,0.0,1.0,-0.09674367503891546,11.255,0.0,0.041000534,-0.47183177,-1.3949523,0.31230016015470025,0.15845046937465668,0.0
0.37441098038427173,0.275935848415794,0.11164212384601188,44.1,-37217.06366197177,1.7999999999999998,0.0,1.0,0.05584887234106617,11.26,0.0,0.7200899,-0.49108145,-1.7262682,0.5160269737243652,0.15267556607723234,0.0
0.3767095392364124,0.2701065051468508,0.09915204696731622,43.019999999999996,-133230.83294117713,1.7999999999999998,0.0,1.0,-0.31037324137088973,11.265,0.0,0.7200899,-0.49108145,-1.7262682,0.5160269737243652,0.15267556607723234,0.0
0.37799247063800406,0.2664402487434059,0.08773895911945895,42.12,-104857.59999999983,1.7999999999999998,0.0,1.0,-0.2798547318948934,11.27,0.0,0.7200899,-0.49108145,-1.7262682,0.5160269737243652,0.15267556607723234,0.0
0.37950095427512964,0.26555162294010254,0.07828849493874054,41.4,-91512.08727272713,1.7999999999999998,0.0,1.0,-0.17303994872890627,11.275,0.0,0.7200899,-0.49108145,-1.7262682,0.5160269737243652,0.15267556607723234,0.0
0.3800846947800912,0.262231972754673,0.06988450869239608,41.04,-24753.26950819668,1.7999999999999998,0.0,1.0,0.2084414197210478,11.28,0.0,0.625319,-0.28086686,-2.019022,0.48759570121765133,0.21573994159698487,0.0
0.37719054222607956,0.2597770322188181,0.05932110727629032,40.86,-4.061099922540659,1.7999999999999998,0.0,1.0,-0.24933622241889708,11.285,0.0,0.625319,-0.28086686,-2.019022,0.48759570121765133,0.21573994159698487,0.0
0.37284341602910065,0.2503517414486671,0.05183631910659932,40.86,0.0,1.7999999999999998,0.0,1.0,-0.09674367503891546,11.290000000000001,0.0,0.625319,-0.28086686,-2.019022,0.48759570121765133,0.21573994159698487,0.0
0.3691784392434293,0.24500268302284323,0.04845381334407498,41.04,22205.138823529378,1.7999999999999998,0.0,1.0,-0.23407696768089892,11.295,0.0,0.625319,-0.28086686,-2.019022,0.48759570121765133,0.21573994159698487,0.0
0.36450682472569756,0.23203915062556127,0.04782977458353324,41.22,21570.706285714252,1.7999999999999998,0.0,1.0,0.1626636555070533,11.3,0.0,0.33036068,0.25639966,-1.6170145,0.3991082042455673,0.37691989839076995,0.0
0.3610049025338275,0.23135767095855495,0.04038483783254629,41.76,75497.47199999988,1.7999999999999998,0.0,1.0,-0.005188146610926481,11.305,0.0,0.33036068,0.25639966,-1.6170145,0.3991082042455673,0.37691989839076995,0.0
0.35800167849441655,0.22445173074954983,0.04356230303456688,42.3,66615.41647058813,1.7999999999999998,0.0,1.0,0.05584887234106617,11.31,0.0,0.33036068,0.25639966,-1.6170145,0.3991082042455673,0.37691989839076995,0.0
0.35346498416496125,0.22459058456983289,0.05427541785078844,42.839999999999996,20404.72216216213,1.7999999999999998,0.0,1.0,-0.21881771294290076,11.315,0.0,0.33036068,0.25639966,-1.6170145,0.3991082042455673,0.37691989839076995,0.0
0.34923445971603573,0.22249825082123123,0.04883471826060037,43.379999999999995,68634.06545454534,1.7999999999999998,0.0,1.0,0.17792291024505147,11.32,0.0,0.5537988,0.7284051,-0.49835005,0.46613963842391964,0.5185215353965759,0.150494983792305
0.3457765625815422,0.21269531344155582,0.049749739684716146,44.1,94371.84000000078,1.7999999999999998,0.0,1.0,-0.05096591082492097,11.325000000000001,0.0,0.5537988,0.7284051,-0.49835005,0.46613963842391964,0.5185215353965759,0.150494983792305
0.3442215561879737,0.2105541767712239,0.04474373045472232,44.82,17.524947075208885,1.98,4.381236768802232,1.0,-0.06622516556291913,11.33,0.0,0.5537988,0.7284051,-0.49835005,0.46613963842391964,0.5185215353965759,0.150494983792305
0.34422818024046065,0.21055414803378458,0.049907323421661424,45.54,45756.04363636357,1.98,0.0,1.0,-0.18829920346690443,11.335,0.0,0.5537988,0.7284051,-0.49835005,0.46613963842391964,0.5185215353965759,0.150494983792305
0.34301379430485734,0.2043452974820461,0.053940806703988334,46.26,77433.30461538449,1.98,0.0,1.0,-0.09674367503891546,11.34,0.0,0.4722849,0.84084344,0.98508716,0.4416854739189148,0.5522530317306519,0.5955261468887328
0.3431681935325631,0.2034530422311549,0.03859933883942861,46.98,94371.83999999985,1.98,0.0,1.0,-0.3256324961088879,11.345,0.0,0.4722849,0.84084344,0.98508716,0.4416854739189148,0.5522530317306519,0.5955261468887328
0.34392862343793584,0.19222305925120142,0.030093962004942056,47.519999999999996,75497.47199999988,1.98,0.0,1.0,0.1626636555070533,11.35,0.0,0.4722849,0.84084344,0.98508716,0.4416854739189148,0.5522530317306519,0.5955261468887328
0.343795540405977,0.19563033823441414,0.019835861974467617,48.239999999999995,94371.83999999985,1.98,0.0,1.0,-0.18829920346690443,11.355,0.0,0.4722849,0.84084344,0.98508716,0.4416854739189148,0.5522530317306519,0.5955261468887328
0.3440344654382848,0.18946169081028144,0.019504017316965844,48.96,94371.84000000078,1.98,0.0,1.0,-0.020447401348924643,11.36,0.0,0.17628732,0.9573877,1.6672558,0.35288619697093965,0.587216305732727,0.6
0.34727067294872355,0.19164252124514455,0.017321212213114442,49.68,37282.702222222164,1.98,0.0,1.0,-0.34089175084688605,11.365,0.0,0.17628732,0.9573877,1.6672558,0.35288619697093965,0.587216305732727,0.6
0.3528406134003795,0.200221217337238,0.02007800893231265,50.22,12.239062342953773,1.98,0.0,1.0,-0.12726218451491178,11.370000000000001,0.0,0.17628732,0.9573877,1.6672558,0.35288619697093965,0.587216305732727,0.6
0.35725110401279,0.1998978771671692,0.009740824201860338,50.94,46459.98276923069,1.98,0.0,1.0,-0.31037324137088973,11.375,0.0,0.17628732,0.9573877,1.6672558,0.35288619697093965,0.587216305732727,0.6
0.36339950350516453,0.19368399200731742,0.004290935411378417,51.48,61214.16648648639,1.98,0.0,1.0,0.17792291024505147,11.38,0.0,-0.29988542,0.8586867,1.5922147,0.2100343734025955,0.5576060056686402,0.6
0.36946176386758206,0.1943611995529226,0.0049195177952831345,52.019999999999996,68634.06545454534,1.98,0.0,1.0,-0.11200292977691362,11.385,0.0,-0.29988542,0.8586867,1.5922147,0.2100343734025955,0.5576060056686402,0.6
0.3733369085236702,0.1901250124842519,0.01045818719456309,52.739999999999995,29319.4066019417,1.98,0.0,1.0,0.0863673818170625,11.39,0.0,-0.29988542,0.8586867,1.5922147,0.2100343734025955,0.5576060056686402,0.6
0.37899535128565603,0.2050028116697094,0.015565692314225039,53.28,62914.560000000725,1.98,0.0,1.0,-0.38666951506088054,11.395,0.0,-0.29988542,0.8586867,1.5922147,0.2100343734025955,0.5576060056686402,0.6
0.3880524259474934,0.22937635210677512,0.010598441762906379,53.82,66615.41647058813,1.98,0.0,1.0,-0.020447401348924643,11.4,0.0,-0.44327584,0.84586835,1.973423,0.1670172482728958,0.5537605047225952,0.6
0.39392403874278364,0.24285722658803796,0.028147665871573573,54.36,70778.87999999989,1.98,0.0,1.0,-0.035706656086922806,11.405,0.0,-0.44327584,0.84586835,1.973423,0.1670172482728958,0.5537605047225952,0.6
0.3997142584495071,0.269462063984326,0.04145345199530942,54.72,48708.04645161283,2.16,24354.02322580647,1.0,0.07110812707906433,11.41,0.0,-0.44327584,0.84586835,1.973423,0.1670172482728958,0.5537605047225952,0.6
0.4058538833150758,0.29157359249945625,0.060163249805628496,54.9,4.374940429280045,2.34,4.374940429280045,1.0,-0.43244727927487503,11.415000000000001,0.0,-0.44327584,0.84586835,1.973423,0.1670172482728958,0.5537605047225952,0.6
0.4101951522342768,0.3032105384300416,0.06955310785778172,54.9,0.0,3.06,21570.706285714292,1.0,0.11688589129305882,11.42,0.0,-0.0907554,1.133766,2.9810612,0.2727733790874481,0.6,0.6
0.4125179927230085,0.32473702688296685,0.08700326958920672,54.72,-19867.755789473653,3.78,79471.02315789471,1.0,-0.29511398663289157,11.425,0.0,-0.0907554,1.133766,2.9810612,0.2727733790874481,0.6,0.6
0.41375848173834784,0.3449165370441023,0.11179369523109824,54.54,-22878.021818181784,4.859999999999999,137268.13090909086,1.0,0.07110812707906433,11.43,0.0,-0.0907554,1.133766,2.9810612,0.2727733790874481,0.6,0.6
0.4143359471207285,0.35172614074172764,0.125523426463569,54.0,-73062.06967741923,5.9399999999999995,146124.13935483873,1.0,-0.46296578875087135,11.435,0.0,-0.0907554,1.133766,2.9810612,0.2727733790874481,0.6,0.6
0.4145212101449555,0.3669478173252351,0.14161785021839224,53.46,-66615.41647058813,7.199999999999999,155435.97176470584,1.0,-0.12726218451491178,11.44,0.0,-0.40329444,1.5493318,2.847522,0.17901166677474975,0.6,0.6
0.41486521791269076,0.36273082128813966,0.15897952627676154,52.739999999999995,-88820.55529411839,8.64,177641.11058823546,1.0,-0.17303994872890627,11.445,0.0,-0.40329444,1.5493318,2.847522,0.17901166677474975,0.6,0.6
0.41606671297846454,0.3827415024683359,0.17192422229311996,51.839999999999996,-117964.79999999981,10.26,212336.6399999999,1.0,-0.020447401348924643,11.450000000000001,0.0,-0.40329444,1.5493318,2.847522,0.17901166677474975,0.6,0.6
0.41621437466261163,0.38214715166819524,0.18806209383814299,50.94,-20.769936230034027,11.7,33.23189796805448,1.0,-0.1577806939909081,11.455,0.0,-0.40329444,1.5493318,2.847522,0.17901166677474975,0.6,0.6
0.416086765170425,0.3969802933207832,0.20474186136957379,50.04,-53167.233802816816,13.139999999999999,85067.57408450701,1.0,-0.09674367503891546,11.46,0.0,-1.1954352,2.120804,2.152513,0.0,0.6,0.6
0.41655082082970735,0.39864079670509195,0.2185930130986407,49.14,-102023.61081081066,14.219999999999999,122428.33297297297,1.0,-0.005188146610926481,11.465,0.0,-1.1954352,2.120804,2.152513,0.0,0.6,0.6
0.4176375894003278,0.40857698073940407,0.23231832738051592,48.239999999999995,-20295.019354838838,15.12,20295.019354838718,1.0,0.05584887234106617,11.47,0.0,-1.1954352,2.120804,2.152513,0.0,0.6,0.6
0.4171966735388208,0.4183016766105721,0.2480986062106373,47.519999999999996,-94371.83999999985,15.299999999999999,23592.959999999963,1.0,-0.41718802453687687,11.475,0.0,-1.1954352,2.120804,2.152513,0.0,0.6,0.6
0.41527553875717527,0.42485530870182064,0.260967261545759,46.98,-70778.87999999989,15.299999999999999,0.0,1.0,0.05584887234106617,11.48,0.0,-1.4614657,1.4844143,2.0986667,0.0,0.6,0.6
0.41206182019234894,0.43971222688217787,0.27304135155303133,46.62,-43141.412571428504,14.58,-86282.82514285701,1.0,-0.17303994872890627,11.485,0.0,-1.4614657,1.4844143,2.0986667,0.0,0.6,0.6
0.40331858356754335,0.430287289645993,0.286774885804713,46.08,-73062.06967741923,13.5,-146124.13935483873,1.0,0.0863673818170625,11.49,0.0,-1.4614657,1.4844143,2.0986667,0.0,0.6,0.6
0.3905566870171404,0.43186126324575236,0.29867936870573863,45.72,-48708.04645161283,12.24,-170478.16258064512,1.0,-0.23407696768089892,11.495000000000001,0.0,-1.4614657,1.4844143,2.0986667,0.0,0.6,0.6
0.3803556043498517,0.43052718134289575,0.30932992594846037,45.36,-8.215444682633805,10.62,-36.96950107185221,1.0,0.17792291024505147,11.5,0.0,-1.489556,0.13914117,1.9222054,0.0,0.3417423516511917,0.6
0.36967413904796365,0.43341312609823884,0.3213574451277605,44.82,-13810.513170731685,8.64,-50638.54829268289,1.0,-0.21881771294290076,11.505,0.0,-1.489556,0.13914117,1.9222054,0.0,0.3417423516511917,0.6
0.35644188485369055,0.4381906995654281,0.33229554709506487,44.28,-61214.16648648639,6.84,-204047.2216216217,1.0,0.2542191839350423,11.51,0.0,-1.489556,0.13914117,1.9222054,0.0,0.3417423516511917,0.6
0.34543571535381973,0.43466865346078154,0.3414454793357851,43.379999999999995,-130168.05517241462,4.68,-312403.33241379313,1.0,-0.1577806939909081,11.515,0.0,-1.489556,0.13914117,1.9222054,0.0,0.3417423516511917,0.6
0.33615514983888756,0.43970128503056305,0.35184487962565786,42.48,-117964.79999999981,2.6999999999999997,-259522.56,1.0,-0.11200292977691362,11.52,0.0,0.03027175,-1.0153913,1.8027911,0.3090815249830484,0.0,0.6
0.3239375973190779,0.44382649343776187,0.3618315587262508,40.86,-133230.83294117625,1.6199999999999999,-88820.55529411763,1.0,-0.26459547715689524,11.525,0.0,0.03027175,-1.0153913,1.8027911,0.3090815249830484,0.0,0.6
0.31413750534965534,0.45051632616377657,0.37105602671949056,38.879999999999995,-259522.56000000052,2.34,94371.84,1.0,-0.12726218451491178,11.53,0.0,0.03027175,-1.0153913,1.8027911,0.3090815249830484,0.0,0.6
0.30591405963865753,0.44963830643928665,0.38076085202248716,36.9,-267894.25548387057,2.6999999999999997,48708.046451612885,1.0,0.010071108127071682,11.535,0.0,0.03027175,-1.0153913,1.8027911,0.3090815249830484,0.0,0.6
0.2944706220289408,0.4391810524947777,0.3901846898880283,34.74,-274536.2618181814,2.52,-22878.021818181784,1.0,0.2084414197210478,11.540000000000001,0.0,1.6018989,-1.4677758,-0.9663522,0.6,0.0,0.010094332695007324
0.2773180604645054,0.43890033483702934,0.39786230260171673,32.76,-47.23798914712818,1.7999999999999998,-17.177450598955673,1.0,-0.18829920346690443,11.545,0.0,1.6018989,-1.4677758,-0.9663522,0.6,0.0,0.010094332695007324
0.2576033166785673,0.43646566917661067,0.405672672747299,30.24,-192175.38327272725,1.7999999999999998,0.0,1.0,0.0863673818170625,11.55,0.0,1.6018989,-1.4677758,-0.9663522,0.6,0.0,0.010094332695007324
0.23643763665724443,0.4481575836790685,0.41322644459476354,27.9,-297414.28363636363,1.7999999999999998,0.0,1.0,-0.2035584582049026,11.555,0.0,1.6018989,-1.4677758,-0.9663522,0.6,0.0,0.010094332695007324
0.21578536984786667,0.45448762186589753,0.4191511753583644,25.2,-377487.3599999999,1.7999999999999998,0.0,1.0,-0.005188146610926481,11.56,8.522882461547852,1.5541215,-0.51519895,-0.5862607,0.6,0.14544031620025635,0.12412179708480835
0.19534633569932378,0.4514144426662466,0.4249410511998869,22.5,-120474.6893617021,1.7999999999999998,0.0,1.0,-0.29511398663289157,11.565,8.522882461547852,1.5541215,-0.51519895,-0.5862607,0.6,0.14544031620025635,0.12412179708480835
0.17598325831947872,0.4459047149976954,0.4313458474786045,19.98,-293601.27999999997,1.7999999999999998,0.0,1.0,0.19318216498304963,11.57,8.522882461547852,1.5541215,-0.51519895,-0.5862607,0.6,0.14544031620025635,0.12412179708480835
0.15763109716292292,0.4489235033001067,0.4363278667517279,17.099999999999998,-366048.3490909094,1.6199999999999999,-22878.02181818181,1.0,-0.035706656086922806,11.575000000000001,8.522882461547852,1.5541215,-0.51519895,-0.5862607,0.6,0.14544031620025635,0.12412179708480835
0.14273612843512934,0.4514151850095036,0.44073694379609407,14.399999999999999,-205902.19636363632,1.6199999999999999,0.0,1.0,-0.12726218451491178,11.58,20.0,1.0281129,-0.78870785,-1.5434325,0.6,0.06338764429092407,0.0
0.13319132021756658,0.4516766612635186,0.44615873189460764,11.7,-62.665984926458364,1.6199999999999999,0.0,1.0,-0.14252143925290994,11.585,20.0,1.0281129,-0.78870785,-1.5434325,0.6,0.06338764429092407,0.0
0.1310697217792474,0.4466446723949407,0.45046427122918703,9.0,-169024.1910447761,1.6199999999999999,0.0,1.0,0.29999694814903677,11.59,20.0,1.0281129,-0.78870785,-1.5434325,0.6,0.06338764429092407,0.0
0.1298568970018612,0.4454808606782965,0.4545042992256333,6.4799999999999995,-285666.1102702703,1.6199999999999999,0.0,1.0,-0.09674367503891546,11.595,20.0,1.0281129,-0.78870785,-1.5434325,0.6,0.06338764429092407,0.0
0.13181301308505458,0.4429045144796989,0.4593480880511237,4.5,-251658.23999999993,4.68,388926.37090909085,1.0,3.718070009460737,11.6,8.522882461547852,1.0942997,-1.0559183,-1.7741356,0.6,0.0,0.0
0.13490603288940375,0.43896384763344004,0.464677150486879,3.78,-97416.09290322583,6.66,267894.25548387103,1.0,-2.5534836878566747,11.605,8.522882461547852,1.0942997,-1.0559183,-1.7741356,0.6,0.0,0.0
0.13642642258508353,0.4267883843410339,0.4668414116927155,4.14,47185.919999999984,5.58,-141557.76,1.0,1.7954039124729135,11.61,8.522882461547852,1.0942997,-1.0559183,-1.7741356,0.6,0.0,0.0
0.1385661657877541,0.40852896414592493,0.46479650732855826,5.3999999999999995,155435.97176470584,3.2399999999999998,-288666.8047058824,1.0,4.069032868434695,11.615,8.522882461547852,1.0942997,-1.0559183,-1.7741356,0.6,0.0,0.0
0.14727049804310344,0.39194069137603144,0.46340901968537956,7.56,301989.88800000004,1.44,-251658.23999999996,1.0,-0.06622516556291913,11.620000000000001,0.0,1.2393214,-1.4553157,-2.0588355,0.6,0.0,0.0
0.16504316245349998,0.35627114901756896,0.46143837852957925,8.64,41943.04000000004,1.98,20971.52,1.0,-0.8749656666768217,11.625,0.0,1.2393214,-1.4553157,-2.0588355,0.6,0.0,0.0
0.17865503484866416,0.32153994454845286,0.4578661596952909,10.62,47.57162860236116,1.6199999999999999,-8.649387018611128,1.0,0.6662190618609927,11.63,0.0,1.2393214,-1.4553157,-2.0588355,0.6,0.0,0.0
0.19477010126746483,0.2916545441257723,0.45601506003042147,12.24,79938.49976470594,1.7999999999999998,8882.055529411762,1.0,-1.1954100161747832,11.635,0.0,1.2393214,-1.4553157,-2.0588355,0.6,0.0,0.0
0.2157436194644409,0.25614504187832354,0.45382899292798284,14.399999999999999,238413.06947368404,1.6199999999999999,-19867.75578947368,1.0,1.001922666097009,11.64,0.0,1.3449883,-1.9075823,-1.1550215,0.6,0.0,0.0
0.2328132456734701,0.23416987854279267,0.44297429515395176,16.74,327155.712,1.6199999999999999,0.0,1.0,-1.0428174687948015,11.645,0.0,1.3449883,-1.9075823,-1.1550215,0.6,0.0,0.0
0.24722418054060522,0.22225471209710684,0.4267593685039823,19.259999999999998,364470.55448275857,1.7999999999999998,26033.61103448275,1.0,0.7730338450270366,11.65,0.0,1.3449883,-1.9075823,-1.1550215,0.6,0.0,0.0
0.2666922668825744,0.20704046618954466,0.4112503594395551,21.779999999999998,330301.43999999994,1.6199999999999999,-23592.959999999992,1.0,-0.7528916287728364,11.655,0.0,1.3449883,-1.9075823,-1.1550215,0.6,0.0,0.0
0.28250167236777113,0.196306841879074,0.3954304531917656,24.66,377487.36000000034,1.7999999999999998,23592.959999999992,1.0,0.3762932218390276,11.66,0.0,1.0244409,-1.5665572,-1.4715767,0.6,0.0,0.0
0.2957928224258052,0.19646810851202434,0.37464065968433713,27.54,402653.18399999983,1.7999999999999998,0.0,1.0,-0.3714102603228824,11.665000000000001,0.0,1.0244409,-1.5665572,-1.4715767,0.6,0.0,0.0
0.31122440702852383,0.19265644758148923,0.35187593666830097,30.599999999999998,69.28056052468217,1.7999999999999998,0.0,1.0,-0.09674367503891546,11.67,0.0,1.0244409,-1.5665572,-1.4715767,0.6,0.0,0.0
0.3265070798145161,0.19907757634917259,0.32609020034297515,33.66,183351.00342857136,1.7999999999999998,0.0,1.0,-0.31037324137088973,11.675,0.0,1.0244409,-1.5665572,-1.4715767,0.6,0.0,0.0
0.33806559771702704,0.19013117253091047,0.30064412403204294,36.72,107853.53142857151,1.7999999999999998,0.0,1.0,0.07110812707906433,11.68,0.0,1.1335382,-1.8349993,-0.2719088,0.6,0.0,0.21842736303806304
0.35144733622541435,0.18039767657011208,0.27480100239933924,40.14,91952.04923076928,1.7999999999999998,0.0,1.0,0.11688589129305882,11.685,0.0,1.1335382,-1.8349993,-0.2719088,0.6,0.0,0.21842736303806304
0.36419234236220266,0.1629720575929866,0.25049156967661523,43.379999999999995,411804.39272727206,1.7999999999999998,0.0,1.0,-0.24933622241889708,11.69,0.0,1.1335382,-1.8349993,-0.2719088,0.6,0.0,0.21842736303806304
0.3742844783570002,0.14596997594316252,0.2267988042261854,46.8,409843.41942857165,1.7999999999999998,0.0,1.0,0.07110812707906433,11.695,0.0,1.1335382,-1.8349993,-0.2719088,0.6,0.0,0.21842736303806304
0.3845877502312447,0.11931874952358514,0.20526205289503816,50.22,462726.4412903228,1.7999999999999998,0.0,1.0,-0.18829920346690443,11.700000000000001,0.0,0.5032786,-1.3019423,-0.9251653,0.45098358392715454,0.0,0.022450411319732664
0.3957546678675449,0.11732962122822835,0.18466387464771405,53.64,448266.2400000002,1.98,23592.96000000002,1.0,0.025330362865069844,11.705,0.0,0.5032786,-1.3019423,-0.9251653,0.45098358392715454,0.0,0.022450411319732664
0.40441546422798347,0.09636490842114832,0.1660108756011126,57.059999999999995,202035.4884507039,1.98,0.0,1.0,-0.24933622241889708,11.71,0.0,0.5032786,-1.3019423,-0.9251653,0.45098358392715454,0.0,0.022450411319732664
0.41250851094376756,0.08008216373444865,0.149369786913101,60.48,83.52851932080222,1.98,0.0,1.0,-0.1577806939909081,11.715,0.0,0.5032786,-1.3019423,-0.9251653,0.45098358392715454,0.0,0.022450411319732664
0.42090090219125903,0.07096294598126449,0.1341417394023543,63.9,220684.91815384626,1.98,0.0,1.0,0.010071108127071682,11.72,0.0,0.7487788,-1.4914216,0.08759328,0.5246336460113525,0.0,0.3262779839336872
0.4277532979666131,0.04658569699905849,0.12037714974553501,67.14,377487.3600000002,1.98,0.0,1.0,-0.3714102603228824,11.725,0.0,0.7487788,-1.4914216,0.08759328,0.5246336460113525,0.0,0.3262779839336872
0.4347534991690596,0.05104460400209529,0.10753899262435516,70.38,411804.39272727206,2.16,22878.021818181838,1.0,-0.08148442030091729,11.73,0.0,0.7487788,-1.4914216,0.08759328,0.5246336460113525,0.0,0.3262779839336872
0.44258913544314055,0.03608616700317092,0.09645503666384087,73.25999999999999,402653.18399999937,2.52,50331.64799999998,1.0,-0.4019287697988787,11.735,0.0,0.7487788,-1.4914216,0.08759328,0.5246336460113525,0.0,0.3262779839336872
0.4489387900035737,0.03649329300932543,0.08628497003467273,76.14,93640.27534883752,3.06,17557.551627906978,1.0,0.11688589129305882,11.74,0.0,0.040649,-0.9852891,-0.70543295,0.3121947001665831,0.0044132709503173825,0.08837011456489563
0.454890227005844,0.028311883740051672,0.0747475564151385,78.66,285666.1102702698,3.96,102023.6108108108,1.0,-0.3256324961088879,11.745000000000001,0.0,0.040649,-0.9852891,-0.70543295,0.3121947001665831,0.0044132709503173825,0.08837011456489563
0.46098340122534126,0.017893555865760358,0.06273862783840682,81.17999999999999,330301.4399999995,5.04,141557.76,1.0,0.10162663655506066,11.75,0.0,0.040649,-0.9852891,-0.70543295,0.3121947001665831,0.0044132709503173825,0.08837011456489563
0.4661393402604402,0.01755483135387935,0.06195700500771635,83.16,45.49261258497634,6.66,37.221228478616936,1.0,-0.1577806939909081,11.755,0.0,0.040649,-0.9852891,-0.70543295,0.3121947001665831,0.0044132709503173825,0.08837011456489563
0.47084429429818714,0.014238794936421119,0.06400410280652909,84.78,113246.20800000032,8.64,138412.03200000004,1.0,0.11688589129305882,11.76,0.0,-0.015801378,-0.8395041,-0.96310973,0.2952595867216587,0.04814876317977905,0.011067080497741699
0.47644538631227323,0.012810260427964468,0.06434355476925788,85.86,119206.53473684192,11.34,298016.3368421052,1.0,-0.29511398663289157,11.765,0.0,-0.015801378,-0.8395041,-0.96310973,0.2952595867216587,0.04814876317977905,0.011067080497741699
0.48077572810664776,0.008248236973025392,0.06996575593006046,86.39999999999999,70778.87999999896,14.58,424673.28,1.0,0.14740440076905514,11.77,0.0,-0.015801378,-0.8395041,-0.96310973,0.2952595867216587,0.04814876317977905,0.011067080497741699
0.4831980238579125,0.0006927908724864468,0.06235802686463838,86.58,26033.611034483743,18.72,598773.0537931033,1.0,-0.21881771294290076,11.775,0.0,-0.015801378,-0.8395041,-0.96310973,0.2952595867216587,0.04814876317977905,0.011067080497741699
0.483461994384631,-0.003558427498442188,0.05674690061586045,86.39999999999999,-22878.021818182686,23.04,549072.5236363637,1.0,-0.05096591082492097,11.78,0.0,-0.73890555,-0.30596069,0.72771436,0.07832833528518676,0.20821179449558258,0.5183143079280853
0.48398772626099473,0.005468223902907193,0.05290434841921608,86.03999999999999,-47185.919999999925,27.72,613416.96,1.0,-0.29511398663289157,11.785,0.0,-0.73890555,-0.30596069,0.72771436,0.07832833528518676,0.20821179449558258,0.5183143079280853
0.48374128604167,-0.010141725454785037,0.0740293110040414,85.5,-66615.41647058725,32.22,555128.4705882353,1.0,0.1626636555070533,11.790000000000001,0.0,-0.73890555,-0.30596069,0.72771436,0.07832833528518676,0.20821179449558258,0.5183143079280853
0.484208040864035,-0.003064733967900716,0.08766145925466043,84.78,-30504.029090909044,36.18,167772.16000000003,1.0,-0.5850398266548567,11.795,0.0,-0.73890555,-0.30596069,0.72771436,0.07832833528518676,0.20821179449558258,0.5183143079280853
0.4835815666900824,-0.007973370638875793,0.09685071034491552,84.42,-8.709504868257104,39.6,82.74029624844266,1.0,0.29999694814903677,11.8,0.0,-0.32939667,-0.573686,-0.2765222,0.20118100047111512,0.12789419889450074,0.21704334318637847
0.48321424470988883,-0.011526321105401473,0.11275533430906298,84.06,-15894.204631578923,41.76,95365.22778947353,1.0,-0.005188146610926481,11.805,0.0,-0.32939667,-0.573686,-0.2765222,0.20118100047111512,0.12789419889450074,0.21704334318637847
0.48206681785173827,-0.0049578213053377545,0.13604354598129975,84.06,0.0,42.48,68634.06545454534,1.0,0.05584887234106617,11.81,0.0,-0.32939667,-0.573686,-0.2765222,0.20118100047111512,0.12789419889450074,0.21704334318637847
0.48177535045928327,-0.016570866986789445,0.15013706193843593,84.42,43141.412571428504,41.94,-64712.118857142756,1.0,-0.11200292977691362,11.815,0.0,-0.32939667,-0.573686,-0.2765222,0.20118100047111512,0.12789419889450074,0.21704334318637847
0.4812747444575265,0.0014816092510328012,0.1554959291872876,84.78,45756.04363636357,40.68,-160146.15272727248,1.0,0.14740440076905514,11.82,0.0,-0.2813728,-0.68122613,-0.7949257,0.2155881643295288,0.09563215970993041,0.06152229309082031
0.47973925011285024,-0.007611384891502716,0.15943496244989883,84.96,22878.021818180878,39.059999999999995,-205902.19636363693,1.0,-0.005188146610926481,11.825000000000001,0.0,-0.2813728,-0.68122613,-0.7949257,0.2155881643295288,0.09563215970993041,0.06152229309082031
0.47778274908683493,-0.025210351156908048,0.1617387009114259,85.14,22205.138823530255,37.44,-199846.24941176438,1.0,-0.020447401348924643,11.83,0.0,-0.2813728,-0.68122613,-0.7949257,0.2155881643295288,0.09563215970993041,0.06152229309082031
0.4778177605914481,-0.004930332672013761,0.16104595382907874,84.96,-24354.023225807374,35.64,-243540.23225806412,1.0,-0.34089175084688605,11.835,0.0,-0.2813728,-0.68122613,-0.7949257,0.2155881643295288,0.09563215970993041,0.06152229309082031
0.47631484372698213,-0.00351398380611323,0.1610435901283653,84.78,-4.122796387107879,34.019999999999996,-37.10516748397254,1.0,0.05584887234106617,11.84,0.0,-0.31706655,-0.69431245,-0.96551526,0.20488003492355347,0.09170626401901245,0.010345423221588134
0.47511270160388647,-0.007220051722092688,0.1608787219907229,84.42,-16592.850989010964,32.4,-74667.82945054934,1.0,-0.38666951506088054,11.845,0.0,-0.31706655,-0.69431245,-0.96551526,0.20488003492355347,0.09170626401901245,0.010345423221588134
0.4744473721550943,0.010728316356640866,0.16145317295322154,83.88,-19694.992695652403,30.599999999999998,-65649.97565217393,1.0,0.17792291024505147,11.85,0.0,-0.31706655,-0.69431245,-0.96551526,0.20488003492355347,0.09170626401901245,0.010345423221588134
0.4705346624488295,0.011612264849936186,0.17029891070013248,83.34,-56623.10399999916,28.799999999999997,-188743.68000000008,1.0,0.025330362865069844,11.855,0.0,-0.31706655,-0.69431245,-0.96551526,0.20488003492355347,0.09170626401901245,0.010345423221588134
0.4570312161589787,0.025297993732404014,0.18186946082757097,82.61999999999999,-97416.09290322757,27.18,-219186.20903225773,1.0,0.14740440076905514,11.86,0.0,0.10196902,-0.70262766,-1.3760253,0.3305907055735588,0.08921170234680176,0.0
0.440722485132642,0.02309009172515706,0.19464164037531906,81.72,-107853.53142857041,25.38,-215707.06285714294,1.0,-0.34089175084688605,11.865,0.0,0.10196902,-0.70262766,-1.3760253,0.3305907055735588,0.08921170234680176,0.0
0.42425400672322217,0.03447420511694003,0.2106330307136404,80.82,-102023.61081081146,23.58,-204047.2216216217,1.0,-0.035706656086922806,11.870000000000001,0.0,0.10196902,-0.70262766,-1.3760253,0.3305907055735588,0.08921170234680176,0.0
0.40622180304286815,0.043853555379685,0.2255096882807671,79.92,-117964.79999999888,21.779999999999998,-235929.6000000001,1.0,-0.3256324961088879,11.875,0.0,0.10196902,-0.70262766,-1.3760253,0.3305907055735588,0.08921170234680176,0.0
0.387523262114087,0.04863745117693087,0.23404089378633888,78.84,-146124.13935483847,19.8,-267894.25548387057,1.0,-0.06622516556291913,11.88,0.0,-0.03331949,-0.7119838,-1.1882274,0.2900041535496712,0.08640486001968384,0.0
0.37208915694558553,0.056642996189742174,0.2375662779215335,77.75999999999999,-24.335313817871487,17.82,-44.61474199943056,1.0,-0.3256324961088879,11.885,0.0,-0.03331949,-0.7119838,-1.1882274,0.2900041535496712,0.08640486001968384,0.0
0.35555202939158315,0.07688813382200355,0.23973617744005934,76.67999999999999,-52067.222068965435,15.84,-95456.57379310347,1.0,-0.23407696768089892,11.89,0.0,-0.03331949,-0.7119838,-1.1882274,0.2900041535496712,0.08640486001968384,0.0
0.34181574648926444,0.0893137757214137,0.24009648009445775,75.42,-40967.620465115986,14.04,-58525.17209302328,1.0,-0.035706656086922806,11.895,0.0,-0.03331949,-0.7119838,-1.1882274,0.2900041535496712,0.08640486001968384,0.0
0.330500401821743,0.08945851810807046,0.23936586611799987,73.98,-177641.11058823502,12.24,-222051.388235294,1.0,-0.005188146610926481,11.9,0.0,0.4040852,-0.76194346,-1.2593681,0.421225556731224,0.07141696214675904,0.0
0.31923985485389206,0.09086546291508565,0.23957218963763569,72.53999999999999,-188743.68000000156,10.44,-235929.6000000001,1.0,-0.18829920346690443,11.905,0.0,0.4040852,-0.76194346,-1.2593681,0.421225556731224,0.07141696214675904,0.0
0.3093245510573831,0.08873636099414703,0.23910632667576617,71.1,-177641.11058823502,8.82,-199846.2494117646,1.0,-0.08148442030091729,11.91,0.0,0.4040852,-0.76194346,-1.2593681,0.421225556731224,0.07141696214675904,0.0
0.3022560940263068,0.08508721440586922,0.23731287397937198,69.48,-107853.53142857079,7.199999999999999,-107853.5314285715,1.0,-0.21881771294290076,11.915000000000001,0.0,0.4040852,-0.76194346,-1.2593681,0.421225556731224,0.07141696214675904,0.0
0.2951445481859354,0.08688258471839265,0.23607596112716617,67.86,-226492.41600000064,5.76,-201326.59199999992,1.0,0.14740440076905514,11.92,0.0,0.25566602,-0.92819417,-0.9807838,0.3766998052597046,0.02154175043106079,0.005764853954315185
0.28793352779723935,0.09863547944749491,0.23613829092589247,66.06,-251658.2399999996,4.32,-201326.59199999992,1.0,-0.005188146610926481,11.925,0.0,0.25566602,-0.92819417,-0.9807838,0.3766998052597046,0.02154175043106079,0.005764853954315185
0.28293160293647807,0.09287254852360774,0.2341254271745702,64.08,-47.92494442713212,3.06,-30.49769190817493,1.0,-0.08148442030091729,11.93,0.0,0.25566602,-0.92819417,-0.9807838,0.3766998052597046,0.02154175043106079,0.005764853954315185
0.28064934647468265,0.09402244281929574,0.22768929807954913,62.28,-100663.29599999984,1.98,-60397.977600000006,1.0,-0.3714102603228824,11.935,0.0,0.25566602,-0.92819417,-0.9807838,0.3766998052597046,0.02154175043106079,0.005764853954315185
0.27996306805318777,0.09769879260644586,0.21564302450528308,59.58,-290374.8923076926,2.16,19358.32615384617,1.0,-0.005188146610926481,11.94,0.0,0.7347306,-0.8779162,-0.25643572,0.520419180393219,0.03662513494491577,0.2230692833662033
0.27900733005637485,0.09665768552913567,0.20074796672814918,57.059999999999995,-91117.63862068977,2.52,13016.805517241375,1.0,-0.1577806939909081,11.945,0.0,0.7347306,-0.8779162,-0.25643572,0.520419180393219,0.03662513494491577,0.2230692833662033
0.2794626905207955,0.09355668834771662,0.18397186260376536,54.36,-333077.08235294063,3.2399999999999998,88820.55529411761,1.0,0.11688589129305882,11.950000000000001,0.0,0.7347306,-0.8779162,-0.25643572,0.520419180393219,0.03662513494491577,0.2230692833662033
0.280607449913765,0.09893692196314446,0.16657113807775875,51.48,-335544.3200000003,3.96,83886.08000000002,1.0,-0.2035584582049026,11.955,0.0,0.7347306,-0.8779162,-0.25643572,0.520419180393219,0.03662513494491577,0.2230692833662033
0.2809602660205056,0.09098077895016059,0.14946518355047142,48.6,-355282.22117647005,4.859999999999999,111025.694117647,1.0,-0.05096591082492097,11.96,0.0,0.29318798,-1.1168824,-0.87111163,0.3879563927650452,0.0,0.038666510581970216
0.2825192206920799,0.09471728928182126,0.133758565478164,45.54,-414018.39483870997,5.58,97416.09290322589,1.0,-0.005188146610926481,11.965,0.0,0.29318798,-1.1168824,-0.87111163,0.3879563927650452,0.0,0.038666510581970216
0.2849845026302506,0.08968399559783495,0.1191076713508082,42.66,-66.60855970708903,6.3,16.65213992677224,1.0,0.04058961760306801,11.97,0.0,0.29318798,-1.1168824,-0.87111163,0.3879563927650452,0.0,0.038666510581970216
0.2870128137107842,0.09298198473775601,0.10612290214674955,39.78,-180292.47044776092,7.02,45073.11761194028,1.0,-0.11200292977691362,11.975,0.0,0.29318798,-1.1168824,-0.87111163,0.3879563927650452,0.0,0.038666510581970216
0.2897042967892364,0.09129124942296275,0.093391783294628,37.08,-306070.83243243274,7.38,40809.44432432436,1.0,0.2084414197210478,11.98,0.0,0.77099895,-0.9709207,-0.3742117,0.5312996864318847,0.008723795413970947,0.18773649036884307
0.29380788931688384,0.09867510399145892,0.08373404087627395,34.56,-330301.4399999995,7.38,0.0,1.0,-0.05096591082492097,11.985,0.0,0.77099895,-0.9709207,-0.3742117,0.5312996864318847,0.008723795413970947,0.18773649036884307
0.2967371088741375,0.09078388245377722,0.07522921336366813,32.4,-266461.6658823534,7.02,-44410.277647058865,1.0,0.17792291024505147,11.99,0.0,0.77099895,-0.9709207,-0.3742117,0.5312996864318847,0.008723795413970947,0.18773649036884307
0.3000421316415083,0.0886695875160234,0.07032698215248007,30.419999999999998,-251658.24000000005,6.12,-114390.10909090903,1.0,-0.14252143925290994,11.995000000000001,0.0,0.77099895,-0.9709207,-0.3742117,0.5312996864318847,0.008723795413970947,0.18773649036884307
0.30457056700893836,0.08733302276877573,0.054730820882050196,28.98,-188743.6799999997,4.5,-212336.64,1.0,0.07110812707906433,12.0,0.0,0.62183356,-1.3085996,-0.98926723,0.4865500688552856,0.0,0.0032198309898376462
0.30900176670321394,0.08656408717108684,0.056614316778548696,27.9,-40087.15327433635,2.34,-80174.30654867257,1.0,-0.3256324961088879,12.005,0.0,0.62183356,-1.3085996,-0.98926723,0.4865500688552856,0.0,0.0032198309898376462
0.31239693478740105,0.09189245743966108,0.05512340464176026,26.279999999999998,-234302.49931034498,1.6199999999999999,-104134.44413793103,1.0,0.11688589129305882,12.01,0.0,0.62183356,-1.3085996,-0.98926723,0.4865500688552856,0.0,0.0032198309898376462
0.31838875509698605,0.09987638805508302,0.05630004756166017,25.2,-26.223353575584216,2.16,13.111676787792135,1.0,-0.5392620624408622,12.015,0.0,0.62183356,-1.3085996,-0.98926723,0.4865500688552856,0.0,0.0032198309898376462
0.3331935182592512,0.1072688298951433,0.05507808343699041,24.84,-16777.215999999975,1.98,-8388.608000000007,1.0,0.22370067445904596,12.02,0.0,0.88137436,-1.5140922,-1.1099402,0.5644123077392578,0.0,0.0
0.3487863023327981,0.11493725988371994,0.05421172161725241,24.48,-37748.73599999994,1.6199999999999999,-37748.73600000001,1.0,-0.29511398663289157,12.025,0.0,0.88137436,-1.5140922,-1.1099402,0.5644123077392578,0.0,0.0
0.36023812340203476,0.10257039614322858,0.0531482591083552,24.48,0.0,1.6199999999999999,0.0,1.0,0.07110812707906433,12.030000000000001,0.0,0.88137436,-1.5140922,-1.1099402,0.5644123077392578,0.0,0.0
0.36984950429952096,0.09563827390039853,0.06414489381307686,25.2,94371.83999999985,1.6199999999999999,0.0,1.0,-0.26459547715689524,12.035,0.0,0.88137436,-1.5140922,-1.1099402,0.5644123077392578,0.0,0.0
0.3752975588434166,0.0954963677997653,0.0733771863764932,25.919999999999998,83886.07999999987,1.6199999999999999,0.0,1.0,-0.2798547318948934,12.040000000000001,0.0,1.0774814,-1.5893483,-0.93618584,0.6,0.0,0.019144248962402344
0.3792593588540703,0.08405703150508154,0.08141285503920055,27.0,133230.8329411767,1.6199999999999999,0.0,1.0,-0.2035584582049026,12.045,0.0,1.0774814,-1.5893483,-0.93618584,0.6,0.0,0.019144248962402344
0.3860278066078295,0.08600685815579957,0.0805580468425953,28.619999999999997,205902.19636363603,1.6199999999999999,0.0,1.0,-0.09674367503891546,12.05,0.0,1.0774814,-1.5893483,-0.93618584,0.6,0.0,0.019144248962402344
0.393938928080637,0.07668492567205189,0.07563205942353941,30.419999999999998,40.62564074968926,1.6199999999999999,0.0,1.0,-0.17303994872890627,12.055,0.0,1.0774814,-1.5893483,-0.93618584,0.6,0.0,0.019144248962402344
0.3987581299553332,0.06997767490868452,0.07653210625800384,32.58,148519.61704918035,1.6199999999999999,0.0,1.0,0.11688589129305882,12.06,0.0,1.2467183,-1.6723129,-0.69792014,0.6,0.0,0.09062395691871643
0.4054947206137595,0.050872624337123334,0.08584634339987397,35.1,320292.3054545458,1.6199999999999999,0.0,1.0,-0.3256324961088879,12.065,0.0,1.2467183,-1.6723129,-0.69792014,0.6,0.0,0.09062395691871643
0.41300399526679893,0.037626642533163744,0.09558978319541352,37.8,353894.39999999944,1.6199999999999999,0.0,1.0,-0.12726218451491178,12.07,0.0,1.2467183,-1.6723129,-0.69792014,0.6,0.0,0.09062395691871643
0.4180300289331514,0.027465611897569134,0.105590956057239,40.68,416537.7765517245,1.6199999999999999,0.0,1.0,-0.09674367503891546,12.075000000000001,0.0,1.2467183,-1.6723129,-0.69792014,0.6,0.0,0.09062395691871643
0.42312421038943043,0.0204902014732379,0.10976983119129755,43.739999999999995,414018.39483870903,1.6199999999999999,0.0,1.0,-0.11200292977691362,12.08,0.0,1.4837319,-1.9594816,0.2789853,0.6,0.0,0.383695587515831
0.42757236957826084,0.01835002302252072,0.11755292543868616,46.8,388926.3709090912,1.6199999999999999,0.0,1.0,0.010071108127071682,12.085,0.0,1.4837319,-1.9594816,0.2789853,0.6,0.0,0.383695587515831
0.43103335745785265,0.013198345986319129,0.11102801370030853,50.22,94371.84000000004,1.6199999999999999,0.0,1.0,0.17792291024505147,12.09,0.0,1.4837319,-1.9594816,0.2789853,0.6,0.0,0.383695587515831
0.4341022322722961,0.00521855182440659,0.11321664205190694,53.64,434682.4145454548,1.6199999999999999,0.0,1.0,-0.24933622241889708,12.095,0.0,1.4837319,-1.9594816,0.2789853,0.6,0.0,0.383695587515831
0.43939633114460025,0.021937784367895573,0.1107602129772548,57.059999999999995,82.8588243992605,1.6199999999999999,0.0,1.0,-0.020447401348924643,12.1,0.0,1.1981802,-1.4263601,-0.12255544,0.6,0.0,0.26323336735367775
0.4441962770176825,0.008083675992988697,0.10322463133150712,60.66,83886.08000000003,1.7999999999999998,4194.303999999998,1.0,-0.21881771294290076,12.105,0.0,1.1981802,-1.4263601,-0.12255544,0.6,0.0,0.26323336735367775
0.44797788472374905,0.006174762910008616,0.09537641213988998,64.08,341536.18285714305,1.7999999999999998,0.0,1.0,-0.2035584582049026,12.11,0.0,1.1981802,-1.4263601,-0.12255544,0.6,0.0,0.26323336735367775
0.4531350668361248,0.0018125221303201937,0.08405005047597022,67.5,421897.63764705905,1.7999999999999998,0.0,1.0,-0.24933622241889708,12.115,0.0,1.1981802,-1.4263601,-0.12255544,0.6,0.0,0.26323336735367775
0.4584073699380947,0.001069525666288544,0.07759969475845031,70.92,478150.65600000025,1.98,25165.824000000022,1.0,0.2847376934110386,12.120000000000001,0.0,1.3332589,-1.6971608,0.5955951,0.6,0.0,0.47867853641510005
0.46296119494771537,-0.017372227648195748,0.0715047116585491,74.16,399692.49882352876,2.16,22205.138823529433,1.0,-0.18829920346690443,12.125,0.0,1.3332589,-1.6971608,0.5955951,0.6,0.0,0.47867853641510005
0.46735567412046375,-0.016316496176318078,0.06359443596529554,77.39999999999999,399692.49882352876,2.52,44410.27764705881,1.0,0.1626636555070533,12.13,0.0,1.3332589,-1.6971608,0.5955951,0.6,0.0,0.47867853641510005
0.47318672159054237,-0.0002535102149222201,0.06533823923718862,80.46,401080.3200000003,3.06,70778.88,1.0,-0.2798547318948934,12.135,0.0,1.3332589,-1.6971608,0.5955951,0.6,0.0,0.47867853641510005
0.47770099349378714,-0.006762505925235874,0.05773109950138297,83.16,62.52137005057092,3.78,16.67236534681889,1.0,-0.12726218451491178,12.14,0.0,0.9494144,-1.1302367,0.038900435,0.5848243117332458,0.0,0.3116701304912567
0.4824133985775571,-0.0022746099374465196,0.05668787167768726,85.5,132630.69405405424,5.04,71416.52756756758,1.0,-0.020447401348924643,12.145,0.0,0.9494144,-1.1302367,0.038900435,0.5848243117332458,0.0,0.3116701304912567
0.48619310756004097,-0.013073555806282397,0.05576011026873861,87.47999999999999,237277.76914285592,6.84,215707.06285714282,1.0,0.11688589129305882,12.15,0.0,0.9494144,-1.1302367,0.038900435,0.5848243117332458,0.0,0.3116701304912567
0.4900277177977805,-0.004907797757535004,0.06502108712805427,88.92,177641.11058823677,9.36,310871.9435294117,1.0,-0.38666951506088054,12.155000000000001,0.0,0.9494144,-1.1302367,0.038900435,0.5848243117332458,0.0,0.3116701304912567
0.4929988178469001,-0.003382459140230985,0.07881812700451873,89.64,32472.030967741885,12.6,146124.13935483873,1.0,0.010071108127071682,12.16,0.0,-0.1272359,-0.4817665,1.2412727,0.2618292286992073,0.15547005236148834,0.6
0.4957655895779072,-0.006880931836641413,0.08509770051596943,90.0,40809.44432432426,16.74,469308.6097297296,1.0,-0.1577806939909081,12.165000000000001,0.0,-0.1272359,-0.4817665,1.2412727,0.2618292286992073,0.15547005236148834,0.6
0.49801232853201965,-0.013451592081412323,0.09095509796041351,89.64,-44410.277647058756,21.419999999999998,577333.6094117647,1.0,0.04058961760306801,12.17,0.0,-0.1272359,-0.4817665,1.2412727,0.2618292286992073,0.15547005236148834,0.6
0.49983129796746545,-0.014977037917336209,0.11060224241044708,89.28,-48708.04645161283,26.279999999999998,657558.6270967742,1.0,-0.34089175084688605,12.175,0.0,-0.1272359,-0.4817665,1.2412727,0.2618292286992073,0.15547005236148834,0.6
0.5020182707218791,0.0010714698897444442,0.12299455130982394,88.38,-130168.05517241462,31.14,702907.4979310349,1.0,0.11688589129305882,12.18,0.0,0.4645099,-0.64421105,0.24517512,0.4393529713153839,0.10673668384552001,0.3735525369644165
0.5031192566237512,-0.005616671967956108,0.1365560049788039,87.66,-17.120675779101845,35.64,107.00422361938669,1.0,-0.14252143925290994,12.185,0.0,0.4645099,-0.64421105,0.24517512,0.4393529713153839,0.10673668384552001,0.3735525369644165
0.5036591731623415,0.0015825189321282429,0.15647795084793525,86.94,-46459.98276923069,39.059999999999995,220684.9181538458,1.0,-0.09674367503891546,12.19,0.0,0.4645099,-0.64421105,0.24517512,0.4393529713153839,0.10673668384552001,0.3735525369644165
0.5040016197240639,-0.01126893792883442,0.17170617068952906,86.58,-43141.412571428504,41.04,237277.7691428576,1.0,-0.23407696768089892,12.195,0.0,0.4645099,-0.64421105,0.24517512,0.4393529713153839,0.10673668384552001,0.3735525369644165
0.5033931846122645,-0.0204100170973539,0.18580977244260946,86.58,0.0,41.22,6863.406545454534,1.0,0.11688589129305882,12.200000000000001,0.0,0.43229747,-0.70525205,-0.21235213,0.42968924045562745,0.08842438459396362,0.23629436194896697
0.5032565010897377,-0.017971760005490903,0.20380040475657213,86.75999999999999,21570.7062857134,40.14,-129424.23771428551,1.0,-0.4019287697988787,12.205,0.0,0.43229747,-0.70525205,-0.21235213,0.42968924045562745,0.08842438459396362,0.23629436194896697
0.502933196915808,-0.014005000716647904,0.22010343046727723,87.11999999999999,47185.919999999925,38.16,-259522.56000000052,1.0,0.2084414197210478,12.21,0.0,0.43229747,-0.70525205,-0.21235213,0.42968924045562745,0.08842438459396362,0.23629436194896697
0.5023532245790522,-0.019056257848300798,0.23193392127364576,87.3,13245.170526316291,35.82,-172187.216842105,1.0,-0.2035584582049026,12.215,0.0,0.43229747,-0.70525205,-0.21235213,0.42968924045562745,0.08842438459396362,0.23629436194896697
0.5022095176624364,-0.012745436203389315,0.24279931532186647,87.47999999999999,26033.61103448169,32.94,-416537.7765517245,1.0,0.11688589129305882,12.22,0.0,0.45886284,-0.82274544,-0.73126173,0.43765885233879087,0.05317636728286743,0.08062148094177246
0.5018969264697578,-0.01685642975622024,0.24977314445846022,87.47999999999999,0.0,29.88,-71.0572310281636,1.0,-0.5087435529648658,12.225,0.0,0.45886284,-0.82274544,-0.73126173,0.43765885233879087,0.05317636728286743,0.08062148094177246
0.5012363259411391,-0.014433520628241613,0.25523003268787214,87.3,-11268.279402984612,26.82,-191560.7498507462,1.0,-0.05096591082492097,12.23,0.0,0.45886284,-0.82274544,-0.73126173,0.43765885233879087,0.05317636728286743,0.08062148094177246
0.5010359403084196,-0.010280523246089345,0.26609167535493033,87.11999999999999,-21570.706285715103,23.759999999999998,-366702.00685714313,1.0,-0.09674367503891546,12.235,0.0,0.45886284,-0.82274544,-0.73126173,0.43765885233879087,0.05317636728286743,0.08062148094177246
0.4999591182431168,0.005592429764571995,0.2801229835429965,86.75999999999999,-45756.04363636357,20.16,-457560.4363636361,1.0,0.10162663655506066,12.24,0.0,0.9077624,-0.8218218,-1.2308437,0.5723287224769592,0.053453457355499265,0.0
0.4991083107491702,0.002538400366163147,0.2919297188493712,86.22,-75497.47199999889,16.74,-478150.65600000025,1.0,-0.14252143925290994,12.245000000000001,0.0,0.9077624,-0.8218218,-1.2308437,0.5723287224769592,0.053453457355499265,0.0
0.4986881747336232,0.005378072141349844,0.3040828090452231,85.67999999999999,-75497.47200000087,12.959999999999999,-528482.3039999999,1.0,-0.020447401348924643,12.25,0.0,0.9077624,-0.8218218,-1.2308437,0.5723287224769592,0.053453457355499265,0.0
0.4979941117203145,0.02720992531897451,0.31445770936426903,85.14,-70778.87999999896,9.36,-471859.19999999995,1.0,-0.09674367503891546,12.255,0.0,0.9077624,-0.8218218,-1.2308437,0.5723287224769592,0.053453457355499265,0.0
0.4979468740182229,0.0326869482394503,0.32210846620196404,84.42,-97416.09290322565,5.58,-511434.4877419354,1.0,-0.08148442030091729,12.26,0.0,0.69897187,-0.8970821,-1.405208,0.5096915602684021,0.030875372886657714,0.0
0.4978117431629926,0.01687832136087437,0.3273402809954636,83.7,-25165.82399999996,1.7999999999999998,-132120.576,1.0,-0.21881771294290076,12.265,0.0,0.69897187,-0.8970821,-1.405208,0.5096915602684021,0.030875372886657714,0.0
0.49748352755122766,0.041387422010473955,0.33030144749159357,81.17999999999999,-59.96043772017928,2.16,8.565776817168441,1.0,0.6814783165989908,12.27,0.0,0.69897187,-0.8970821,-1.405208,0.5096915602684021,0.030875372886657714,0.0
0.4981646165146671,0.03231002440113796,0.33234344657931264,79.2,-150994.94399999923,3.5999999999999996,109814.5047272727,1.0,-0.29511398663289157,12.275,0.0,0.69897187,-0.8970821,-1.405208,0.5096915602684021,0.030875372886657714,0.0
0.4987195340618021,0.04054450934766112,0.332749930835226,76.86,-327155.71200000047,4.68,150994.94400000002,1.0,-0.21881771294290076,12.280000000000001,0.0,0.91554725,-0.9347402,-0.90936506,0.5746641755104065,0.01957794427871704,0.02719048261642456
0.499272687990734,0.0504685095232538,0.3325817958370292,74.7,-292248.27870967693,5.3999999999999995,97416.09290322577,1.0,-0.06622516556291913,12.285,0.0,0.91554725,-0.9347402,-0.90936506,0.5746641755104065,0.01957794427871704,0.02719048261642456
0.5006349586066325,0.049005846452920596,0.33270645938744153,73.08,-234302.49931034548,5.04,-52067.222068965435,1.0,-0.08148442030091729,12.290000000000001,0.0,0.91554725,-0.9347402,-0.90936506,0.5746641755104065,0.01957794427871704,0.02719048261642456
0.5018627109164382,0.05874862922349114,0.3314491109394612,71.82,-170478.16258064585,4.32,-97416.09290322577,1.0,-0.31037324137088973,12.295,0.0,0.91554725,-0.9347402,-0.90936506,0.5746641755104065,0.01957794427871704,0.02719048261642456
0.5015069374536326,0.06597742400663976,0.32960979960903836,70.56,-165150.7199999988,2.88,-188743.68000000005,1.0,-0.06622516556291913,12.3,0.0,0.3790765,-1.1906539,-1.2617465,0.41372295320034025,0.0,0.0
0.4988028773205374,0.0595365179520484,0.3284887808052181,69.48,-150994.94399999976,1.6199999999999999,-176160.768,1.0,-0.18829920346690443,12.305,0.0,0.3790765,-1.1906539,-1.2617465,0.41372295320034025,0.0,0.0
0.4948751164765582,0.05787921415187672,0.3273879658528953,67.86,-212336.6400000006,1.7999999999999998,23592.959999999992,1.0,-0.11200292977691362,12.31,0.0,0.3790765,-1.1906539,-1.2617465,0.41372295320034025,0.0,0.0
0.4924115840259387,0.05955954848751902,0.32279835625824316,66.78,-24.879707365299023,1.98,4.146617894216514,1.0,-0.2035584582049026,12.315,0.0,0.3790765,-1.1906539,-1.2617465,0.41372295320034025,0.0,0.0
0.4919186431382834,0.0523677524157478,0.3116484865671418,65.88,-37374.9861386141,1.7999999999999998,-7474.997227722779,1.0,-0.035706656086922806,12.32,0.0,0.37105003,-1.2061794,-1.3871789,0.4113150089979172,0.0,0.0
0.49223029025050247,0.05783156101688545,0.2940521492243399,65.16,-73656.07024390233,1.6199999999999999,-18414.017560975604,1.0,-0.020447401348924643,12.325000000000001,0.0,0.37105003,-1.2061794,-1.3871789,0.4113150089979172,0.0,0.0
0.49256819518227657,0.04787314461250917,0.27344920820530133,64.44,-91512.08727272713,1.6199999999999999,0.0,1.0,0.0863673818170625,12.33,0.0,0.37105003,-1.2061794,-1.3871789,0.4113150089979172,0.0,0.0
0.49350463527672567,0.06285646015769325,0.25122830386076883,64.08,-50331.64799999992,1.6199999999999999,0.0,1.0,-0.3256324961088879,12.335,0.0,0.37105003,-1.2061794,-1.3871789,0.4113150089979172,0.0,0.0
0.49415828503233655,0.06319945591085857,0.22893891743752576,63.9,-22205.138823529378,1.6199999999999999,0.0,1.0,-0.11200292977691362,12.34,0.0,0.21093199,-1.247992,-1.4627599,0.3632795959711075,0.0,0.0
0.4943965490906634,0.06450484647970667,0.2072295595070422,63.72,-24354.023225806413,1.6199999999999999,0.0,1.0,-0.43244727927487503,12.345,0.0,0.21093199,-1.247992,-1.4627599,0.3632795959711075,0.0,0.0
0.49440316161493303,0.06330716089552221,0.18711637550386354,63.9,24354.023225806413,1.6199999999999999,0.0,1.0,0.025330362865069844,12.35,0.0,0.21093199,-1.247992,-1.4627599,0.3632795959711075,0.0,0.0
0.494229601111786,0.0661227269429801,0.16801637651097182,64.08,4.088480496482699,1.6199999999999999,0.0,1.0,-0.12726218451491178,12.355,0.0,0.21093199,-1.247992,-1.4627599,0.3632795959711075,0.0,0.0
0.4943374138413055,0.0761217136164404,0.14976891885946636,64.62,44410.27764705934,1.6199999999999999,0.0,1.0,0.2542191839350423,12.36,0.0,0.11012679,-1.2153187,-1.4467287,0.3330380380153656,0.0,0.0
0.4938108199770723,0.07514340470395144,0.13368257053494953,64.98,48708.04645161283,1.7999999999999998,24354.023225806442,1.0,-0.06622516556291913,12.365,0.0,0.11012679,-1.2153187,-1.4467287,0.3330380380153656,0.0,0.0
0.4929314521197871,0.07185104214523237,0.11918090372846162,65.52,22649.241599999667,1.7999999999999998,0.0,1.0,-0.005188146610926481,12.370000000000001,0.0,0.11012679,-1.2153187,-1.4467287,0.3330380380153656,0.0,0.0
0.49223273696542974,0.07035897285140458,0.1056665205110967,66.24,58074.97846153837,1.7999999999999998,0.0,1.0,-0.23407696768089892,12.375,0.0,0.11012679,-1.2153187,-1.4467287,0.3330380380153656,0.0,0.0
0.48978819367081006,0.06188857944352673,0.09494574568823544,66.96,97416.09290322565,1.7999999999999998,0.0,1.0,0.11688589129305882,12.38,0.0,0.02874146,-1.1689508,-1.2215728,0.3086224380880594,0.0,0.0
0.4861790829572536,0.05706305654346904,0.08344736372393491,67.67999999999999,91512.08727272713,1.7999999999999998,0.0,1.0,-0.4934842982268677,12.385,0.0,0.02874146,-1.1689508,-1.2215728,0.3086224380880594,0.0,0.0
0.4821135669377456,0.06618802163009906,0.0729423623401527,68.58,121770.11612903302,1.7999999999999998,0.0,1.0,-0.05096591082492097,12.39,0.0,0.02874146,-1.1689508,-1.2215728,0.3086224380880594,0.0,0.0
0.47802571832033514,0.06769177449653213,0.06696343473254812,69.3,97416.09290322565,1.7999999999999998,0.0,1.0,-0.14252143925290994,12.395,0.0,0.02874146,-1.1689508,-1.2215728,0.3086224380880594,0.0,0.0
0.4704731695720818,0.05884853866179868,0.06105417636324081,70.02,17.529117768271206,1.7999999999999998,0.0,1.0,-0.11200292977691362,12.4,0.0,-0.103064775,-1.0251607,-1.1381457,0.2690805673599243,0.0,0.0
0.46357455167325573,0.05654728106838849,0.05162595077804261,70.74,40265.31839999994,1.7999999999999998,0.0,1.0,-0.2035584582049026,12.405000000000001,0.0,-0.103064775,-1.0251607,-1.1381457,0.2690805673599243,0.0,0.0
0.45743185702547556,0.037418076226229086,0.042727473439262455,71.46,83886.07999999987,1.98,20971.52000000002,1.0,-0.11200292977691362,12.41,0.0,-0.103064775,-1.0251607,-1.1381457,0.2690805673599243,0.0,0.0
0.4493455276507981,0.03765829163355439,0.03553672428475641,72.0,73062.06967742021,2.16,24354.02322580647,1.0,-0.09674367503891546,12.415000000000001,0.0,-0.103064775,-1.0251607,-1.1381457,0.2690805673599243,0.0,0.0
0.43920955508829324,0.016752076643665872,0.02338119807857464,72.53999999999999,18564.952131147267,2.52,12376.634754098357,1.0,-0.2035584582049026,12.42,0.0,-0.23864526,-0.9193491,-0.79050595,0.228406423330307,0.02419527769088745,0.0628482162952423
0.43175571021094256,0.01027107151312928,0.03629395581931615,72.89999999999999,43141.412571428504,2.88,43141.412571428555,1.0,-0.31037324137088973,12.425,0.0,-0.23864526,-0.9193491,-0.79050595,0.228406423330307,0.02419527769088745,0.0628482162952423
0.42305963771810146,0.015332172345281864,0.024158461311083394,73.08,22205.138823530255,3.42,66615.41647058824,1.0,-0.005188146610926481,12.43,0.0,-0.23864526,-0.9193491,-0.79050595,0.228406423330307,0.02419527769088745,0.0628482162952423
0.41333544020195295,0.005627759943938646,0.022394163936223378,73.25999999999999,13245.170526315245,4.14,52980.68210526314,1.0,-0.31037324137088973,12.435,0.0,-0.23864526,-0.9193491,-0.79050595,0.228406423330307,0.02419527769088745,0.0628482162952423
0.40575727710282655,-0.0038974546401583047,0.018842391293408305,73.25999999999999,0.0,5.04,20.71465823785066,1.0,0.07110812707906433,12.44,0.0,-0.22203478,-0.82577693,-0.726605,0.23338956534862518,0.05226691961288452,0.08201850056648254
0.39820884837400833,0.01155412066641334,0.012208907824425637,73.08,-10633.446760562943,5.9399999999999995,53167.23380281687,1.0,-0.38666951506088054,12.445,0.0,-0.22203478,-0.82577693,-0.726605,0.23338956534862518,0.05226691961288452,0.08201850056648254
0.38930941689901294,-0.010544038120539662,0.004077266256644075,72.89999999999999,-22205.138823530255,7.02,133230.8329411765,1.0,-0.05096591082492097,12.450000000000001,0.0,-0.22203478,-0.82577693,-0.726605,0.23338956534862518,0.05226691961288452,0.08201850056648254
0.3822857905758173,-0.019520115331585215,0.0123034117746037,72.72,-22878.021818180878,8.1,137268.13090909092,1.0,-0.18829920346690443,12.455,0.0,-0.22203478,-0.82577693,-0.726605,0.23338956534862518,0.05226691961288452,0.08201850056648254
0.3759625427425644,-0.0010946331493476838,0.017863200055627672,72.17999999999999,-78100.83310344919,9.36,182235.27724137928,1.0,0.025330362865069844,12.46,0.0,-0.5654218,-0.54741144,0.30389777,0.1303734540939331,0.13577656745910643,0.3911693304777145
0.36865398067017274,-0.011395528151570682,0.015081863367863203,71.82,-48708.04645161283,10.62,170478.16258064512,1.0,-0.2035584582049026,12.465,0.0,-0.5654218,-0.54741144,0.30389777,0.1303734540939331,0.13577656745910643,0.3911693304777145
0.3624897883256935,-0.008070014710496716,0.017088783237691446,71.28,-68634.06545454444,11.879999999999999,160146.1527272727,1.0,0.07110812707906433,12.47,0.0,-0.5654218,-0.54741144,0.30389777,0.1303734540939331,0.13577656745910643,0.3911693304777145
0.3575047231793639,-0.013371301607574942,0.02045193400997159,70.56,-94371.83999999985,13.32,188743.68000000017,1.0,-0.43244727927487503,12.475,0.0,-0.5654218,-0.54741144,0.30389777,0.1303734540939331,0.13577656745910643,0.3911693304777145
0.3502203635842863,-0.01642362801943975,0.0002597707474419936,69.84,-97416.09290322565,14.58,170478.16258064512,1.0,0.0863673818170625,12.48,0.0,-0.32953012,-0.65680134,-0.27425894,0.20114096403121948,0.10295959711074829,0.2177223175764084
0.3441105532006095,0.004096473010219896,-0.006125106689565509,69.12,-17.0748882179326,16.02,34.14977643586524,1.0,-0.4019287697988787,12.485,0.0,-0.32953012,-0.65680134,-0.27425894,0.20114096403121948,0.10295959711074829,0.2177223175764084
0.3376831211618634,-0.023169415352686656,-0.0006653552354797771,68.22,-26397.717482517648,17.64,47515.891468531496,1.0,0.0863673818170625,12.49,0.0,-0.32953012,-0.65680134,-0.27425894,0.20114096403121948,0.10295959711074829,0.2177223175764084
0.33166225274338823,-0.009692615713442682,-0.0040166470955876245,67.14,-125829.1199999998,19.259999999999998,188743.6799999997,1.0,-0.2798547318948934,12.495000000000001,0.0,-0.32953012,-0.65680134,-0.27425894,0.20114096403121948,0.10295959711074829,0.2177223175764084
0.3241833909505479,0.007816960675412689,0.0010828025581287194,66.24,-117964.80000000075,20.7,188743.68000000017,1.0,-0.035706656086922806,12.5,0.0,-0.34537226,-0.49403176,0.82724977,0.19638832211494445,0.15179047286510466,0.5481749296188354
0.31727502203336044,-0.005587064209175121,0.0019084843205937735,64.98,-176160.76799999873,22.32,226492.41600000014,1.0,-0.24933622241889708,12.505,0.0,-0.34537226,-0.49403176,0.82724977,0.19638832211494445,0.15179047286510466,0.5481749296188354
0.31047047648633125,-0.020157471965359847,0.0025982453438587578,63.9,-137268.1309090916,23.939999999999998,205902.19636363603,1.0,0.0863673818170625,12.51,0.0,-0.34537226,-0.49403176,0.82724977,0.19638832211494445,0.15179047286510466,0.5481749296188354
0.30380117250516614,-0.02102674318483799,0.006919515230050027,62.64,-170478.1625806449,25.74,243540.2322580646,1.0,-0.3256324961088879,12.515,0.0,-0.34537226,-0.49403176,0.82724977,0.19638832211494445,0.15179047286510466,0.5481749296188354
0.2980868677013716,-0.02949459632365499,0.012468631300717632,61.199999999999996,-194832.18580645227,27.36,219186.2090322582,1.0,0.23895992919704412,12.52,0.0,-0.30482152,-0.63391805,-0.41525087,0.20855354368686677,0.10982458591461182,0.1754247397184372
0.2929772042608674,-0.026409838282096025,0.01350057650699055,59.76,-33.40392874327331,28.98,37.57941983618256,1.0,-0.2798547318948934,12.525,0.0,-0.30482152,-0.63391805,-0.41525087,0.20855354368686677,0.10982458591461182,0.1754247397184372
0.2859614616954507,-0.026242972052905482,0.021110144224371713,58.32,-28898.55387559804,30.599999999999998,32510.873110047796,1.0,0.07110812707906433,12.530000000000001,0.0,-0.30482152,-0.63391805,-0.41525087,0.20855354368686677,0.10982458591461182,0.1754247397184372
0.27908552486302335,-0.02245740805383261,0.04038877208499209,56.879999999999995,-147312.14048780536,31.86,128898.12292682943,1.0,-0.17303994872890627,12.535,0.0,-0.30482152,-0.63391805,-0.41525087,0.20855354368686677,0.10982458591461182,0.1754247397184372
0.27266646440695835,0.0023814346827932494,0.05727391676854088,55.44,-177641.11058823502,33.12,155435.97176470564,1.0,0.10162663655506066,12.540000000000001,0.0,0.20781212,-0.6838114,0.18742692,0.36234363466501235,0.09485657215118408,0.3562280774116516
0.26492147959961776,0.012090908562229236,0.07540629602699025,54.0,-208268.88827586174,33.839999999999996,104134.44413793087,1.0,-0.3561510055848842,12.545,0.0,0.20781212,-0.6838114,0.18742692,0.36234363466501235,0.09485657215118408,0.3562280774116516
0.2576779173785759,0.0408844566050897,0.09201884283885031,52.559999999999995,-102369.45355932238,34.199999999999996,25592.36338983047,1.0,0.04058961760306801,12.55,0.0,0.20781212,-0.6838114,0.18742692,0.36234363466501235,0.09485657215118408,0.3562280774116516
0.2517409179477835,0.05053189413850788,0.10927081091173363,51.12,-163237.77729729703,34.199999999999996,0.0,1.0,-0.08148442030091729,12.555,0.0,0.20781212,-0.6838114,0.18742692,0.36234363466501235,0.09485657215118408,0.3562280774116516
0.24581473022662065,0.05516431160592652,0.12366069356789999,49.86,-176160.76799999972,33.839999999999996,-50331.64799999992,1.0,0.26947843867304044,12.56,0.0,-0.04511702,-0.88475215,-0.95917916,0.2864648938179016,0.03457435369491577,0.012246251106262207
0.2414094794631204,0.055511387229839004,0.13364378264094492,48.6,-176160.76799999972,33.12,-100663.29599999984,1.0,-0.3714102603228824,12.565,0.0,-0.04511702,-0.88475215,-0.95917916,0.2864648938179016,0.03457435369491577,0.012246251106262207
0.23800879516183382,0.06821786852195523,0.15003978184069908,47.339999999999996,-29.98770400549285,32.04,-25.7037462904223,1.0,-0.035706656086922806,12.57,0.0,-0.04511702,-0.88475215,-0.95917916,0.2864648938179016,0.03457435369491577,0.012246251106262207
0.23470278966593316,0.08372275968922105,0.167761610137005,46.08,-99713.64226415078,30.599999999999998,-113958.44830188689,1.0,-0.43244727927487503,12.575000000000001,0.0,-0.04511702,-0.88475215,-0.95917916,0.2864648938179016,0.03457435369491577,0.012246251106262207
0.23185404760557096,0.0819476869799297,0.18209930784676162,44.82,-150994.94399999976,28.98,-194136.35657142827,1.0,-0.09674367503891546,12.58,0.0,0.47721833,-1.016953,-1.3745635,0.4431654989719391,0.0,0.0
0.22980470359292254,0.08512824984286457,0.19843624744275215,43.739999999999995,-47682.61389473708,26.82,-95365.22778947369,1.0,-0.3714102603228824,12.585,0.0,0.47721833,-1.016953,-1.3745635,0.4431654989719391,0.0,0.0
0.2276795003846971,0.10936403183514963,0.21618487801535713,42.66,-141557.75999999978,24.3,-330301.43999999994,1.0,-0.06622516556291913,12.59,0.0,0.47721833,-1.016953,-1.3745635,0.4431654989719391,0.0,0.0
0.22593147259208432,0.11356336982870703,0.22798961912681098,41.76,-114390.10909090891,21.599999999999998,-343170.3272727276,1.0,-0.020447401348924643,12.595,0.0,0.47721833,-1.016953,-1.3745635,0.4431654989719391,0.0,0.0
0.22455959415406457,0.11443163825723356,0.23249128380761472,40.68,-137268.1309090907,18.54,-388926.37090909074,1.0,-0.1577806939909081,12.6,0.0,0.73158646,-1.1415603,-1.5934476,0.5194759368896484,0.0,0.0
0.2245911790502604,0.12287874101955007,0.23469198712053352,39.42,-170478.1625806449,15.66,-389664.3716129031,1.0,-0.2035584582049026,12.605,0.0,0.73158646,-1.1415603,-1.5934476,0.5194759368896484,0.0,0.0
0.22563802566651997,0.11617373805350216,0.2359732898622058,38.339999999999996,-24.9663704405914,12.6,-70.7380495816753,1.0,-0.005188146610926481,12.61,0.0,0.73158646,-1.1415603,-1.5934476,0.5194759368896484,0.0,0.0
0.22625010799342027,0.11469663760552151,0.2389926972254511,37.08,-71416.52756756745,9.719999999999999,-163237.77729729735,1.0,-0.3256324961088879,12.615,0.0,0.73158646,-1.1415603,-1.5934476,0.5194759368896484,0.0,0.0
0.2277818717324584,0.10752835916082763,0.24521965689595768,35.82,-139074.29052631557,6.66,-337751.8484210525,1.0,-0.17303994872890627,12.620000000000001,0.0,1.0977118,-1.1746043,-0.9858595,0.6,0.0,0.004242146015167236
0.22985363714204915,0.10416118713590927,0.250080789701669,34.56,-165150.71999999974,3.78,-377487.36000000004,1.0,-0.14252143925290994,12.625,0.0,1.0977118,-1.1746043,-0.9858595,0.6,0.0,0.004242146015167236
0.23103482876310363,0.10965997961222675,0.2509064388402028,33.12,-208268.88827586276,1.44,-338436.94344827585,1.0,-0.020447401348924643,12.63,0.0,1.0977118,-1.1746043,-0.9858595,0.6,0.0,0.004242146015167236
0.2334715436732769,0.11611518631987126,0.2506793618487903,30.599999999999998,-86636.44327868852,1.98,18564.952131147544,1.0,-0.11200292977691362,12.635,0.0,1.0977118,-1.1746043,-0.9858595,0.6,0.0,0.004242146015167236
0.2361276553888055,0.1159608746963857,0.25129286724573346,28.259999999999998,-288666.8047058823,3.2399999999999998,155435.97176470584,1.0,0.19318216498304963,12.64,0.0,0.78472674,-1.4677453,-0.6966841,0.5354180216789245,0.0,0.09099476337432862
0.23836089173946245,0.1111100396583421,0.25047540491564296,25.919999999999998,-297414.28363636363,4.14,114390.10909090909,1.0,-0.4782250434888695,12.645,0.0,0.78472674,-1.4677453,-0.6966841,0.5354180216789245,0.0,0.09099476337432862
0.24129481047506107,0.11198911012311585,0.24894879155291363,23.759999999999998,-301989.88800000004,4.5,50331.648000000045,1.0,0.04058961760306801,12.65,0.0,0.78472674,-1.4677453,-0.6966841,0.5354180216789245,0.0,0.09099476337432862
0.25093809803492245,0.1047295790503381,0.2463465008434195,22.14,-39.1918676602911,4.5,0.0,1.0,-0.09674367503891546,12.655000000000001,0.0,0.78472674,-1.4677453,-0.6966841,0.5354180216789245,0.0,0.09099476337432862
0.26726759728829774,0.10671337036333006,0.2379273903008841,21.06,-74259.80852459029,3.5999999999999996,-61883.17377049183,1.0,-0.035706656086922806,12.66,0.0,0.9806626,-0.9840275,-0.7990611,0.5941987752914428,0.004791748523712158,0.0602816641330719
0.2799295443040408,0.09671157988779784,0.22443560030044146,20.34,-27705.494311926563,1.7999999999999998,-69263.7357798165,1.0,-0.21881771294290076,12.665000000000001,0.0,0.9806626,-0.9840275,-0.7990611,0.5941987752914428,0.004791748523712158,0.0602816641330719
0.29129745542220903,0.08533148477779347,0.20789966912505464,19.439999999999998,-107853.53142857169,1.6199999999999999,-21570.706285714277,1.0,0.025330362865069844,12.67,0.0,0.9806626,-0.9840275,-0.7990611,0.5941987752914428,0.004791748523712158,0.0602816641330719
0.3103312769187661,0.08140643680301755,0.18939483854471634,19.259999999999998,-25165.82399999996,1.98,50331.648000000016,1.0,-0.6002990813928548,12.675,0.0,0.9806626,-0.9840275,-0.7990611,0.5941987752914428,0.004791748523712158,0.0602816641330719
0.3254374989988783,0.06911957036340395,0.17159543891236412,19.439999999999998,21570.706285714252,1.6199999999999999,-43141.412571428584,1.0,0.2542191839350423,12.68,0.0,0.9214854,-0.46323338,-0.35715538,0.5764456272125243,0.16102998554706574,0.19285338521003723
0.33838211963806064,0.06230108103302246,0.1536489825230384,19.62,22205.138823529815,1.6199999999999999,0.0,1.0,-0.06622516556291913,12.685,0.0,0.9214854,-0.46323338,-0.35715538,0.5764456272125243,0.16102998554706574,0.19285338521003723
0.3535933208000228,0.04464719523206941,0.1375092092208374,20.7,146124.13935483847,1.6199999999999999,0.0,1.0,0.025330362865069844,12.69,0.0,0.9214854,-0.46323338,-0.35715538,0.5764456272125243,0.16102998554706574,0.19285338521003723
0.3671564851501196,0.04657950366272352,0.12259065353937802,21.96,29.075671018535367,1.6199999999999999,0.0,1.0,-0.08148442030091729,12.695,0.0,0.9214854,-0.46323338,-0.35715538,0.5764456272125243,0.16102998554706574,0.19285338521003723
0.3774873675792172,0.03870424228757603,0.10852050277603834,23.759999999999998,114390.10909090891,1.6199999999999999,0.0,1.0,0.025330362865069844,12.700000000000001,0.0,0.79291666,-0.22571507,-0.6003582,0.5378749966621399,0.23228547871112823,0.11989254355430602
0.3892505367854013,0.0329226855185485,0.09604892406314067,25.919999999999998,244856.66594594595,1.6199999999999999,0.0,1.0,-0.31037324137088973,12.705,0.0,0.79291666,-0.22571507,-0.6003582,0.5378749966621399,0.23228547871112823,0.11989254355430602
0.40008430670692796,0.02058756489790745,0.08502391685582536,28.439999999999998,310871.9435294117,1.6199999999999999,0.0,1.0,0.1626636555070533,12.71,0.0,0.79291666,-0.22571507,-0.6003582,0.5378749966621399,0.23228547871112823,0.11989254355430602
0.407250244302348,0.005057670795552143,0.0702710718218854,31.14,390504.1655172418,1.6199999999999999,0.0,1.0,-0.12726218451491178,12.715,0.0,0.79291666,-0.22571507,-0.6003582,0.5378749966621399,0.23228547871112823,0.11989254355430602
0.41409840582514273,0.010251241645180391,0.06662859346329679,34.379999999999995,452984.8319999993,1.6199999999999999,0.0,1.0,-0.06622516556291913,12.72,0.0,0.9832033,-0.9147495,-0.26978987,0.5949609875679016,0.025575149059295654,0.21906303763389587
0.420194586159061,0.0011299794407740032,0.06813920077690283,37.62,116149.956923077,1.6199999999999999,0.0,1.0,-0.2798547318948934,12.725,0.0,0.9832033,-0.9147495,-0.26978987,0.5949609875679016,0.025575149059295654,0.21906303763389587
0.42415227891170765,-0.0044036679678959864,0.06346606744955313,41.22,471859.2000000002,1.6199999999999999,0.0,1.0,0.0863673818170625,12.73,0.0,0.9832033,-0.9147495,-0.26978987,0.5949609875679016,0.025575149059295654,0.21906303763389587
0.4292769655755264,0.00864278953997449,0.05598024264779344,45.0,495452.16000000015,1.6199999999999999,0.0,1.0,-0.24933622241889708,12.735,0.0,0.9832033,-0.9147495,-0.26978987,0.5949609875679016,0.025575149059295654,0.21906303763389587
0.43420379255897784,-0.004801255448322326,0.06308462133106654,48.96,89.4120133718771,1.6199999999999999,0.0,1.0,0.05584887234106617,12.74,0.0,0.8144398,-0.6131635,-0.67640334,0.5443319320678711,0.11605095863342285,0.09707899689674378
0.43871130956568805,-0.0034372484705227557,0.05096774476995731,52.919999999999995,240716.57739130396,1.6199999999999999,0.0,1.0,-0.29511398663289157,12.745000000000001,0.0,0.8144398,-0.6131635,-0.67640334,0.5443319320678711,0.11605095863342285,0.09707899689674378
0.44345629170273193,0.0177510364222863,0.052995860675162626,56.879999999999995,448903.88756756764,1.6199999999999999,0.0,1.0,-0.18829920346690443,12.75,0.0,0.8144398,-0.6131635,-0.67640334,0.5443319320678711,0.11605095863342285,0.09707899689674378
0.44850402552457724,0.018406934088810823,0.05634414628767074,61.019999999999996,526194.501818182,1.7999999999999998,22878.02181818181,1.0,-0.11200292977691362,12.755,0.0,0.8144398,-0.6131635,-0.67640334,0.5443319320678711,0.11605095863342285,0.09707899689674378
0.45185887601741975,0.01890802870523722,0.06754027475707486,65.16,578813.952,1.7999999999999998,0.0,1.0,-0.005188146610926481,12.76,0.0,0.9159461,-1.0267816,0.4735674,0.5747838377952575,0.0,0.4420702189207077
0.4558081416721206,0.014534861256123115,0.07151365888299338,69.12,503316.48000000103,1.7999999999999998,0.0,1.0,-0.2798547318948934,12.765,0.0,0.9159461,-1.0267816,0.4735674,0.5747838377952575,0.0,0.4420702189207077
0.46037013790264064,0.02646861760433483,0.059814154466839776,73.08,503316.4799999992,1.98,22878.021818181838,1.0,0.025330362865069844,12.77,0.0,0.9159461,-1.0267816,0.4735674,0.5747838377952575,0.0,0.4420702189207077
0.46380031004602745,0.025976612964840294,0.06179263692283483,76.86,511434.48774193565,2.34,48708.046451612885,1.0,-0.23407696768089892,12.775,0.0,0.9159461,-1.0267816,0.4735674,0.5747838377952575,0.0,0.4420702189207077
0.46717315635871987,0.0514178634914061,0.07382106987711712,80.28,494638.6096551727,2.88,78100.83310344828,1.0,-0.06622516556291913,12.780000000000001,0.0,0.33345002,-0.18457481,-0.2840297,0.4000350058078766,0.24462755620479582,0.21479109227657317
0.47059587834646754,0.06921774048459413,0.07530428522842582,83.34,74.21357711589508,3.96,26.193027217374713,1.0,0.025330362865069844,12.785,0.0,0.33345002,-0.18457481,-0.2840297,0.4000350058078766,0.24462755620479582,0.21479109227657317
0.47319365828213955,0.07501982177876632,0.08810144760304567,86.03999999999999,182655.17419354763,5.76,121770.11612903225,1.0,-0.020447401348924643,12.790000000000001,0.0,0.33345002,-0.18457481,-0.2840297,0.4000350058078766,0.24462755620479582,0.21479109227657317
0.47486805075178273,0.0960682582518315,0.09861960823983819,87.84,66225.85263157937,8.28,92716.1936842105,1.0,-0.23407696768089892,12.795,0.0,0.33345002,-0.18457481,-0.2840297,0.4000350058078766,0.24462755620479582,0.21479109227657317
0.4757919864618568,0.09631830875039422,0.1126779240409401,89.1,155435.97176470477,12.059999999999999,466307.9152941176,1.0,-0.11200292977691362,12.8,0.0,-0.14673735,0.43974096,1.551157,0.2559787943959236,0.4319222867488861,0.6
0.4761601296970559,0.09458566687085915,0.11931540473501849,89.46,37748.73599999994,16.74,490733.56799999997,1.0,-0.08148442030091729,12.805,0.0,-0.14673735,0.43974096,1.551157,0.2559787943959236,0.4319222867488861,0.6
0.4766061813949223,0.08978218180604282,0.12870976613228838,89.1,-44410.277647058756,22.32,688359.303529412,1.0,0.1626636555070533,12.81,0.0,-0.14673735,0.43974096,1.551157,0.2559787943959236,0.4319222867488861,0.6
0.47694165212952666,0.0927820454475198,0.1360527997579824,88.56,-70778.87999999896,28.08,754974.7199999997,1.0,0.010071108127071682,12.815,0.0,-0.14673735,0.43974096,1.551157,0.2559787943959236,0.4319222867488861,0.6
0.47731187855556345,0.09169782181232021,0.13894620444438385,87.47999999999999,-156201.66620689837,34.019999999999996,859109.1641379307,1.0,-0.020447401348924643,12.82,0.0,0.69088733,0.6890217,1.2321364,0.5072661995887756,0.5067065119743347,0.6
0.4775054668541781,0.09648790576676916,0.14302260719458254,86.22,-28.843036452051074,39.42,123.6130133659342,1.0,-0.08148442030091729,12.825000000000001,0.0,0.69088733,0.6890217,1.2321364,0.5072661995887756,0.5067065119743347,0.6
0.47811925312730125,0.10540009869030693,0.14368019191365566,85.14,-52067.222068965435,43.739999999999995,208268.88827586174,1.0,-0.12726218451491178,12.83,0.0,0.69088733,0.6890217,1.2321364,0.5072661995887756,0.5067065119743347,0.6
0.4793806936432716,0.10831735857722329,0.1440787357039777,84.42,-68634.06545454534,46.62,274536.2618181821,1.0,-0.05096591082492097,12.835,0.0,0.69088733,0.6890217,1.2321364,0.5072661995887756,0.5067065119743347,0.6
0.48057128753629497,0.10213013754113255,0.15459950686807764,84.24,-5470.831304348033,47.519999999999996,27354.15652173909,1.0,0.2542191839350423,12.84,0.0,0.3344591,0.8472563,1.783128,0.40033772885799407,0.5541768908500672,0.6
0.48157362092439376,0.0951882302177285,0.17021221306230888,84.24,0.0,46.8,-91512.08727272713,1.0,-0.23407696768089892,12.845,0.0,0.3344591,0.8472563,1.783128,0.40033772885799407,0.5541768908500672,0.6
0.4824678173290054,0.09882323907814325,0.18202193124943788,84.42,13016.805517241872,44.64,-156201.6662068963,1.0,-0.035706656086922806,12.85,0.0,0.3344591,0.8472563,1.783128,0.40033772885799407,0.5541768908500672,0.6
0.48285296125074084,0.09562767054664952,0.1915133142253519,84.6,21570.7062857134,41.94,-323560.5942857146,1.0,-0.14252143925290994,12.855,0.0,0.3344591,0.8472563,1.783128,0.40033772885799407,0.5541768908500672,0.6
0.482420560976886,0.0942024986661828,0.1973100140500192,84.6,0.0,38.879999999999995,-388926.3709090912,1.0,0.07110812707906433,12.86,0.0,0.04538313,0.39974478,1.1500354,0.3136149387806654,0.41992343366146084,0.6
0.4821057157419974,0.09289898032603228,0.20080766699622485,84.6,0.0,35.64,-438372.41806451546,1.0,-0.24933622241889708,12.865,0.0,0.04538313,0.39974478,1.1500354,0.3136149387806654,0.41992343366146084,0.6
0.48209042108425004,0.08459347596233147,0.21010957328099966,84.24,-8.755004957470112,32.4,-78.79504461723117,1.0,0.14740440076905514,12.870000000000001,0.0,0.04538313,0.39974478,1.1500354,0.3136149387806654,0.41992343366146084,0.6
0.4808243231809275,0.10852677809427819,0.2256004652495528,83.7,-35389.43999999948,29.16,-212336.6399999999,1.0,-0.23407696768089892,12.875,0.0,0.04538313,0.39974478,1.1500354,0.3136149387806654,0.41992343366146084,0.6
0.47959229006982124,0.12095403266428131,0.240394636300818,82.98,-88820.55529411751,25.919999999999998,-399692.49882352963,1.0,0.025330362865069844,12.88,0.0,-0.1429341,-0.4102979,-0.3408888,0.25711977034807204,0.1769106298685074,0.1977333605289459
0.4797248976202334,0.12665972518050084,0.2546257617736751,81.89999999999999,-146124.13935484042,22.86,-414018.3948387095,1.0,-0.46296578875087135,12.885,0.0,-0.1429341,-0.4102979,-0.3408888,0.25711977034807204,0.1769106298685074,0.1977333605289459
0.47988451685821243,0.15491379272924383,0.27072235904132463,80.64,-176160.76799999873,19.8,-427819.0079999998,1.0,0.07110812707906433,12.89,0.0,-0.1429341,-0.4102979,-0.3408888,0.25711977034807204,0.1769106298685074,0.1977333605289459
0.4804193386766931,0.19055810411000718,0.28488640499622014,79.38,-165150.72000000067,16.74,-401080.3200000003,1.0,-0.17303994872890627,12.895,0.0,-0.1429341,-0.4102979,-0.3408888,0.25711977034807204,0.1769106298685074,0.1977333605289459
0.4810150766404564,0.1968035078119617,0.29721816130159934,77.75999999999999,-64101.6271698115,13.86,-113958.44830188675,1.0,-0.035706656086922806,12.9,0.0,0.10295308,-1.0646188,-1.0053339,0.33088592290878294,0.0,0.0
0.48157116926791893,0.21884515503539587,0.31060347412576006,76.14,-188743.6799999989,10.98,-335544.3199999999,1.0,-0.3256324961088879,12.905000000000001,0.0,0.10295308,-1.0646188,-1.0053339,0.33088592290878294,0.0,0.0
0.48248159838660215,0.23825027537406573,0.3227305340958419,74.34,-41.318895134058245,7.92,-70.24212172789913,1.0,-0.14252143925290994,12.91,0.0,0.10295308,-1.0646188,-1.0053339,0.33088592290878294,0.0,0.0
0.48390693228793485,0.24679421779828012,0.33298447207297405,72.53999999999999,-90960.8096385548,5.04,-145537.29542168675,1.0,-0.29511398663289157,12.915000000000001,0.0,0.10295308,-1.0646188,-1.0053339,0.33088592290878294,0.0,0.0
0.4852440579120794,0.2637515858307974,0.34304141347884076,70.56,-202554.19317073066,1.7999999999999998,-331452.316097561,1.0,0.025330362865069844,12.92,0.0,0.5385666,-1.1427171,-0.2039381,0.4615699768066406,0.0,0.23881857097148895
0.48571585773825376,0.27652585844739513,0.3533963893380496,67.32,-399692.4988235305,1.98,22205.138823529433,1.0,0.2084414197210478,12.925,0.0,0.5385666,-1.1427171,-0.2039381,0.4615699768066406,0.0,0.23881857097148895
0.4869099488796861,0.2875862930351835,0.3624590465596286,64.62,-365310.34838709526,2.6999999999999997,97416.09290322577,1.0,-0.3714102603228824,12.93,0.0,0.5385666,-1.1427171,-0.2039381,0.4615699768066406,0.0,0.23881857097148895
0.4873845635816376,0.30294274672148136,0.37180913585982667,61.919999999999995,-323560.5942857155,2.6999999999999997,0.0,1.0,-0.29511398663289157,12.935,0.0,0.5385666,-1.1427171,-0.2039381,0.4615699768066406,0.0,0.23881857097148895
0.4807138521432053,0.2992992383805821,0.38038752662929126,59.4,-330301.4399999995,1.98,-94371.83999999997,1.0,-0.05096591082492097,12.94,0.0,-0.07803315,-1.2196549,-0.48818752,0.27659005522727964,0.0,0.15354374349117278
0.4670735857833412,0.29781974654867166,0.38568227149718476,56.879999999999995,-352321.53600000043,1.6199999999999999,-50331.648000000016,1.0,-0.14252143925290994,12.945,0.0,-0.07803315,-1.2196549,-0.48818752,0.27659005522727964,0.0,0.15354374349117278
0.4547539398161212,0.31354435134329717,0.38659295146557954,54.72,-292248.27870967693,1.7999999999999998,24354.023225806442,1.0,-0.09674367503891546,12.950000000000001,0.0,-0.07803315,-1.2196549,-0.48818752,0.27659005522727964,0.0,0.15354374349117278
0.44133264392720967,0.3204173345432131,0.3873826307017668,52.379999999999995,-55.57571551528887,1.6199999999999999,-4.275055039637597,1.0,-0.4019287697988787,12.955,0.0,-0.07803315,-1.2196549,-0.48818752,0.27659005522727964,0.0,0.15354374349117278
0.4240559830959942,0.31548996952205516,0.3874842573834752,50.22,-117658.39792207774,1.6199999999999999,0.0,1.0,0.0863673818170625,12.96,0.0,0.29517186,-0.88030636,0.16533636,0.38855155706405636,0.03590809106826782,0.3496009066700935
0.40893785113552883,0.31692910584739414,0.3853551521121244,48.42,-188743.6799999997,1.6199999999999999,0.0,1.0,-0.05096591082492097,12.965,0.0,0.29517186,-0.88030636,0.16533636,0.38855155706405636,0.03590809106826782,0.3496009066700935
0.39559576538381724,0.3013624046758465,0.38389506876351637,46.62,-215707.06285714338,1.6199999999999999,0.0,1.0,0.26947843867304044,12.97,0.0,0.29517186,-0.88030636,0.16533636,0.38855155706405636,0.03590809106826782,0.3496009066700935
0.3839151883911659,0.3035111067630791,0.38340354000014176,45.0,-234302.49931034446,1.6199999999999999,0.0,1.0,-0.2798547318948934,12.975,0.0,0.29517186,-0.88030636,0.16533636,0.38855155706405636,0.03590809106826782,0.3496009066700935
0.3750198158673998,0.3015106565161208,0.38117594862876003,43.559999999999995,-177641.1105882359,1.6199999999999999,0.0,1.0,-0.020447401348924643,12.98,0.0,-0.047395922,-0.415683,-0.03114836,0.28578122332692146,0.17529509961605072,0.29065549224615095
0.3700833720743791,0.29552687532461963,0.3732875924214983,42.3,-165150.71999999974,1.6199999999999999,0.0,1.0,-0.2798547318948934,12.985,0.0,-0.047395922,-0.415683,-0.03114836,0.28578122332692146,0.17529509961605072,0.29065549224615095
0.3688307015087421,0.28105856638661186,0.3604125867104531,41.4,-125829.1199999998,1.6199999999999999,0.0,1.0,-0.08148442030091729,12.99,0.0,-0.047395922,-0.415683,-0.03114836,0.28578122332692146,0.17529509961605072,0.29065549224615095
0.36888160015811666,0.2761061526074438,0.34507532580582656,40.5,-20.71738672286614,1.6199999999999999,0.0,1.0,-0.06622516556291913,12.995000000000001,0.0,-0.047395922,-0.415683,-0.03114836,0.28578122332692146,0.17529509961605072,0.29065549224615095
0.36958389185055274,0.2517667180216744,0.32968033590713974,39.96,-27288.24289156622,1.6199999999999999,0.0,1.0,0.10162663655506066,13.0,0.0,-0.31835133,-0.5624542,-0.65324306,0.2044946014881134,0.13126373291015625,0.10402708053588867
0.3712040279963335,0.23515949919979778,0.3176428467135387,39.6,-38716.652307692246,1.6199999999999999,0.0,1.0,-0.34089175084688605,13.005,0.0,-0.31835133,-0.5624542,-0.65324306,0.2044946014881134,0.13126373291015625,0.10402708053588867
0.3720291773317295,0.22633127877154166,0.3074521077737492,39.42,-5592.405333333324,1.6199999999999999,0.0,1.0,-0.020447401348924643,13.01,0.0,-0.31835133,-0.5624542,-0.65324306,0.2044946014881134,0.13126373291015625,0.10402708053588867
0.37259052251860897,0.20129487917187514,0.29685807453763835,39.42,0.0,1.6199999999999999,0.0,1.0,-0.2035584582049026,13.015,0.0,-0.31835133,-0.5624542,-0.65324306,0.2044946014881134,0.13126373291015625,0.10402708053588867
0.3724571165164908,0.17313460583198054,0.28751951176549684,39.78,41943.039999999935,1.6199999999999999,0.0,1.0,0.010071108127071682,13.02,0.0,-0.50183547,-0.5980425,-1.6433657,0.14944936037063597,0.12058725357055664,0.0
0.37192967221331324,0.15830860053051224,0.2813831761740292,40.14,44410.277647058756,1.6199999999999999,0.0,1.0,-0.18829920346690443,13.025,0.0,-0.50183547,-0.5980425,-1.6433657,0.14944936037063597,0.12058725357055664,0.0
0.37140771639280545,0.1473330195773735,0.2792558730680629,40.86,91512.08727272713,1.6199999999999999,0.0,1.0,-0.020447401348924643,13.030000000000001,0.0,-0.50183547,-0.5980425,-1.6433657,0.14944936037063597,0.12058725357055664,0.0
0.370752615010544,0.12621454763591056,0.27785968767629016,41.58,97416.09290322565,1.6199999999999999,0.0,1.0,-0.24933622241889708,13.035,0.0,-0.50183547,-0.5980425,-1.6433657,0.14944936037063597,0.12058725357055664,0.0
0.3700998451407959,0.10429526170928184,0.2768137904965879,42.48,21.794756381314162,1.6199999999999999,0.0,1.0,0.025330362865069844,13.040000000000001,0.0,-0.03113193,-0.52837145,-1.7234881,0.2906604208052158,0.1414885640144348,0.0
0.36904474782178415,0.09577751488828246,0.2773446483306641,43.379999999999995,49024.33246753239,1.6199999999999999,0.0,1.0,0.025330362865069844,13.045,0.0,-0.03113193,-0.52837145,-1.7234881,0.2906604208052158,0.1414885640144348,0.0
0.3670295010480207,0.09842117602771193,0.2776067580253615,44.46,119206.5347368427,1.6199999999999999,0.0,1.0,0.11688589129305882,13.05,0.0,-0.03113193,-0.52837145,-1.7234881,0.2906604208052158,0.1414885640144348,0.0
0.36464109807640926,0.10498097413134322,0.2771463291464506,45.54,137268.1309090907,1.6199999999999999,0.0,1.0,-0.3714102603228824,13.055,0.0,-0.03113193,-0.52837145,-1.7234881,0.2906604208052158,0.1414885640144348,0.0
0.3622904733657903,0.09421772197629642,0.27825969937618733,46.62,32824.98782608691,1.7999999999999998,5470.831304347824,1.0,-0.14252143925290994,13.06,0.0,0.48683757,-0.41783857,-1.0998125,0.4460512697696686,0.17464842796325683,0.0
0.3588691527088022,0.09791439292170319,0.27858451670614204,47.699999999999996,129424.23771428551,1.7999999999999998,0.0,1.0,-0.020447401348924643,13.065,0.0,0.48683757,-0.41783857,-1.0998125,0.4460512697696686,0.17464842796325683,0.0
0.351289366143548,0.10300994805560221,0.278169842826559,48.78,137268.1309090916,1.7999999999999998,0.0,1.0,0.11688589129305882,13.07,0.0,0.48683757,-0.41783857,-1.0998125,0.4460512697696686,0.17464842796325683,0.0
0.3430709344613403,0.10175357230743318,0.27787319976645064,49.86,80890.14857142845,1.7999999999999998,0.0,1.0,-0.31037324137088973,13.075000000000001,0.0,0.48683757,-0.41783857,-1.0998125,0.4460512697696686,0.17464842796325683,0.0
0.33638208345907616,0.10078666142153639,0.2773293607299388,50.94,24.42282731997667,1.7999999999999998,0.0,1.0,-0.020447401348924643,13.08,0.0,0.22682981,0.46162823,-0.83909017,0.36804894357919693,0.4384884685277939,0.048272949457168576
0.3275508391363921,0.11163172556333342,0.27700082695279554,51.839999999999996,53167.233802816816,1.7999999999999998,0.0,1.0,-0.2798547318948934,13.085,0.0,0.22682981,0.46162823,-0.83909017,0.36804894357919693,0.4384884685277939,0.048272949457168576
0.3176165900820644,0.10473917679107522,0.27667450202267957,52.559999999999995,81618.88864864851,1.98,20404.72216216218,1.0,0.19318216498304963,13.09,0.0,0.22682981,0.46162823,-0.83909017,0.36804894357919693,0.4384884685277939,0.048272949457168576
0.30966317825051876,0.10341421199394707,0.27305433536357687,53.46,117964.80000000075,1.98,0.0,1.0,-0.2035584582049026,13.095,0.0,0.22682981,0.46162823,-0.83909017,0.36804894357919693,0.4384884685277939,0.048272949457168576
0.30080400067967017,0.11092003736401569,0.26354469898177346,54.0,78100.83310344815,2.16,26033.611034482783,1.0,-0.06622516556291913,13.1,0.0,-0.012585692,1.0346822,0.42142025,0.29622429236769676,0.6,0.4264260739088058
0.2913999964188963,0.11263589192493866,0.24869463746422799,54.54,75497.47199999988,2.52,50331.64799999998,1.0,-0.29511398663289157,13.105,0.0,-0.012585692,1.0346822,0.42142025,0.29622429236769676,0.6,0.4264260739088058
0.2833464911060735,0.11198252830433911,0.23188800381290167,55.08,66615.41647058813,3.06,66615.41647058824,1.0,0.05584887234106617,13.11,0.0,-0.012585692,1.0346822,0.42142025,0.29622429236769676,0.6,0.4264260739088058
0.27899837215171347,0.13042601681133179,0.2127764008673756,55.26,24354.023225806413,3.5999999999999996,73062.0696774193,1.0,-0.12726218451491178,13.115,0.0,-0.012585692,1.0346822,0.42142025,0.29622429236769676,0.6,0.4264260739088058
0.2768693787196787,0.12725275469951708,0.19361586694787145,55.44,7864.319999999988,4.32,31457.280000000028,1.0,-0.020447401348924643,13.120000000000001,0.0,-0.01161968,1.2069925,1.1324335,0.29651409611105917,0.6,0.6
0.2755342637518382,0.12078891961142435,0.17469094446213415,55.44,0.0,5.22,20.763310139985137,1.0,-0.24933622241889708,13.125,0.0,-0.01161968,1.2069925,1.1324335,0.29651409611105917,0.6,0.6
0.27590219683853573,0.1331432076758511,0.15705128681751046,55.44,0.0,6.12,55512.84705882355,1.0,-0.06622516556291913,13.13,0.0,-0.01161968,1.2069925,1.1324335,0.29651409611105917,0.6,0.6
0.2775947414690378,0.1373804044892031,0.14019661580860462,55.26,-22878.021818181784,7.199999999999999,137268.1309090908,1.0,-0.21881771294290076,13.135,0.0,-0.01161968,1.2069925,1.1324335,0.29651409611105917,0.6,0.6
0.27790362373028776,0.14186120884180617,0.12549037786639974,54.9,-45756.04363636357,8.459999999999999,160146.1527272727,1.0,-0.06622516556291913,13.14,0.0,0.029410895,1.0347435,1.4218302,0.3088232684880495,0.6,0.6
0.27879628280628366,0.15879091716431898,0.11152458737410097,54.54,-52067.222068965435,9.9,208268.88827586226,1.0,-0.23407696768089892,13.145,0.0,0.029410895,1.0347435,1.4218302,0.3088232684880495,0.6,0.6
0.280448326501124,0.17199114268252344,0.09948040127149652,54.0,-70778.87999999989,11.34,188743.67999999993,1.0,0.025330362865069844,13.15,0.0,0.029410895,1.0347435,1.4218302,0.3088232684880495,0.6,0.6
0.2808032219515628,0.17610479960608483,0.0875115089847832,53.28,-88820.55529411751,12.78,177641.11058823523,1.0,-0.31037324137088973,13.155000000000001,0.0,0.029410895,1.0347435,1.4218302,0.3088232684880495,0.6,0.6
0.2816014434879712,0.19548560709717963,0.07724228340113205,52.559999999999995,-100663.29600000083,14.399999999999999,226492.41599999988,1.0,0.0863673818170625,13.16,0.0,0.31104696,0.5247746,0.2509771,0.3933140873908996,0.45743238329887387,0.37529312968254086
0.2843247697890837,0.21076541276129762,0.06696211836884637,51.66,-125829.1199999998,16.2,251658.2400000001,1.0,-0.2798547318948934,13.165000000000001,0.0,0.31104696,0.5247746,0.2509771,0.3933140873908996,0.45743238329887387,0.37529312968254086
0.28716783942256174,0.21856100531960032,0.06985309387854381,50.58,-26.357628083160186,18.0,43.9293801386004,1.0,0.0863673818170625,13.17,0.0,0.31104696,0.5247746,0.2509771,0.3933140873908996,0.45743238329887387,0.37529312968254086
0.29033312848851267,0.23696450096186328,0.07212374690695063,49.68,-51710.59726027389,19.8,103421.19452054799,1.0,-0.035706656086922806,13.175,0.0,0.31104696,0.5247746,0.2509771,0.3933140873908996,0.45743238329887387,0.37529312968254086
0.2933068129017733,0.2601598229323322,0.08475524734978279,48.42,-142833.0551351349,21.599999999999998,204047.2216216213,1.0,0.14740440076905514,13.18,0.0,0.20986837,-0.2884876,0.6125973,0.3629605114459991,0.2134537160396576,0.4837791860103607
0.2965463454528553,0.27763726145279805,0.09196064135838353,47.339999999999996,-146124.13935483943,23.4,243540.2322580646,1.0,-0.11200292977691362,13.185,0.0,0.20986837,-0.2884876,0.6125973,0.3629605114459991,0.2134537160396576,0.4837791860103607
0.298784737695468,0.2888531507408555,0.10036351725225172,46.08,-41943.039999999935,25.02,53926.76571428575,1.0,-0.035706656086922806,13.19,0.0,0.20986837,-0.2884876,0.6125973,0.3629605114459991,0.2134537160396576,0.4837791860103607
0.3009199339120089,0.31365779936751514,0.11936428297542893,45.18,-107853.53142857125,26.279999999999998,150994.94399999976,1.0,-0.21881771294290076,13.195,0.0,0.20986837,-0.2884876,0.6125973,0.3629605114459991,0.2134537160396576,0.4837791860103607
0.3025272187491814,0.3232518253062926,0.1364536364844659,44.1,-133230.83294117625,27.18,111025.69411764732,1.0,-0.2035584582049026,13.200000000000001,0.0,-0.19575581,-0.28363398,-0.30132797,0.2412732571363449,0.21490980684757233,0.2096016079187393
0.30406939040436176,0.3296235654513068,0.1548282267169807,43.199999999999996,-117964.80000000075,27.54,47185.919999999925,1.0,-0.26459547715689524,13.205,0.0,-0.19575581,-0.28363398,-0.30132797,0.2412732571363449,0.21490980684757233,0.2096016079187393
0.30523589910625243,0.3369207115459222,0.1749529478145757,42.48,-16.152215013505177,27.36,-4.038053753376294,1.0,0.19318216498304963,13.21,0.0,-0.19575581,-0.28363398,-0.30132797,0.2412732571363449,0.21490980684757233,0.2096016079187393
0.3068328234124133,0.3574278347957075,0.19041693958866637,41.76,-45756.04363636357,26.64,-45756.04363636357,1.0,-0.24933622241889708,13.215,0.0,-0.19575581,-0.28363398,-0.30132797,0.2412732571363449,0.21490980684757233,0.2096016079187393
0.30803861970141655,0.37387057167503296,0.20560016729078762,41.22,-19525.208275862038,25.56,-39050.41655172421,1.0,0.11688589129305882,13.22,0.0,0.2991791,-0.46375313,-0.71031874,0.38975373208522796,0.16087405979633332,0.086904376745224
0.3095518991591415,0.36876755738595357,0.22238603826984968,40.86,-47185.919999999925,23.759999999999998,-235929.6000000001,1.0,-0.17303994872890627,13.225,0.0,0.2991791,-0.46375313,-0.71031874,0.38975373208522796,0.16087405979633332,0.086904376745224
0.3144388698147573,0.38629736679896154,0.23621504429327836,40.68,-25165.82399999996,21.599999999999998,-301989.88800000004,1.0,0.17792291024505147,13.23,0.0,0.2991791,-0.46375313,-0.71031874,0.38975373208522796,0.16087405979633332,0.086904376745224
0.3191962612811374,0.39629625583400063,0.24816921190056293,40.5,-23592.959999999963,19.08,-330301.43999999994,1.0,-0.08148442030091729,13.235,0.0,0.2991791,-0.46375313,-0.71031874,0.38975373208522796,0.16087405979633332,0.086904376745224
0.32280643835301354,0.4022738106208014,0.26041049239544356,40.5,0.0,16.02,-401080.31999999983,1.0,0.07110812707906433,13.24,0.0,1.0447078,-0.60603285,-1.1339797,0.6,0.1181901454925537,0.0
0.32823762814569196,0.39992019133450557,0.2693487898082156,40.68,25165.82399999996,12.6,-478150.656,1.0,0.010071108127071682,13.245000000000001,0.0,1.0447078,-0.60603285,-1.1339797,0.6,0.1181901454925537,0.0
0.33425683929906735,0.40743767295406064,0.27720045656638964,40.68,0.0,9.18,-235156.06032786885,1.0,0.07110812707906433,13.25,0.0,1.0447078,-0.60603285,-1.1339797,0.6,0.1181901454925537,0.0
0.3383452513792083,0.41416370107202694,0.2872480043485817,40.68,0.0,5.58,-87.92629317121744,1.0,-0.31037324137088973,13.255,0.0,1.0447078,-0.60603285,-1.1339797,0.6,0.1181901454925537,0.0
0.3421296950890695,0.4140543221949699,0.29766383782875294,40.68,0.0,1.98,-260336.11034482758,1.0,-0.06622516556291913,13.26,0.0,1.0678942,-0.37374148,-0.7970591,0.6,0.187877556681633,0.06088226437568664
0.34508935294419973,0.4023512886065812,0.3056298966099072,39.24,-183024.17454545427,1.7999999999999998,-22878.021818181838,1.0,-0.14252143925290994,13.265,0.0,1.0678942,-0.37374148,-0.7970591,0.6,0.187877556681633,0.06088226437568664
0.34850016775902626,0.3992257270703921,0.3105612245329391,38.339999999999996,-125829.1200000008,3.06,176160.76800000004,1.0,-0.41718802453687687,13.27,0.0,1.0678942,-0.37374148,-0.7970591,0.6,0.187877556681633,0.06088226437568664
0.3496598121633021,0.39137596677345,0.3139144334496741,37.44,-39735.511578947306,3.42,15894.204631578941,1.0,0.010071108127071682,13.275,0.0,1.0678942,-0.37374148,-0.7970591,0.6,0.187877556681633,0.06088226437568664
0.3511958378686889,0.3872057059668363,0.31519784513006505,36.54,-114390.10909090891,3.42,0.0,1.0,0.23895992919704412,13.280000000000001,0.0,1.0000955,-0.29217553,-0.67459726,0.6,0.21234734058380125,0.0976208209991455
0.3526304069533705,0.39386468606418273,0.3150400186904542,36.36,-22878.021818181784,2.52,-114390.10909090909,1.0,-0.4019287697988787,13.285,0.0,1.0000955,-0.29217553,-0.67459726,0.6,0.21234734058380125,0.0976208209991455
0.3533268693412616,0.38322999866386437,0.3149648380693093,36.18,-24354.023225806413,1.6199999999999999,-121770.11612903228,1.0,0.1626636555070533,13.290000000000001,0.0,1.0000955,-0.29217553,-0.67459726,0.6,0.21234734058380125,0.0976208209991455
0.3542891572311959,0.38443931483744515,0.31422138081960765,35.82,-8.150478195391305,1.7999999999999998,4.075239097695657,1.0,-0.41718802453687687,13.295,0.0,1.0000955,-0.29217553,-0.67459726,0.6,0.21234734058380125,0.0976208209991455
0.35437553864638693,0.3754627105642476,0.3125131958650257,35.82,0.0,1.6199999999999999,-4778.321012658226,1.0,0.22370067445904596,13.3,0.0,0.8967233,-0.20952651,-0.52856094,0.5690169811248779,0.2371420472860336,0.14143171906471252
0.3545858358425275,0.35499972880693353,0.31175197456898873,35.82,0.0,1.6199999999999999,0.0,1.0,-0.3256324961088879,13.305,0.0,0.8967233,-0.20952651,-0.52856094,0.5690169811248779,0.2371420472860336,0.14143171906471252
0.3583221377117659,0.3415197349451484,0.31124962142155393,36.18,41943.039999999935,1.6199999999999999,0.0,1.0,0.05584887234106617,13.31,0.0,0.8967233,-0.20952651,-0.52856094,0.5690169811248779,0.2371420472860336,0.14143171906471252
0.36381221942213765,0.34372701000168016,0.3087695744843881,36.72,68634.06545454534,1.6199999999999999,0.0,1.0,-0.23407696768089892,13.315,0.0,0.8967233,-0.20952651,-0.52856094,0.5690169811248779,0.2371420472860336,0.14143171906471252
0.36847615240919285,0.32972591136224794,0.30144527103804925,37.44,88820.55529411751,1.6199999999999999,0.0,1.0,-0.06622516556291913,13.32,0.0,-0.04549028,0.2913379,0.08525054,0.2863529160618782,0.38740137219429016,0.32557516247034074
0.3768308036651945,0.31346912072717753,0.28987921940450173,38.339999999999996,117964.79999999981,1.6199999999999999,0.0,1.0,-0.17303994872890627,13.325000000000001,0.0,-0.04549028,0.2913379,0.08525054,0.2863529160618782,0.38740137219429016,0.32557516247034074
0.38941857983959155,0.2953229894388996,0.2762109336979706,39.42,83886.08000000042,1.6199999999999999,0.0,1.0,0.025330362865069844,13.33,0.0,-0.04549028,0.2913379,0.08525054,0.2863529160618782,0.38740137219429016,0.32557516247034074
0.3998347376422328,0.28826297391371597,0.2608198115585688,40.86,188743.6799999997,1.6199999999999999,0.0,1.0,-0.14252143925290994,13.335,0.0,-0.04549028,0.2913379,0.08525054,0.2863529160618782,0.38740137219429016,0.32557516247034074
0.4098558785237061,0.2798157994287114,0.2478319755426312,42.3,35.102246037788426,1.6199999999999999,0.0,1.0,-0.06622516556291913,13.34,0.0,0.5386797,0.5013679,0.37575582,0.4616039156913757,0.4504103779792785,0.4127267450094223
0.4209407231680038,0.2759715840429849,0.2362595296397308,44.1,112682.79402985101,1.6199999999999999,0.0,1.0,-0.035706656086922806,13.345,0.0,0.5386797,0.5013679,0.37575582,0.4616039156913757,0.4504103779792785,0.4127267450094223
0.42924037428078216,0.263950169774369,0.22541959425305216,45.9,204047.2216216213,1.6199999999999999,0.0,1.0,-0.14252143925290994,13.35,0.0,0.5386797,0.5013679,0.37575582,0.4616039156913757,0.4504103779792785,0.4127267450094223
0.43668427475731814,0.2507000258559664,0.2165033692333431,48.059999999999995,274536.2618181814,1.6199999999999999,0.0,1.0,-0.23407696768089892,13.355,0.0,0.5386797,0.5013679,0.37575582,0.4616039156913757,0.4504103779792785,0.4127267450094223
0.4450563891492437,0.2457433965684189,0.20970682789378092,50.22,84670.06205607491,1.6199999999999999,0.0,1.0,-0.2035584582049026,13.36,0.0,0.5647742,0.4964724,0.7415582,0.4694322645664215,0.44894171655178067,0.5224674582481384
0.45096334199481236,0.2343175445771594,0.20265336515823423,52.379999999999995,258848.47542857102,1.7999999999999998,21570.706285714277,1.0,-0.17303994872890627,13.365,0.0,0.5647742,0.4964724,0.7415582,0.4694322645664215,0.44894171655178067,0.5224674582481384
0.45619317869412135,0.2424427413320115,0.19711750502036887,54.72,306708.48000000045,1.7999999999999998,0.0,1.0,0.05584887234106617,13.370000000000001,0.0,0.5647742,0.4964724,0.7415582,0.4694322645664215,0.44894171655178067,0.5224674582481384
0.4616303851595733,0.24743169109234636,0.1932207143462038,57.059999999999995,306708.4799999995,1.7999999999999998,0.0,1.0,-0.1577806939909081,13.375,0.0,0.5647742,0.4964724,0.7415582,0.4694322645664215,0.44894171655178067,0.5224674582481384
0.4663671372568731,0.24834283180218855,0.18912835575919174,59.4,52.96810128768343,1.98,4.074469329821801,1.0,0.05584887234106617,13.38,0.0,0.18529889,1.0993482,0.95616835,0.35558966696262356,0.6,0.586850506067276
0.46778687829236737,0.24795957530106197,0.1859891768179417,61.559999999999995,127601.36112676036,2.16,10633.446760563389,1.0,-0.29511398663289157,13.385,0.0,0.18529889,1.0993482,0.95616835,0.35558966696262356,0.6,0.586850506067276
0.46638101282655225,0.2532389113310022,0.18399927163344193,63.36,215707.06285714338,2.88,86282.82514285711,1.0,0.11688589129305882,13.39,0.0,0.18529889,1.0993482,0.95616835,0.35558966696262356,0.6,0.586850506067276
0.46529218996724997,0.26045280370139645,0.1842844113698884,64.98,219186.2090322587,3.78,121770.11612903225,1.0,-0.2798547318948934,13.395,0.0,0.18529889,1.0993482,0.95616835,0.35558966696262356,0.6,0.586850506067276
0.46262967257026877,0.2514920692947359,0.18504682555685023,66.06,156201.6662068963,5.22,208268.88827586206,1.0,-0.05096591082492097,13.4,0.0,-0.060527056,1.298745,2.1571972,0.2818418830633163,0.6,0.6
0.45974013747766473,0.25267094319936234,0.18500942546939764,66.78,86282.82514285701,7.199999999999999,237277.76914285708,1.0,-0.2798547318948934,13.405000000000001,0.0,-0.060527056,1.298745,2.1571972,0.2818418830633163,0.6,0.6
0.45858235776795536,0.2523546110031409,0.18767050174119165,67.14,48708.04645161283,9.719999999999999,340956.32516129024,1.0,0.3305154576250331,13.41,0.0,-0.060527056,1.298745,2.1571972,0.2818418830633163,0.6,0.6
0.4574354187718452,0.26110588574146343,0.19741063167817044,66.96,-23592.960000000894,12.78,401080.32000000007,1.0,-0.14252143925290994,13.415000000000001,0.0,-0.060527056,1.298745,2.1571972,0.2818418830633163,0.6,0.6
0.4572142199252002,0.26254794376924584,0.20870194885951096,66.78,-26033.61103448169,15.84,442571.38758620695,1.0,-0.08148442030091729,13.42,0.0,-0.5925565,1.634676,2.1642294,0.12223305702209472,0.6,0.6
0.45726316520948607,0.2680755342878282,0.2207704070527213,66.24,-13.130604085986748,18.72,70.02988845859515,1.0,-0.11200292977691362,13.425,0.0,-0.5925565,1.634676,2.1642294,0.12223305702209472,0.6,0.6
0.4571368207786251,0.2827203632188224,0.23841037101607157,65.7,-16777.215999999753,21.24,78293.67466666666,1.0,0.22370067445904596,13.43,0.0,-0.5925565,1.634676,2.1642294,0.12223305702209472,0.6,0.6
0.45766270166290945,0.28854142646956266,0.25708311972004155,65.34,-40809.44432432426,23.04,204047.2216216217,1.0,0.025330362865069844,13.435,0.0,-0.5925565,1.634676,2.1642294,0.12223305702209472,0.6,0.6
0.45798715771399534,0.2883346740030204,0.2733588470060546,64.98,-41943.039999999935,23.939999999999998,104857.59999999983,1.0,-0.020447401348924643,13.44,0.0,-0.9229295,1.9082918,1.743641,0.023121142387390135,0.6,0.6
0.4580655526159545,0.3032331902588735,0.2915092813253116,64.62,-48708.04645161283,23.759999999999998,-24354.023225806413,1.0,-0.2035584582049026,13.445,0.0,-0.9229295,1.9082918,1.743641,0.023121142387390135,0.6,0.6
0.45790751573400607,0.31841207055050913,0.30892951086350323,64.25999999999999,-45756.04363636537,22.86,-114390.10909090891,1.0,-0.1577806939909081,13.450000000000001,0.0,-0.9229295,1.9082918,1.743641,0.023121142387390135,0.6,0.6
0.4577528901907861,0.33067765843240277,0.3214555143547596,63.9,-47185.919999998994,21.24,-212336.64000000013,1.0,-0.11200292977691362,13.455,0.0,-0.9229295,1.9082918,1.743641,0.023121142387390135,0.6,0.6
0.45840710828843007,0.3553111053420444,0.3345181086922776,63.54,-50331.64799999992,19.08,-301989.88800000004,1.0,-0.14252143925290994,13.46,0.0,-1.1235387,1.5154725,1.1473448,0.0,0.6,0.6
0.4574796140110719,0.3675039246974919,0.34776263680598785,63.0,-12.58885673790399,16.56,-58.7479981102187,1.0,-0.26459547715689524,13.465,0.0,-1.1235387,1.5154725,1.1473448,0.0,0.6,0.6
0.45743771659500393,0.3803820982198944,0.35767241383732945,62.46,-43556.23384615378,13.5,-246818.65846153835,1.0,0.05584887234106617,13.47,0.0,-1.1235387,1.5154725,1.1473448,0.0,0.6,0.6
0.458147885186854,0.38388370794101123,0.3668049167044541,61.559999999999995,-41031.23478260895,10.26,-147712.4452173913,1.0,-0.21881771294290076,13.475,0.0,-1.1235387,1.5154725,1.1473448,0.0,0.6,0.6
0.45752592659904257,0.3977103550625724,0.37689198419819125,60.48,-146124.13935483847,6.84,-462726.4412903226,1.0,0.19318216498304963,13.48,0.0,-0.9791455,-0.32498214,1.7750481,0.0062563419342041016,0.20250535905361175,0.6
0.4515114915235407,0.40264347126401434,0.38515545098415194,59.22,-55629.716210526225,3.42,-150994.944,1.0,0.04058961760306801,13.485,0.0,-0.9791455,-0.32498214,1.7750481,0.0062563419342041016,0.20250535905361175,0.6
0.4437781076837839,0.41515426633933283,0.39247011959469047,57.059999999999995,-301989.8880000005,1.44,-276824.064,1.0,-0.020447401348924643,13.49,0.0,-0.9791455,-0.32498214,1.7750481,0.0062563419342041016,0.20250535905361175,0.6
0.43701809025832933,0.4077201456482822,0.40175618845754063,54.18,-377487.3599999994,2.34,117964.79999999999,1.0,-0.3561510055848842,13.495000000000001,0.0,-0.9791455,-0.32498214,1.7750481,0.0062563419342041016,0.20250535905361175,0.6
0.4238967318071832,0.41250020875258314,0.4103849514024592,51.12,-427819.0080000003,3.06,100663.29600000003,1.0,0.10162663655506066,13.5,0.0,-0.53206396,-1.0314461,1.080342,0.14038081169128416,0.0,0.6
0.4064685561976311,0.42309037603205263,0.4176563810556616,48.239999999999995,-416537.7765517245,2.6999999999999997,-52067.222068965566,1.0,-0.3256324961088879,13.505,0.0,-0.53206396,-1.0314461,1.080342,0.14038081169128416,0.0,0.6
0.39079106736308,0.4238381462142749,0.4247356065188346,45.54,-64.2170967796811,1.7999999999999998,-21.405698926560397,1.0,-0.05096591082492097,13.51,0.0,-0.53206396,-1.0314461,1.080342,0.14038081169128416,0.0,0.6
0.37340272044959455,0.43464907475676706,0.43045983749768896,42.3,-205902.1963636365,1.6199999999999999,-11439.010909090905,1.0,0.14740440076905514,13.515,0.0,-0.53206396,-1.0314461,1.080342,0.14038081169128416,0.0,0.6
0.3545479832842334,0.43448155419664286,0.43507570939334955,39.24,-388926.37090909027,1.7999999999999998,22878.02181818181,1.0,-0.21881771294290076,13.52,0.0,0.8677473,-0.89794874,0.5472977,0.5603241920471191,0.03061537742614746,0.4641893148422241
0.33879941077695236,0.43546452300868377,0.44006353917799507,35.82,-462726.4412903228,1.6199999999999999,-24354.023225806442,1.0,-0.23407696768089892,13.525,0.0,0.8677473,-0.89794874,0.5472977,0.5603241920471191,0.03061537742614746,0.4641893148422241
0.3244365500677904,0.4379655722786196,0.44398484194277804,32.76,-427819.0080000003,1.6199999999999999,0.0,1.0,0.26947843867304044,13.530000000000001,0.0,0.8677473,-0.89794874,0.5472977,0.5603241920471191,0.03061537742614746,0.4641893148422241
0.30667364018298093,0.45170802250184444,0.44690714145478144,29.7,-127074.95287128708,1.6199999999999999,0.0,1.0,-0.2798547318948934,13.535,0.0,0.8677473,-0.89794874,0.5472977,0.5603241920471191,0.03061537742614746,0.4641893148422241
0.28518587775441584,0.45840810193110476,0.450572500289248,26.64,-356515.83999999985,1.6199999999999999,0.0,1.0,-0.035706656086922806,13.540000000000001,8.522882461547852,1.0189054,-0.25756782,-1.4670789,0.6,0.2227296531200409,0.0
0.26234957474700776,0.45442206069769486,0.4538225707872009,23.759999999999998,-215707.06285714306,1.6199999999999999,0.0,1.0,-0.18829920346690443,13.545,8.522882461547852,1.0189054,-0.25756782,-1.4670789,0.6,0.2227296531200409,0.0
0.23915266569891902,0.45681518835886165,0.4564369493687981,20.88,-366048.34909090895,1.6199999999999999,0.0,1.0,0.07110812707906433,13.55,8.522882461547852,1.0189054,-0.25756782,-1.4670789,0.6,0.2227296531200409,0.0
0.21660796185945713,0.45322383000912664,0.4592449987287684,18.0,-66.36629885613192,1.6199999999999999,0.0,1.0,-0.06622516556291913,13.555,8.522882461547852,1.0189054,-0.25756782,-1.4670789,0.6,0.2227296531200409,0.0
0.1956289826349398,0.4525126165847627,0.4620964387158366,15.12,-241591.91040000005,1.6199999999999999,0.0,1.0,-0.020447401348924643,13.56,20.0,0.859638,-0.2826183,-0.26905224,0.5578913927078247,0.21521450579166412,0.21928432881832122
0.17623589186827332,0.4475836522613656,0.4641211970497971,12.6,-340956.32516129024,1.6199999999999999,0.0,1.0,-0.17303994872890627,13.565,20.0,0.859638,-0.2826183,-0.26905224,0.5578913927078247,0.21521450579166412,0.21928432881832122
0.1583695322318151,0.44330223988720074,0.4664544358391169,9.9,-390504.1655172413,1.6199999999999999,0.0,1.0,0.10162663655506066,13.57,20.0,0.859638,-0.2826183,-0.26905224,0.5578913927078247,0.21521450579166412,0.21928432881832122
0.14155919430354402,0.43811634097075575,0.46971446486151863,7.38,-377487.36000000004,1.6199999999999999,0.0,1.0,0.10162663655506066,13.575000000000001,20.0,0.859638,-0.2826183,-0.26905224,0.5578913927078247,0.21521450579166412,0.21928432881832122
0.12743410835620494,0.44208866570934824,0.472042897472018,5.04,-327155.712,3.2399999999999998,226492.416,1.0,20.06073183385721,13.58,8.522882461547852,0.49638918,-0.13515405,-1.406715,0.44891675412654874,0.259453783929348,0.0
0.10341652701497082,0.45284975968039504,0.47514645602829764,3.78,-176160.76800000004,6.12,402653.18400000007,1.0,-4.003112887966555,13.585,8.522882461547852,0.49638918,-0.13515405,-1.406715,0.44891675412654874,0.259453783929348,0.0
0.09297427157474525,0.43850491350355525,0.47929636276692533,3.5999999999999996,-25165.824000000022,6.12,0.0,1.0,5.73229163487655,13.59,8.522882461547852,0.49638918,-0.13515405,-1.406715,0.44891675412654874,0.259453783929348,0.0
0.09263048664954637,0.4197673059267026,0.48124171103557467,4.14,12.175964218131774,4.68,-32.46923791501807,1.0,5.381328775902592,13.595,8.522882461547852,0.49638918,-0.13515405,-1.406715,0.44891675412654874,0.259453783929348,0.0
0.10077204897956532,0.3981008287255676,0.4812055851450506,5.76,61214.16648648649,3.06,-61214.16648648647,1.0,0.07110812707906433,13.6,0.0,0.8523737,0.16176598,-0.847335,0.5557121157646179,0.34852979332208633,0.045799505710601804
0.09017206248500269,0.38079433991792877,0.4800254996964746,7.38,169869.312,1.44,-169869.312,1.0,-0.6613361003448475,13.605,0.0,0.8523737,0.16176598,-0.847335,0.5557121157646179,0.34852979332208633,0.045799505710601804
0.09622288042723469,0.3618531228669161,0.4789000805373051,8.28,114390.10909090903,1.98,68634.06545454546,1.0,0.7272560808129853,13.61,0.0,0.8523737,0.16176598,-0.847335,0.5557121157646179,0.34852979332208633,0.045799505710601804
0.12466098493167453,0.34988466256123735,0.47737018478255444,9.9,219186.2090322582,1.6199999999999999,-48708.046451612914,1.0,-0.46296578875087135,13.615,0.0,0.8523737,0.16176598,-0.847335,0.5557121157646179,0.34852979332208633,0.045799505710601804
0.14803829612423597,0.3360803035574417,0.474510737951238,10.98,137268.13090909092,1.7999999999999998,22878.02181818181,1.0,0.43733024079102023,13.620000000000001,0.0,0.7414446,0.19737849,0.3853322,0.5224333763122558,0.35921354591846466,0.41559965908527374
0.16601716929187094,0.3119452187155862,0.4723553658560798,12.6,205902.19636363626,1.6199999999999999,-22878.02181818181,1.0,-0.43244727927487503,13.625,0.0,0.7414446,0.19737849,0.3853322,0.5224333763122558,0.35921354591846466,0.41559965908527374
0.1873901816399855,0.30711076909929635,0.4710970693388901,14.399999999999999,222051.388235294,1.6199999999999999,0.0,1.0,0.42207098605302207,13.63,0.0,0.7414446,0.19737849,0.3853322,0.5224333763122558,0.35921354591846466,0.41559965908527374
0.2082385508487365,0.2914747148879986,0.46437417868175224,16.2,243540.2322580646,1.6199999999999999,0.0,1.0,-0.29511398663289157,13.635,0.0,0.7414446,0.19737849,0.3853322,0.5224333763122558,0.35921354591846466,0.41559965908527374
0.22285537069953298,0.28143733392697584,0.45206505587815904,18.0,43.783910179085105,1.6199999999999999,0.0,1.0,-0.020447401348924643,13.64,0.0,0.4332778,0.6367719,1.0052291,0.4299833357334137,0.4910315752029419,0.6
0.2417259819378149,0.2827329681921587,0.4398657564593129,20.16,122428.33297297297,1.6199999999999999,0.0,1.0,-0.3561510055848842,13.645,0.0,0.4332778,0.6367719,1.0052291,0.4299833357334137,0.4910315752029419,0.6
0.26009209239066255,0.281244661840774,0.42401063188668153,22.32,74873.52595041323,1.6199999999999999,0.0,1.0,-0.020447401348924643,13.65,0.0,0.4332778,0.6367719,1.0052291,0.4299833357334137,0.4910315752029419,0.6
0.2740394850253311,0.273439816319942,0.40598014271651334,24.66,288666.8047058823,1.7999999999999998,22205.138823529403,1.0,0.04058961760306801,13.655000000000001,0.0,0.4332778,0.6367719,1.0052291,0.4299833357334137,0.4910315752029419,0.6
0.28840792349991207,0.26914594295803196,0.39005034162804375,27.18,330301.43999999994,1.7999999999999998,0.0,1.0,-0.005188146610926481,13.66,0.0,0.43662068,0.051704314,1.3551615,0.4309862047433853,0.3155112940818071,0.6
0.303043689363998,0.27473959198644254,0.3743847291638241,29.7,320292.3054545454,1.7999999999999998,0.0,1.0,-0.09674367503891546,13.665000000000001,0.0,0.43662068,0.051704314,1.3551615,0.4309862047433853,0.3155112940818071,0.6
0.31260699152803656,0.2726689736304473,0.3571387050437195,32.22,330301.43999999994,1.7999999999999998,0.0,1.0,-0.005188146610926481,13.67,0.0,0.43662068,0.051704314,1.3551615,0.4309862047433853,0.3155112940818071,0.6
0.32349342598157593,0.2769760344848999,0.3426931423460634,34.92,343170.3272727276,1.7999999999999998,0.0,1.0,0.05584887234106617,13.675,0.0,0.43662068,0.051704314,1.3551615,0.4309862047433853,0.3155112940818071,0.6
0.33713216347377767,0.279969605352462,0.3283233263812743,37.8,65.10858362528961,1.7999999999999998,0.0,1.0,-0.035706656086922806,13.68,0.0,-0.2866785,0.52706814,1.4882067,0.21399645209312437,0.45812044143676756,0.6
0.34863379798351934,0.2756496397733494,0.3135953602093323,40.5,115557.35510204094,1.7999999999999998,0.0,1.0,0.19318216498304963,13.685,0.0,-0.2866785,0.52706814,1.4882067,0.21399645209312437,0.45812044143676756,0.6
0.35873153694335785,0.28337146585476947,0.30019285486617725,43.379999999999995,280920.8260465112,1.7999999999999998,0.0,1.0,0.1626636555070533,13.69,0.0,-0.2866785,0.52706814,1.4882067,0.21399645209312437,0.45812044143676756,0.6
0.37049095477084804,0.2791320058706602,0.2923062517298185,46.26,77932.87432258071,1.7999999999999998,0.0,1.0,-0.2035584582049026,13.695,0.0,-0.2866785,0.52706814,1.4882067,0.21399645209312437,0.45812044143676756,0.6
0.3793157039131566,0.2832723282872565,0.2908482568663588,48.96,365310.3483870972,1.98,24354.02322580647,1.0,-0.12726218451491178,13.700000000000001,0.0,0.5645598,0.2052731,1.8499482,0.46936794519424435,0.36158193200826644,0.6
0.3876180039774949,0.2958516942237593,0.2889029158600003,51.66,353894.39999999944,1.98,0.0,1.0,-0.17303994872890627,13.705,0.0,0.5645598,0.2052731,1.8499482,0.46936794519424435,0.36158193200826644,0.6
0.3953442015354424,0.2978541659639064,0.2877220113698074,54.18,77717.98588235304,2.16,5551.284705882358,1.0,0.2084414197210478,13.71,0.0,0.5645598,0.2052731,1.8499482,0.46936794519424435,0.36158193200826644,0.6
0.40062548824431066,0.3038358074427231,0.28994187413156397,56.339999999999996,274536.2618181814,2.34,22878.021818181784,1.0,-0.1577806939909081,13.715,0.0,0.5645598,0.2052731,1.8499482,0.46936794519424435,0.36158193200826644,0.6
0.4046664312412092,0.30914938218429766,0.29246517364560753,58.32,267894.2554838715,3.06,97416.09290322583,1.0,0.14740440076905514,13.72,0.0,-0.46461216,1.3284236,2.424817,0.16061635315418243,0.6,0.6
0.40870469862637193,0.31290795886057177,0.29530875948569874,59.76,35.035458695639505,3.96,21.897161684774726,1.0,-0.26459547715689524,13.725,0.0,-0.46461216,1.3284236,2.424817,0.16061635315418243,0.6,0.6
0.4114415486006239,0.3290425140050625,0.30357147318216093,60.839999999999996,50897.17213483138,5.22,59380.03415730336,1.0,0.05584887234106617,13.73,0.0,-0.46461216,1.3284236,2.424817,0.16061635315418243,0.6,0.6
0.4131023117657181,0.3270663138659605,0.31775232587373226,61.379999999999995,59603.26736842096,6.84,178809.80210526317,1.0,-0.29511398663289157,13.735,0.0,-0.46461216,1.3284236,2.424817,0.16061635315418243,0.6,0.6
0.41498104932616403,0.3316131223010119,0.33194902668385995,61.559999999999995,23592.959999999963,8.28,188743.67999999993,1.0,-0.05096591082492097,13.74,0.0,-1.1122899,2.093253,2.1964579,0.0,0.6,0.6
0.41615976235879837,0.3247746396281447,0.3462190081935369,61.559999999999995,0.0,9.36,156201.66620689657,1.0,-0.18829920346690443,13.745000000000001,0.0,-1.1122899,2.093253,2.1964579,0.0,0.6,0.6
0.4169128174227611,0.3364544708930472,0.3618820849790985,61.379999999999995,-21570.706285714252,9.9,64712.11885714297,1.0,0.31525620288703493,13.75,0.0,-1.1122899,2.093253,2.1964579,0.0,0.6,0.6
0.4158186289264019,0.34076525209696834,0.37569832343691645,61.019999999999996,-11889.36566929132,9.54,-11889.36566929138,1.0,-0.26459547715689524,13.755,0.0,-1.1122899,2.093253,2.1964579,0.0,0.6,0.6
0.41599114242974355,0.35434237756217474,0.3868357246530435,60.66,-48708.04645161283,8.64,-121770.11612903206,1.0,-0.12726218451491178,13.76,0.0,-1.4929416,1.7785757,1.8134512,0.0,0.6,0.6
0.41583631874512905,0.3517833075340435,0.39869379491743706,60.3,-8.203037072449899,7.199999999999999,-32.81214828979967,1.0,-0.11200292977691362,13.765,0.0,-1.4929416,1.7785757,1.8134512,0.0,0.6,0.6
0.41598121469684035,0.3578323809590053,0.4079427585176685,59.76,-30198.988799999952,5.04,-120795.95519999995,1.0,-0.05096591082492097,13.77,0.0,-1.4929416,1.7785757,1.8134512,0.0,0.6,0.6
0.4167326424063683,0.3666820083693525,0.4149478777247254,59.04,-75497.47199999988,2.52,-264241.152,1.0,-0.23407696768089892,13.775,0.0,-1.4929416,1.7785757,1.8134512,0.0,0.6,0.6
0.4169136755657311,0.36631900368514647,0.42211621554103806,57.239999999999995,-209715.2000000005,1.6199999999999999,-104857.60000000002,1.0,0.04058961760306801,13.780000000000001,0.0,-0.8984488,0.027456991,2.4896674,0.030465352535247802,0.3082370974123478,0.6
0.417477612930214,0.36680123802795933,0.4300912864812326,55.62,-226492.41599999965,2.34,100663.296,1.0,-0.6002990813928548,13.785,0.0,-0.8984488,0.027456991,2.4896674,0.030465352535247802,0.3082370974123478,0.6
0.4187591420753734,0.3686020102247453,0.43698325308137,54.0,-183642.49945945916,1.7999999999999998,-61214.16648648649,1.0,0.11688589129305882,13.790000000000001,0.0,-0.8984488,0.027456991,2.4896674,0.030465352535247802,0.3082370974123478,0.6
0.42083984374652933,0.38247361108566613,0.44432040958944974,51.839999999999996,-266461.6658823534,1.6199999999999999,-22205.138823529403,1.0,-0.11200292977691362,13.795,0.0,-0.8984488,0.027456991,2.4896674,0.030465352535247802,0.3082370974123478,0.6
0.42205067125197654,0.3849754882748207,0.4506532208765593,49.86,-267894.25548387057,1.7999999999999998,24354.023225806442,1.0,-0.17303994872890627,13.8,0.0,0.101014346,-1.2649364,1.5331321,0.3303043037652969,0.0,0.6
0.4210966656949974,0.3921570645720245,0.45544449617591043,47.879999999999995,-267894.2554838715,1.6199999999999999,-24354.023225806442,1.0,-0.09674367503891546,13.805,0.0,0.101014346,-1.2649364,1.5331321,0.3303043037652969,0.0,0.6
0.41830629326537283,0.39788474777100946,0.4601555454439135,45.9,-48.114307432040896,1.6199999999999999,0.0,1.0,-0.020447401348924643,13.81,0.0,0.101014346,-1.2649364,1.5331321,0.3303043037652969,0.0,0.6
0.41179169823219147,0.4020432668598065,0.4646419430729706,43.92,-113763.31397260255,1.6199999999999999,0.0,1.0,-0.11200292977691362,13.815,0.0,0.101014346,-1.2649364,1.5331321,0.3303043037652969,0.0,0.6
0.39494221395999063,0.4043502125220668,0.4673773231685948,41.94,-212941.58769230812,1.6199999999999999,0.0,1.0,-0.020447401348924643,13.82,0.0,1.5019867,-1.0680233,0.32760158,0.6,0.0,0.39828047454357146
0.37027986410703156,0.4222537285946822,0.47022237341908635,39.96,-73493.11433628306,1.6199999999999999,0.0,1.0,-0.31037324137088973,13.825000000000001,0.0,1.5019867,-1.0680233,0.32760158,0.6,0.0,0.39828047454357146
0.34166704883863763,0.43378140941348714,0.47282798040057067,37.8,-283115.5200000005,1.7999999999999998,23592.959999999992,1.0,0.04058961760306801,13.83,0.0,1.5019867,-1.0680233,0.32760158,0.6,0.0,0.39828047454357146
0.3126521851935539,0.4361272420116345,0.47455100235316017,35.46,-288666.8047058819,1.7999999999999998,0.0,1.0,-0.1577806939909081,13.835,0.0,1.5019867,-1.0680233,0.32760158,0.6,0.0,0.39828047454357146
0.28446471747961466,0.4399852803846337,0.4762670799048631,33.12,-288666.8047058828,1.7999999999999998,0.0,1.0,-0.17303994872890627,13.84,8.522882461547852,1.4501967,-0.6272733,-1.5805016,0.6,0.11181800365447998,0.0
0.2578315381103253,0.4380809242212805,0.47820075551752406,30.599999999999998,-340956.32516129024,1.7999999999999998,0.0,1.0,-0.2035584582049026,13.845,8.522882461547852,1.4501967,-0.6272733,-1.5805016,0.6,0.11181800365447998,0.0
0.23195654857962417,0.44422840343275766,0.48006221563163126,27.9,-61.70244965565337,1.6199999999999999,-4.113496643710224,1.0,0.2847376934110386,13.85,8.522882461547852,1.4501967,-0.6272733,-1.5805016,0.6,0.11181800365447998,0.0
0.20958254254351705,0.45522231435415444,0.4811773786244877,25.2,-60885.05806451611,1.6199999999999999,0.0,1.0,-0.08148442030091729,13.855,8.522882461547852,1.4501967,-0.6272733,-1.5805016,0.6,0.11181800365447998,0.0
0.19038036653867813,0.4533455634788843,0.48302789825953885,22.5,-240949.3787234042,1.6199999999999999,0.0,1.0,-0.1577806939909081,13.86,20.0,1.271299,-0.48053768,-0.3895295,0.6,0.15583869516849516,0.18314115107059478
0.1765961308578898,0.45408074444169155,0.4844339008837915,19.62,-120795.95519999995,1.6199999999999999,0.0,1.0,-0.3714102603228824,13.865,20.0,1.271299,-0.48053768,-0.3895295,0.6,0.15583869516849516,0.18314115107059478
0.16831876743827004,0.4503772405188258,0.4856766439622716,16.74,-355282.2211764709,1.6199999999999999,0.0,1.0,0.14740440076905514,13.870000000000001,20.0,1.271299,-0.48053768,-0.3895295,0.6,0.15583869516849516,0.18314115107059478
0.16410325483197052,0.4403061617345822,0.4873302953834762,14.04,-314572.79999999993,1.6199999999999999,0.0,1.0,-0.1577806939909081,13.875,20.0,1.271299,-0.48053768,-0.3895295,0.6,0.15583869516849516,0.18314115107059478
0.16366519420754855,0.4325095536454183,0.48884552996265884,11.34,-314572.79999999993,1.6199999999999999,0.0,1.0,0.025330362865069844,13.88,8.522882461547852,1.0088931,-1.0574007,-1.6777043,0.6,0.0,0.0
0.16608109347845,0.42965087827702764,0.4892695402873117,8.82,-78877.95582089551,1.6199999999999999,0.0,1.0,-0.06622516556291913,13.885,8.522882461547852,1.0088931,-1.0574007,-1.6777043,0.6,0.0,0.0
0.16773749425971385,0.42157142560435656,0.48901306044965037,6.4799999999999995,-280419.1817142858,1.6199999999999999,0.0,1.0,0.17792291024505147,13.89,8.522882461547852,1.0088931,-1.0574007,-1.6777043,0.6,0.0,0.0
0.17079793884375155,0.39271581756893675,0.4887476288522305,4.859999999999999,-39.1489639437204,3.96,56.548503474262795,1.0,1.6733298745689282,13.895,8.522882461547852,1.0088931,-1.0574007,-1.6777043,0.6,0.0,0.0
0.17992639200431587,0.3728114104291267,0.4886882428527594,4.68,-8206.246956521727,4.68,32824.987826086945,1.0,-2.568742942594673,13.9,0.0,1.1470784,-1.5259285,-1.869375,0.6,0.0,0.0
0.19389596610241192,0.3509732865563315,0.4867405466917479,5.76,107853.53142857144,2.16,-251658.23999999996,1.0,12.81258583330792,13.905000000000001,0.0,1.1470784,-1.5259285,-1.869375,0.6,0.0,0.0
0.2041353739958888,0.3158188250823195,0.48510642192164083,7.56,54314.72805755395,1.44,-21725.89122302159,1.0,-1.729483932004774,13.91,0.0,1.1470784,-1.5259285,-1.869375,0.6,0.0,0.0
0.21982914707475834,0.2928358287708675,0.4847507728426485,9.36,235929.59999999998,1.6199999999999999,23592.959999999992,1.0,0.2084414197210478,13.915000000000001,0.0,1.1470784,-1.5259285,-1.869375,0.6,0.0,0.0
0.24166726363755164,0.26326286582757996,0.48122704525909643,11.34,230686.72000000006,1.6199999999999999,0.0,1.0,-0.4782250434888695,13.92,0.0,1.1460952,-1.4958638,-1.9121829,0.6,0.0,0.0
0.25794023255996595,0.244418619733778,0.47655515980751745,13.68,297414.28363636363,1.6199999999999999,0.0,1.0,-0.035706656086922806,13.925,0.0,1.1460952,-1.4958638,-1.9121829,0.6,0.0,0.0
0.27435408142938505,0.23003565171877605,0.46780023559572487,16.38,365310.34838709666,1.6199999999999999,0.0,1.0,-0.005188146610926481,13.93,0.0,1.1460952,-1.4958638,-1.9121829,0.6,0.0,0.0
0.29274356669354124,0.22126203676689124,0.45233083261263163,19.439999999999998,71.08792954665039,1.6199999999999999,0.0,1.0,-0.11200292977691362,13.935,0.0,1.1460952,-1.4958638,-1.9121829,0.6,0.0,0.0
0.30713397728966074,0.2153125665091345,0.43212602376967263,22.68,238413.06947368436,1.6199999999999999,0.0,1.0,0.10162663655506066,13.94,0.0,1.1184205,-1.5679901,-1.7151369,0.6,0.0,0.0
0.319486205737427,0.20210749552536303,0.4138575126738527,26.099999999999998,448266.23999999976,1.6199999999999999,0.0,1.0,-0.34089175084688605,13.945,0.0,1.1184205,-1.5679901,-1.7151369,0.6,0.0,0.0
0.3352615102301597,0.20018795301855,0.3973401627509493,29.7,520672.2206896554,1.7999999999999998,26033.61103448275,1.0,0.10162663655506066,13.950000000000001,0.0,1.1184205,-1.5679901,-1.7151369,0.6,0.0,0.0
0.3483291295719373,0.20183216112587124,0.3795378383798612,33.3,520672.2206896549,1.7999999999999998,0.0,1.0,-0.3714102603228824,13.955,0.0,1.1184205,-1.5679901,-1.7151369,0.6,0.0,0.0
0.35931121991979187,0.19480549562969787,0.3633470663815854,37.26,184549.37600000005,1.7999999999999998,0.0,1.0,0.17792291024505147,13.96,0.0,1.1971183,-1.8737633,-0.4598789,0.6,0.0,0.16203633248806
0.3713121901852504,0.17968843454838404,0.3489893134086982,41.04,466307.91529411776,1.7999999999999998,0.0,1.0,-0.38666951506088054,13.965,0.0,1.1971183,-1.8737633,-0.4598789,0.6,0.0,0.16203633248806
0.3826833617366436,0.16013382689955583,0.3333358933299041,45.18,526194.501818182,1.7999999999999998,0.0,1.0,0.0863673818170625,13.97,0.0,1.1971183,-1.8737633,-0.4598789,0.6,0.0,0.16203633248806
0.39174216903513864,0.15763768048806476,0.3147572817106654,49.14,535788.5109677421,1.7999999999999998,0.0,1.0,-0.26459547715689524,13.975,0.0,1.1971183,-1.8737633,-0.4598789,0.6,0.0,0.16203633248806
0.4017788442123706,0.1522601572760838,0.29416652541570176,53.28,93.98059469815877,1.7999999999999998,0.0,1.0,-0.09674367503891546,13.98,0.0,0.62936175,-1.3766754,-1.0290136,0.488808524608612,0.0,0.0
0.41053384989230784,0.12781618027422728,0.2719775642511851,57.239999999999995,272285.9645901635,1.98,12376.634754098372,1.0,-0.09674367503891546,13.985,0.0,0.62936175,-1.3766754,-1.0290136,0.488808524608612,0.0,0.0
0.41792221330184814,0.11000243818471754,0.250279451986706,61.379999999999995,496126.24457142863,1.98,0.0,1.0,0.14740440076905514,13.99,0.0,0.62936175,-1.3766754,-1.0290136,0.488808524608612,0.0,0.0
0.4251168156021111,0.0801190412374119,0.2287369637363856,65.34,156692.86641509464,1.98,0.0,1.0,-0.17303994872890627,13.995000000000001,0.0,0.62936175,-1.3766754,-1.0290136,0.488808524608612,0.0,0.0
0.4323725555270159,0.07517609266943487,0.20856979072991286,69.12,466307.91529411776,2.16,22205.138823529433,1.0,-0.05096591082492097,14.0,0.0,0.7953162,-1.5703322,0.058845386,0.5385948657989502,0.0,0.31765361577272416
0.43922193849454966,0.08758619537579251,0.18857489486321172,72.89999999999999,480438.4581818165,2.34,22878.021818181784,1.0,-0.14252143925290994,14.005,0.0,0.7953162,-1.5703322,0.058845386,0.5385948657989502,0.0,0.31765361577272416
0.44538754258494134,0.06455035710476002,0.17091788449183865,76.32,434682.4145454548,2.88,68634.06545454546,1.0,-0.31037324137088973,14.01,0.0,0.7953162,-1.5703322,0.058845386,0.5385948657989502,0.0,0.31765361577272416
0.45225173048547374,0.05537973211763669,0.15354153845247853,79.56,452984.8320000013,3.78,125829.11999999998,1.0,-0.11200292977691362,14.015,0.0,0.7953162,-1.5703322,0.058845386,0.5385948657989502,0.0,0.31765361577272416
0.45793518193805405,0.03938696806605738,0.13828967384008387,82.44,208268.88827586174,5.04,91117.63862068967,1.0,-0.12726218451491178,14.02,0.0,0.090016365,-1.0439928,-0.72563624,0.32700490951538086,0.0,0.08230912685394287
0.463735940269329,0.04441944531722709,0.1242722809899462,84.96,61.8328531230438,6.84,44.166323659317065,1.0,-0.08148442030091729,14.025,0.0,0.090016365,-1.0439928,-0.72563624,0.32700490951538086,0.0,0.08230912685394287
0.4690541169547674,0.03874567042272288,0.11609897084029208,86.94,159706.1907692311,9.18,188743.68,1.0,-0.020447401348924643,14.030000000000001,0.0,0.090016365,-1.0439928,-0.72563624,0.32700490951538086,0.0,0.08230912685394287
0.472442097943485,0.025651828431499556,0.11421516570262946,88.2,176160.7680000007,12.42,452984.83200000005,1.0,-0.2035584582049026,14.035,0.0,0.090016365,-1.0439928,-0.72563624,0.32700490951538086,0.0,0.08230912685394287
0.4768929758374213,0.02668448321797245,0.11195605545777751,88.92,100663.29599999984,16.56,578813.9519999998,1.0,0.22370067445904596,14.040000000000001,0.0,-0.6930146,-0.4174309,0.7260633,0.09209561347961426,0.17477072775363922,0.5178189933300018
0.481395745176991,0.010955498561727813,0.11060014284838544,89.1,25165.823999998967,21.419999999999998,679477.2479999999,1.0,-0.12726218451491178,14.045,0.0,-0.6930146,-0.4174309,0.7260633,0.09209561347961426,0.17477072775363922,0.5178189933300018
0.48487598807500903,0.016712773880185272,0.11131426020728928,88.92,-23592.95999999903,26.64,684195.8400000003,1.0,0.0863673818170625,14.05,0.0,-0.6930146,-0.4174309,0.7260633,0.09209561347961426,0.17477072775363922,0.5178189933300018
0.48804319985581124,0.02385180814167144,0.11147187109664268,88.38,-70778.88000000082,31.68,660602.8799999999,1.0,-0.06622516556291913,14.055,0.0,-0.6930146,-0.4174309,0.7260633,0.09209561347961426,0.17477072775363922,0.5178189933300018
0.4897529236322522,0.016172210288699654,0.11229857701480421,87.66,-35115.1032558139,36.54,237026.94697674416,1.0,-0.035706656086922806,14.06,0.0,-0.26540127,-0.6274941,-0.26958203,0.2203796178102493,0.11175177097320556,0.2191253900527954
0.4913893081726147,0.012461193619547553,0.11072729006188547,86.94,-16.379645602026343,40.68,94.18296221165164,1.0,-0.31037324137088973,14.065,0.0,-0.26540127,-0.6274941,-0.26958203,0.2203796178102493,0.11175177097320556,0.2191253900527954
0.4923174134837537,0.007364477425216393,0.10635956703346958,86.58,-32126.583829787185,43.739999999999995,273075.96255319106,1.0,-0.06622516556291913,14.07,0.0,-0.26540127,-0.6274941,-0.26958203,0.2203796178102493,0.11175177097320556,0.2191253900527954
0.4940631347970215,0.0072717934524032446,0.10138458644638586,86.39999999999999,-22878.021818182686,45.54,228780.21818181872,1.0,-0.26459547715689524,14.075000000000001,0.0,-0.26540127,-0.6274941,-0.26958203,0.2203796178102493,0.11175177097320556,0.2191253900527954
0.4948935759013345,-0.007685375461535778,0.10178829631021914,86.39999999999999,0.0,46.08,73062.06967741923,1.0,0.2542191839350423,14.08,0.0,-0.33885947,-0.6777636,-0.5012298,0.19834215939044952,0.09667092561721802,0.1496310532093048
0.4951555341515118,-0.006608477713959233,0.10235261071040215,86.58,25165.824000000954,45.36,-100663.29599999984,1.0,-0.2035584582049026,14.085,0.0,-0.33885947,-0.6777636,-0.5012298,0.19834215939044952,0.09667092561721802,0.1496310532093048
0.4941487429190961,-0.00899451630464132,0.10207597295311727,86.75999999999999,23592.95999999903,44.1,-165150.71999999974,1.0,0.010071108127071682,14.09,0.0,-0.33885947,-0.6777636,-0.5012298,0.19834215939044952,0.09667092561721802,0.1496310532093048
0.494318362152676,-0.01084320316842212,0.10256509007123471,86.75999999999999,0.0,42.66,-194832.18580645227,1.0,-0.26459547715689524,14.095,0.0,-0.33885947,-0.6777636,-0.5012298,0.19834215939044952,0.09667092561721802,0.1496310532093048
0.4932360962235199,-0.014404368409568869,0.10309799282524994,86.75999999999999,0.0,41.04,-219186.20903225773,1.0,-0.12726218451491178,14.1,0.0,-0.32527587,-0.70953965,-0.9377612,0.20241723954677582,0.08713810443878174,0.018671643733978272
0.49196924496398553,-0.012006248695317958,0.10237786707907566,86.39999999999999,-50331.64799999992,39.42,-226492.41599999965,1.0,-0.29511398663289157,14.105,0.0,-0.32527587,-0.70953965,-0.9377612,0.20241723954677582,0.08713810443878174,0.018671643733978272
0.4912315254495672,-0.01416399123745492,0.10828159217419434,86.22,-4.34557841297598,37.62,-43.455784129761696,1.0,-0.11200292977691362,14.11,0.0,-0.32527587,-0.70953965,-0.9377612,0.20241723954677582,0.08713810443878174,0.018671643733978272
0.4904819861465126,-0.0030450565402161773,0.1267659150209496,85.67999999999999,-16063.291914893804,35.82,-53544.30638297864,1.0,-0.08148442030091729,14.115,0.0,-0.32527587,-0.70953965,-0.9377612,0.20241723954677582,0.08713810443878174,0.018671643733978272
0.48748679508422105,-0.003723805362882612,0.14655238943453266,85.32,-26963.382857142813,33.66,-161780.29714285742,1.0,0.025330362865069844,14.120000000000001,0.0,0.106359676,-0.69891095,-1.4696991,0.3319079026579857,0.09032671451568604,0.0
0.48078361089445704,-0.0016696961936688737,0.16237811878004213,84.78,-66615.41647058725,31.5,-266461.6658823525,1.0,-0.12726218451491178,14.125,0.0,0.106359676,-0.69891095,-1.4696991,0.3319079026579857,0.09032671451568604,0.0
0.4735022604617061,0.015043705477668813,0.18133813137087862,84.06,-100663.29599999984,29.16,-327155.712,1.0,0.0863673818170625,14.13,0.0,0.106359676,-0.69891095,-1.4696991,0.3319079026579857,0.09032671451568604,0.0
0.461749381534542,0.030675558004575224,0.19624952106025148,83.34,-91512.08727272713,26.82,-297414.28363636363,1.0,-0.18829920346690443,14.135,0.0,0.106359676,-0.69891095,-1.4696991,0.3319079026579857,0.09032671451568604,0.0
0.44469735093449203,0.045034771246518376,0.205984237489873,82.61999999999999,-94371.84000000171,24.3,-330301.43999999994,1.0,0.04058961760306801,14.14,0.0,-0.04912802,-0.70770025,-1.3525038,0.285261594504118,0.08768992424011231,0.0
0.4264917369740791,0.05435253515114833,0.2126352345713648,81.53999999999999,-150994.94399999976,21.96,-327155.712,1.0,-0.05096591082492097,14.145,0.0,-0.04912802,-0.70770025,-1.3525038,0.285261594504118,0.08768992424011231,0.0
0.4093857748994035,0.06129096725211599,0.21644005231135693,80.64,-20.658430016198746,19.62,-53.71191804211724,1.0,-0.09674367503891546,14.15,0.0,-0.04912802,-0.70770025,-1.3525038,0.285261594504118,0.08768992424011231,0.0
0.39000594228101954,0.06218115170693951,0.21844938083120147,79.38,-59380.03415730361,17.46,-101794.34426966292,1.0,-0.46296578875087135,14.155000000000001,0.0,-0.04912802,-0.70770025,-1.3525038,0.285261594504118,0.08768992424011231,0.0
0.3735646254138107,0.06500602308145301,0.21846608560511668,78.3,-107853.53142857125,15.299999999999999,-215707.06285714306,1.0,-0.005188146610926481,14.16,0.0,0.38141343,-0.7476163,-1.428462,0.4144240289926529,0.07571511268615723,0.0
0.35857856457322657,0.06102547836416067,0.218642582957693,76.86,-167772.15999999974,13.139999999999999,-251658.24000000002,1.0,-0.11200292977691362,14.165000000000001,0.0,0.38141343,-0.7476163,-1.428462,0.4144240289926529,0.07571511268615723,0.0
0.343864270178633,0.06694467721932953,0.2185115227194988,75.42,-194832.1858064513,11.16,-267894.2554838708,1.0,0.010071108127071682,14.17,0.0,0.38141343,-0.7476163,-1.428462,0.4144240289926529,0.07571511268615723,0.0
0.33075398046576104,0.06610829769401663,0.21746573640193545,73.98,-35115.1032558139,9.36,-43893.879069767456,1.0,-0.3714102603228824,14.175,0.0,0.38141343,-0.7476163,-1.428462,0.4144240289926529,0.07571511268615723,0.0
0.32089918018603847,0.08587291953819001,0.2166759536532793,72.36,-65334.35076923095,7.56,-72593.72307692307,1.0,0.0863673818170625,14.18,0.0,0.20145118,-0.8954667,-1.1363745,0.36043535470962523,0.03135999441146851,0.0
0.31147398642250435,0.08146053076745968,0.21637083480506533,70.56,-228780.21818181782,5.76,-228780.21818181817,1.0,-0.23407696768089892,14.185,0.0,0.20145118,-0.8954667,-1.1363745,0.36043535470962523,0.03135999441146851,0.0
0.30382033502023625,0.08045201281202274,0.21537185509306803,68.94,-219186.2090322587,4.14,-219186.20903225808,1.0,0.11688589129305882,14.19,0.0,0.20145118,-0.8954667,-1.1363745,0.36043535470962523,0.03135999441146851,0.0
0.29939743603437596,0.08819921819482038,0.2125730836248222,66.96,-47.10348889443483,2.6999999999999997,-34.25708283231617,1.0,-0.29511398663289157,14.195,0.0,0.20145118,-0.8954667,-1.1363745,0.36043535470962523,0.03135999441146851,0.0
0.2972319184207605,0.08051890471759332,0.2059845137230335,64.8,-91512.08727272713,1.7999999999999998,-38130.03636363636,1.0,-0.05096591082492097,14.200000000000001,0.0,0.72115064,-0.88064075,-0.31645775,0.516345191001892,0.035807776451110836,0.2050626754760742
0.296642798928179,0.09357540883712107,0.19373051395980492,62.099999999999994,-269633.82857142884,2.16,35951.177142857174,1.0,-0.23407696768089892,14.205,0.0,0.72115064,-0.88064075,-0.31645775,0.516345191001892,0.035807776451110836,0.2050626754760742
0.2962802518818722,0.09227127100321598,0.17910104097846308,59.4,-323560.5942857138,2.88,86282.82514285711,1.0,0.04058961760306801,14.21,0.0,0.72115064,-0.88064075,-0.31645775,0.516345191001892,0.035807776451110836,0.2050626754760742
0.29626704049105573,0.09280617508923351,0.16318944276601885,56.519999999999996,-402653.18400000036,3.78,125829.11999999998,1.0,-0.1577806939909081,14.215,0.0,0.72115064,-0.88064075,-0.31645775,0.516345191001892,0.035807776451110836,0.2050626754760742
0.2965381319327762,0.09313319961449151,0.14769678708481668,53.64,-326475.55459459405,4.5,81618.88864864867,1.0,-0.005188146610926481,14.22,0.0,0.1646748,-1.0789529,-0.9309137,0.3494024410843849,0.0,0.0207258939743042
0.29725585284185874,0.09427197222399096,0.1321016226455218,50.76,-366048.3490909094,5.3999999999999995,114390.10909090903,1.0,-0.23407696768089892,14.225,0.0,0.1646748,-1.0789529,-0.9309137,0.3494024410843849,0.0,0.0207258939743042
0.2990809797869976,0.10020974313911139,0.11815675348793456,47.699999999999996,-414018.39483870997,6.3,121770.1161290323,1.0,-0.005188146610926481,14.23,0.0,0.1646748,-1.0789529,-0.9309137,0.3494024410843849,0.0,0.0207258939743042
0.30138610385537934,0.08307778172030854,0.10560417703041024,44.64,-70.23635579585616,7.199999999999999,20.657751704663596,1.0,-0.26459547715689524,14.235,0.0,0.1646748,-1.0789529,-0.9309137,0.3494024410843849,0.0,0.0207258939743042
0.303672474773861,0.08446213561453275,0.09324745371194822,41.94,-133230.8329411766,7.739999999999999,26646.166588235297,1.0,-0.05096591082492097,14.24,0.0,0.29751214,-1.1747867,-1.0453283,0.389253643155098,0.0,0.0
0.3070911404727488,0.08784411031900653,0.08279350624331133,39.24,-290374.89230769186,7.92,19358.326153846217,1.0,-0.08148442030091729,14.245000000000001,0.0,0.29751214,-1.1747867,-1.0453283,0.389253643155098,0.0,0.0
0.31104059332772505,0.0935948077537549,0.07320821616917476,36.72,-301989.8880000004,7.92,0.0,1.0,0.025330362865069844,14.25,0.0,0.29751214,-1.1747867,-1.0453283,0.389253643155098,0.0,0.0
0.31383141038592527,0.09550813710641423,0.05500397462417898,34.56,-292248.27870967693,7.38,-73062.06967741936,1.0,-0.3256324961088879,14.255,0.0,0.29751214,-1.1747867,-1.0453283,0.389253643155098,0.0,0.0
0.3173614112522363,0.09090555118768462,0.0545825191963582,32.76,-209715.2000000005,6.3,-125829.12000000001,1.0,0.17792291024505147,14.26,0.0,0.7266518,-0.97576773,-0.52599174,0.5179955363273621,0.007269680500030518,0.14220247864723204
0.32128191205309686,0.0944157145017357,0.04159944730943815,31.5,-150994.94399999976,4.5,-215707.06285714282,1.0,-0.05096591082492097,14.265,0.0,0.7266518,-0.97576773,-0.52599174,0.5179955363273621,0.007269680500030518,0.14220247864723204
0.3236818539532412,0.10771794223571306,0.04847265646068382,30.419999999999998,-141557.76000000024,2.16,-306708.48,1.0,0.2542191839350423,14.27,0.0,0.7266518,-0.97576773,-0.52599174,0.5179955363273621,0.007269680500030518,0.14220247864723204
0.3262240055643732,0.10111629408486207,0.04575926576853684,28.98,-194832.1858064513,1.6199999999999999,-73062.0696774194,1.0,-0.18829920346690443,14.275,0.0,0.7266518,-0.97576773,-0.52599174,0.5179955363273621,0.007269680500030518,0.14220247864723204
0.3302207565223753,0.10571836992744148,0.04950010799707986,27.9,-26.17743649014128,2.34,17.45162432676082,1.0,-0.24933622241889708,14.280000000000001,0.0,0.60171413,-1.305306,-0.93393946,0.48051424026489253,0.0,0.01981816291809082
0.3380303348771847,0.1098308240561782,0.04747293681679038,27.36,-14155.775999999978,2.16,-4718.591999999992,1.0,-0.12726218451491178,14.285,0.0,0.60171413,-1.305306,-0.93393946,0.48051424026489253,0.0,0.01981816291809082
0.3446272272412748,0.09866555325573272,0.048637878051144015,27.0,-37748.73599999994,1.6199999999999999,-56623.10400000003,1.0,0.34577471236303126,14.290000000000001,0.0,0.60171413,-1.305306,-0.93393946,0.48051424026489253,0.0,0.01981816291809082
0.34892345173902767,0.08936803516138125,0.0632859497531551,26.82,-22878.021818181784,1.6199999999999999,0.0,1.0,-0.29511398663289157,14.295,0.0,0.60171413,-1.305306,-0.93393946,0.48051424026489253,0.0,0.01981816291809082
0.3524636497565367,0.1003910796312889,0.058044043950681655,27.18,45756.04363636357,1.6199999999999999,0.0,1.0,-0.17303994872890627,14.3,0.0,0.83821285,-1.4666101,-1.0040569,0.5514638543128967,0.0,0.0
0.35455901018614483,0.09719643019844229,0.058166655439926,27.54,45756.04363636357,1.6199999999999999,0.0,1.0,-0.21881771294290076,14.305,0.0,0.83821285,-1.4666101,-1.0040569,0.5514638543128967,0.0,0.0
0.35691914495945515,0.10410865824042985,0.056799071710057235,28.439999999999998,111025.69411764688,1.6199999999999999,0.0,1.0,-0.09674367503891546,14.31,0.0,0.83821285,-1.4666101,-1.0040569,0.5514638543128967,0.0,0.0
0.3600258535452811,0.07197726118079448,0.061669087696352064,29.52,141557.76000000024,1.6199999999999999,0.0,1.0,-0.31037324137088973,14.315,0.0,0.83821285,-1.4666101,-1.0040569,0.5514638543128967,0.0,0.0
0.36178347989867493,0.07025045314691394,0.0624399691412294,30.779999999999998,28.62742496221699,1.6199999999999999,0.0,1.0,-0.005188146610926481,14.32,0.0,1.0393287,-1.574439,-0.8433222,0.6,0.0,0.04700333476066589
0.3641924373667285,0.06249048142367193,0.06559361429644547,32.4,115165.63525423736,1.6199999999999999,0.0,1.0,-0.21881771294290076,14.325000000000001,0.0,1.0393287,-1.574439,-0.8433222,0.6,0.0,0.04700333476066589
0.371993352016573,0.0441626339269368,0.06708485163776633,34.199999999999996,68634.06545454534,1.6199999999999999,0.0,1.0,0.07110812707906433,14.33,0.0,1.0393287,-1.574439,-0.8433222,0.6,0.0,0.04700333476066589
0.3807587140166041,0.024385944563561118,0.07185315385314914,36.18,259522.56000000052,1.6199999999999999,0.0,1.0,-0.41718802453687687,14.335,0.0,1.0393287,-1.574439,-0.8433222,0.6,0.0,0.04700333476066589
0.38745527332898,0.02335516293629825,0.06500257795903959,38.339999999999996,312403.3324137926,1.6199999999999999,0.0,1.0,0.10162663655506066,14.34,0.0,1.3424814,-1.8696676,0.059618454,0.6,0.0,0.3178855363279581
0.39658651673305084,0.02092394122582482,0.06786174249433101,40.68,166350.36203389853,1.6199999999999999,0.0,1.0,-0.11200292977691362,14.345,0.0,1.3424814,-1.8696676,0.059618454,0.6,0.0,0.3178855363279581
0.40561704353557426,0.025072094796891566,0.07270329773018351,43.199999999999996,301989.8879999995,1.6199999999999999,0.0,1.0,0.14740440076905514,14.35,0.0,1.3424814,-1.8696676,0.059618454,0.6,0.0,0.3178855363279581
0.4125005283809597,0.018796344969498335,0.06336224642953268,45.9,343170.3272727276,1.6199999999999999,0.0,1.0,-0.3256324961088879,14.355,0.0,1.3424814,-1.8696676,0.059618454,0.6,0.0,0.3178855363279581
0.4191086034974013,0.02618922014321201,0.06358854246416895,48.6,365310.3483870972,1.6199999999999999,0.0,1.0,0.10162663655506066,14.36,0.0,1.1284434,-1.4289479,-0.20240799,0.6,0.0,0.23927760422229766
0.4245790267452286,0.01611167275800964,0.06947686099345596,51.48,65.44049493740137,1.6199999999999999,0.0,1.0,-0.23407696768089892,14.365,0.0,1.1284434,-1.4289479,-0.20240799,0.6,0.0,0.23927760422229766
0.4289387325082528,0.0035037687528068936,0.06320203529864994,54.36,232299.91384615406,1.6199999999999999,0.0,1.0,0.0863673818170625,14.370000000000001,0.0,1.1284434,-1.4289479,-0.20240799,0.6,0.0,0.23927760422229766
0.433971945532009,0.001429066681177931,0.05434957921404512,57.419999999999995,401080.31999999937,1.6199999999999999,0.0,1.0,-0.035706656086922806,14.375,0.0,1.1284434,-1.4289479,-0.20240799,0.6,0.0,0.23927760422229766
0.44004962365911326,0.0020803629211574286,0.06744273295533117,60.3,389664.37161290355,1.7999999999999998,24354.023225806442,1.0,0.07110812707906433,14.38,0.0,1.3459373,-1.7065719,0.5525697,0.6,0.0,0.46577090620994566
0.4449645930456725,-0.002097109499265597,0.06724248221369046,63.36,442571.38758620725,1.7999999999999998,0.0,1.0,-0.34089175084688605,14.385,0.0,1.3459373,-1.7065719,0.5525697,0.6,0.0,0.46577090620994566
0.4494576472473896,-0.01452545154092376,0.061034349987299355,66.42,136537.98127659585,1.7999999999999998,0.0,1.0,0.31525620288703493,14.39,0.0,1.3459373,-1.7065719,0.5525697,0.6,0.0,0.46577090620994566
0.45639686795300094,-0.00746399924799554,0.06698957920491717,69.3,377487.3599999994,1.7999999999999998,0.0,1.0,-0.17303994872890627,14.395,0.0,1.3459373,-1.7065719,0.5525697,0.6,0.0,0.46577090620994566
0.4617484673492177,-0.012055294887688724,0.06927365887819828,72.17999999999999,416537.7765517235,1.98,26033.611034482783,1.0,0.07110812707906433,14.4,0.0,0.9866086,-1.148994,0.06383749,0.5959825873374939,0.0,0.319151247292757
0.4665019305971646,-0.009266473901803834,0.07874073052348274,75.06,402653.18400000135,2.16,25165.824000000022,1.0,-0.3561510055848842,14.405000000000001,0.0,0.9866086,-1.148994,0.06383749,0.5959825873374939,0.0,0.319151247292757
0.4728897824494138,-0.0017930557612996863,0.07913664099095141,77.58,61.82995946111943,2.52,8.8328513515885,1.0,0.025330362865069844,14.41,0.0,0.9866086,-1.148994,0.06383749,0.5959825873374939,0.0,0.319151247292757
0.47787027653897257,-0.012169893819864004,0.08270297701990786,80.1,192175.38327272696,3.06,41180.43927272728,1.0,-0.020447401348924643,14.415000000000001,0.0,0.9866086,-1.148994,0.06383749,0.5959825873374939,0.0,0.319151247292757
0.4818000051490875,-0.015871557591956117,0.09280305968706944,82.25999999999999,274536.2618181814,3.78,91512.08727272724,1.0,-0.09674367503891546,14.42,0.0,0.53796935,-1.0371264,0.79591984,0.46139080524444576,0.0,0.5387759506702423
0.48609607562552454,-0.01863654932779168,0.09998794055427339,84.24,58074.97846153858,5.04,36956.804475524485,1.0,-0.14252143925290994,14.425,0.0,0.53796935,-1.0371264,0.79591984,0.46139080524444576,0.0,0.5387759506702423
0.48994190949329,-0.026223426518869823,0.11175062356270932,85.67999999999999,194832.1858064513,6.66,219186.20903225808,1.0,0.11688589129305882,14.43,0.0,0.53796935,-1.0371264,0.79591984,0.46139080524444576,0.0,0.5387759506702423
0.4935156863626517,-0.011880744689994449,0.12345846168581506,86.94,170478.16258064585,8.82,292248.27870967746,1.0,-0.05096591082492097,14.435,0.0,0.53796935,-1.0371264,0.79591984,0.46139080524444576,0.0,0.5387759506702423
0.49598719515180295,-0.019995819753370003,0.13192230368565197,87.47999999999999,73062.06967741827,11.7,389664.3716129031,1.0,-0.17303994872890627,14.44,0.0,0.6480435,-0.8538765,0.13528827,0.4944130539894104,0.04383705854415893,0.3405864804983139
0.4982006316866243,-0.009419944677245046,0.14324475228898473,87.66,13245.170526316291,15.12,251658.24,1.0,-0.020447401348924643,14.445,0.0,0.6480435,-0.8538765,0.13528827,0.4944130539894104,0.04383705854415893,0.3405864804983139
0.4997607094103479,-0.01680745569022266,0.15893885210304604,87.66,0.0,18.9,85.67065874864234,1.0,0.07110812707906433,14.450000000000001,0.0,0.6480435,-0.8538765,0.13528827,0.4944130539894104,0.04383705854415893,0.3405864804983139
0.5009387863700615,-0.018990574099130138,0.17221194812272908,87.3,-19867.755789473653,22.86,218545.31368421056,1.0,-0.2035584582049026,14.455,0.0,0.6480435,-0.8538765,0.13528827,0.4944130539894104,0.04383705854415893,0.3405864804983139
0.5020349745523597,-0.011678671236853991,0.18408007726383654,86.94,-11796.479999999981,26.459999999999997,117964.79999999993,1.0,-0.1577806939909081,14.46,0.0,-0.0788054,-0.30857056,1.0011531,0.2763583794236183,0.20742883086204528,0.6
0.5025945227603442,-0.011004770510166344,0.20175581322771,86.39999999999999,-51475.549090909684,29.52,291694.7781818184,1.0,-0.26459547715689524,14.465,0.0,-0.0788054,-0.30857056,1.0011531,0.2763583794236183,0.20742883086204528,0.6
0.5034246107002901,-0.008553392567381973,0.2183337474116579,86.03999999999999,-47185.919999999925,31.5,259522.56000000006,1.0,0.0863673818170625,14.47,0.0,-0.0788054,-0.30857056,1.0011531,0.2763583794236183,0.20742883086204528,0.6
0.5028325776411907,-0.018756145442905197,0.23278067213599057,86.03999999999999,0.0,32.22,86282.82514285701,1.0,-0.2798547318948934,14.475,0.0,-0.0788054,-0.30857056,1.0011531,0.2763583794236183,0.20742883086204528,0.6
0.5025575539143259,-0.016896666079958964,0.24610643778460958,86.22,24354.023225807374,31.86,-48708.04645161283,1.0,0.04058961760306801,14.48,0.0,0.4226431,-0.6069983,-0.10341584,0.4267929285764694,0.11790050268173217,0.26897524818778035
0.5022916653622909,-0.02072666894707894,0.2543607254948903,86.39999999999999,24354.023225805453,30.599999999999998,-170478.16258064538,1.0,-0.1577806939909081,14.485,0.0,0.4226431,-0.6069983,-0.10341584,0.4267929285764694,0.11790050268173217,0.26897524818778035
0.5023925704658933,-0.00793598439260697,0.25926311644395134,86.58,23592.960000000894,29.16,-188743.6799999997,1.0,-0.05096591082492097,14.49,0.0,0.4226431,-0.6069983,-0.10341584,0.4267929285764694,0.11790050268173217,0.26897524818778035
0.5016557207713144,-0.016120867569991024,0.2703138773329593,86.58,0.0,27.18,-48.304048951293005,1.0,-0.31037324137088973,14.495000000000001,0.0,0.4226431,-0.6069983,-0.10341584,0.4267929285764694,0.11790050268173217,0.26897524818778035
0.500705053192367,-0.014744181106968412,0.28513925944141527,86.58,0.0,25.02,-146124.13935483873,1.0,0.010071108127071682,14.5,0.0,0.93427503,-0.73389924,-0.8940824,0.5802825093269348,0.07983022928237915,0.031775271892547606
0.5004415144720978,-0.005101443407734733,0.29662715132007395,86.39999999999999,-22878.021818182686,22.5,-320292.3054545454,1.0,-0.21881771294290076,14.505,0.0,0.93427503,-0.73389924,-0.8940824,0.5802825093269348,0.07983022928237915,0.031775271892547606
0.5014408224176328,-0.00392332783384028,0.3063352368030289,86.22,-25165.823999998967,19.439999999999998,-427819.0080000003,1.0,-0.11200292977691362,14.51,0.0,0.93427503,-0.73389924,-0.8940824,0.5802825093269348,0.07983022928237915,0.031775271892547606
0.500913412845648,0.0021325842209453418,0.31455477018148686,86.22,0.0,16.2,-452984.83199999976,1.0,-0.14252143925290994,14.515,0.0,0.93427503,-0.73389924,-0.8940824,0.5802825093269348,0.07983022928237915,0.031775271892547606
0.49998269354357266,-0.0005501496524349494,0.32019615319047895,86.03999999999999,-22878.021818182686,12.78,-434682.41454545455,1.0,-0.005188146610926481,14.52,0.0,0.76174164,-0.82227373,-1.1747668,0.5285224914550781,0.05331788063049316,0.0
0.4997036955486435,-0.008336090739752876,0.32637450132577933,85.67999999999999,-13481.691428571407,9.0,-141557.75999999998,1.0,-0.24933622241889708,14.525,0.0,0.76174164,-0.82227373,-1.1747668,0.5285224914550781,0.05331788063049316,0.0
0.498830359825163,-0.008583546240570597,0.3338564305284368,85.32,-48708.04645161283,5.22,-511434.48774193553,1.0,0.0863673818170625,14.530000000000001,0.0,0.76174164,-0.82227373,-1.1747668,0.5285224914550781,0.05331788063049316,0.0
0.4982452769306604,0.011666184006425525,0.33880892539679835,84.96,-8.14612501213866,1.6199999999999999,-81.46125012138671,1.0,-0.18829920346690443,14.535,0.0,0.76174164,-0.82227373,-1.1747668,0.5285224914550781,0.05331788063049316,0.0
0.4976716959924619,0.021195885191103794,0.3459129995272689,82.61999999999999,-78517.37088000012,2.16,18119.393280000008,1.0,0.34577471236303126,14.540000000000001,0.0,0.60658145,-0.9538131,-1.0972172,0.48197443485260005,0.013856077194213867,0.0
0.49802378940921704,0.038714940683092704,0.35677573529972567,80.82,-222051.38823529377,3.42,155435.97176470584,1.0,-0.43244727927487503,14.545,0.0,0.60658145,-0.9538131,-1.0972172,0.48197443485260005,0.013856077194213867,0.0
0.49756823686227236,0.0528399047886648,0.36860356971978225,79.02,-243540.23225806412,4.14,97416.09290322577,1.0,0.0863673818170625,14.55,0.0,0.60658145,-0.9538131,-1.0972172,0.48197443485260005,0.013856077194213867,0.0
0.49829302788511143,0.06463046710264925,0.37464489390141287,77.39999999999999,-226492.41600000064,3.96,-25165.82399999996,1.0,-0.09674367503891546,14.555,0.0,0.60658145,-0.9538131,-1.0972172,0.48197443485260005,0.013856077194213867,0.0
0.4993507843569951,0.08148332689805597,0.375539679950033,76.14,-165150.7199999988,3.06,-117964.79999999999,1.0,-0.11200292977691362,14.56,0.0,0.84927154,-0.95782673,-1.023304,0.554781460762024,0.012651979923248291,0.0
0.49965739441844353,0.08106247525562263,0.3769339667221272,74.88,-155435.9717647065,1.6199999999999999,-177641.11058823531,1.0,0.07110812707906433,14.565,0.0,0.84927154,-0.95782673,-1.023304,0.554781460762024,0.012651979923248291,0.0
0.5010701929990362,0.08094860584050008,0.37589377772958893,73.08,-243540.23225806412,1.7999999999999998,24354.023225806442,1.0,0.11688589129305882,14.57,0.0,0.84927154,-0.95782673,-1.023304,0.554781460762024,0.012651979923248291,0.0
0.5023855424236738,0.08635480911965564,0.37322871422052356,71.82,-170478.16258064585,1.6199999999999999,-24354.023225806442,1.0,-0.31037324137088973,14.575000000000001,0.0,0.84927154,-0.95782673,-1.023304,0.554781460762024,0.012651979923248291,0.0
0.5036505285755657,0.09644173768074353,0.3723919429247823,70.56,-30.79913188414221,1.6199999999999999,0.0,1.0,-0.11200292977691362,14.58,0.0,0.43282798,-1.1850454,-1.2275647,0.42984839379787443,0.0,0.0
0.5052824026602741,0.09234934756340865,0.3714402967186686,69.48,-80890.14857142845,1.6199999999999999,0.0,1.0,-0.1577806939909081,14.585,0.0,0.43282798,-1.1850454,-1.2275647,0.42984839379787443,0.0,0.0
0.5057624536503476,0.08891158742561464,0.36819202228711284,68.39999999999999,-141557.76000000164,1.6199999999999999,0.0,1.0,-0.035706656086922806,14.59,0.0,0.43282798,-1.1850454,-1.2275647,0.42984839379787443,0.0,0.0
0.5068187330712346,0.08007034861556002,0.35879925542904373,67.67999999999999,-94371.83999999985,1.6199999999999999,0.0,1.0,-0.34089175084688605,14.595,0.0,0.43282798,-1.1850454,-1.2275647,0.42984839379787443,0.0,0.0
0.5080829749315056,0.06370832224879255,0.3420177258189321,67.14,-23841.30694736807,1.6199999999999999,0.0,1.0,-0.26459547715689524,14.6,0.0,0.42669392,-1.1815238,-1.2813424,0.4280081748962402,0.0,0.0
0.5089446609919729,0.07774551068502032,0.32093273891076424,66.6,-70778.88000000082,1.6199999999999999,0.0,1.0,0.23895992919704412,14.605,0.0,0.42669392,-1.1815238,-1.2813424,0.4280081748962402,0.0,0.0
0.5096651322496244,0.08053432016621295,0.29737838685176865,66.42,-22878.021818180878,1.6199999999999999,0.0,1.0,0.04058961760306801,14.61,0.0,0.42669392,-1.1815238,-1.2813424,0.4280081748962402,0.0,0.0
0.5094898148561101,0.08399449410982611,0.2732549981532758,66.42,0.0,1.6199999999999999,0.0,1.0,-0.08148442030091729,14.615,0.0,0.42669392,-1.1815238,-1.2813424,0.4280081748962402,0.0,0.0
0.5094139048357877,0.09080808011204564,0.24931590297388065,66.6,4.086665764502569,1.6199999999999999,0.0,1.0,0.0863673818170625,14.620000000000001,0.0,0.22854683,-1.2436832,-1.3979225,0.36856404840946194,0.0,0.0
0.5092748853483899,0.09569175663336378,0.22552264412287001,66.78,13726.81309090961,1.6199999999999999,0.0,1.0,-0.09674367503891546,14.625,0.0,0.22854683,-1.2436832,-1.3979225,0.36856404840946194,0.0,0.0
0.5089053525720002,0.09415138550810608,0.2038404017432141,67.14,45756.04363636357,1.7999999999999998,22878.02181818181,1.0,0.05584887234106617,14.63,0.0,0.22854683,-1.2436832,-1.3979225,0.36856404840946194,0.0,0.0
0.508623068211486,0.09800942323120851,0.18286522389142304,67.67999999999999,24889.276483516118,1.7999999999999998,0.0,1.0,-0.17303994872890627,14.635,0.0,0.22854683,-1.2436832,-1.3979225,0.36856404840946194,0.0,0.0
0.5077622119177185,0.09341702536203601,0.16422313493103935,68.22,75497.47200000087,1.7999999999999998,0.0,1.0,0.2084414197210478,14.64,0.0,0.11056356,-1.220246,-1.3259466,0.33316906839609145,0.0,0.0
0.5067077233503412,0.09737964692222788,0.14649281835337039,68.75999999999999,66615.41647058725,1.7999999999999998,0.0,1.0,0.04058961760306801,14.645,0.0,0.11056356,-1.220246,-1.3259466,0.33316906839609145,0.0,0.0
0.5059440079490942,0.0956858230558129,0.1309994133392982,69.48,91512.08727272894,1.7999999999999998,0.0,1.0,0.025330362865069844,14.65,0.0,0.11056356,-1.220246,-1.3259466,0.33316906839609145,0.0,0.0
0.5045891841022143,0.09329638256812005,0.11666505326014161,70.2,52980.68210526308,1.7999999999999998,0.0,1.0,-0.05096591082492097,14.655000000000001,0.0,0.11056356,-1.220246,-1.3259466,0.33316906839609145,0.0,0.0
0.502584401073988,0.09307788165678237,0.10383481410765008,70.92,100663.29599999984,1.7999999999999998,0.0,1.0,0.0863673818170625,14.66,0.0,-0.013777137,-1.0941432,-1.2921435,0.295866858959198,0.0,0.0
0.4979320063936034,0.08643197392531626,0.0923216863125695,71.64,17.598991112794636,1.7999999999999998,0.0,1.0,-0.29511398663289157,14.665000000000001,0.0,-0.013777137,-1.0941432,-1.2921435,0.295866858959198,0.0,0.0
0.49421147101384766,0.08183138442488799,0.08180584060454385,72.36,48708.04645161283,1.7999999999999998,0.0,1.0,0.07110812707906433,14.67,0.0,-0.013777137,-1.0941432,-1.2921435,0.295866858959198,0.0,0.0
0.4889745490152284,0.07398179334796205,0.0730607344533316,73.08,86282.82514285701,1.7999999999999998,0.0,1.0,-0.06622516556291913,14.675,0.0,-0.013777137,-1.0941432,-1.2921435,0.295866858959198,0.0,0.0
0.48134194960804133,0.06626237482681868,0.067938117583945,73.61999999999999,70778.87999999896,1.98,23592.96000000002,1.0,-0.020447401348924643,14.68,0.0,-0.16172542,-1.0011953,-0.9934927,0.25148237496614456,0.0,0.0019521832466125487
0.47467728226785255,0.0589710159348226,0.06489009694819763,74.16,78100.83310344919,2.16,26033.611034482783,1.0,-0.21881771294290076,14.685,0.0,-0.16172542,-1.0011953,-0.9934927,0.25148237496614456,0.0,0.0019521832466125487
0.4690548080389013,0.0622055527145364,0.058208646437550644,74.7,68634.06545454625,2.52,45756.04363636362,1.0,0.11688589129305882,14.69,0.0,-0.16172542,-1.0011953,-0.9934927,0.25148237496614456,0.0,0.0019521832466125487
0.4590548789884596,0.055579553614911265,0.0459327608308686,74.88,7259.37230769201,2.88,14518.74461538461,1.0,-0.17303994872890627,14.695,0.0,-0.16172542,-1.0011953,-0.9934927,0.25148237496614456,0.0,0.0019521832466125487
0.4494604330359347,0.05201939133918868,0.03155549174001046,75.06,22878.021818182686,3.5999999999999996,91512.08727272724,1.0,0.0863673818170625,14.700000000000001,0.0,-0.19589603,-0.89865816,-0.935243,0.24123119115829467,0.03040255308151245,0.01942709684371948
0.44143054973860135,0.04474652518236802,0.028621422401789855,75.06,0.0,4.32,16.238634618486866,1.0,-0.11200292977691362,14.705,0.0,-0.19589603,-0.89865816,-0.935243,0.24123119115829467,0.03040255308151245,0.01942709684371948
0.4319629272469684,0.02063454895429255,0.029633327140651134,75.06,0.0,5.22,60885.058064516095,1.0,0.23895992919704412,14.71,0.0,-0.19589603,-0.89865816,-0.935243,0.24123119115829467,0.03040255308151245,0.01942709684371948
0.42162707161827495,0.012745738822762693,0.02117568608994893,74.88,-23592.960000000894,6.12,117964.80000000005,1.0,-0.29511398663289157,14.715,0.0,-0.19589603,-0.89865816,-0.935243,0.24123119115829467,0.03040255308151245,0.01942709684371948
0.4126126069203085,-0.0021673588037052684,0.017503092663976323,74.52,-47185.919999999925,7.199999999999999,141557.7599999999,1.0,-0.005188146610926481,14.72,0.0,-0.5540284,-0.64128804,0.041419294,0.1337914824485779,0.10761358737945556,0.3124257881194353
0.40332464208006963,-0.00727286585094447,0.006290341599761534,74.16,-50331.64799999992,8.28,150994.94400000002,1.0,-0.06622516556291913,14.725,0.0,-0.5540284,-0.64128804,0.041419294,0.1337914824485779,0.10761358737945556,0.3124257881194353
0.3938198816535007,-0.002933560797359354,0.006714400062349463,73.8,-48708.04645161283,9.54,170478.16258064512,1.0,-0.09674367503891546,14.73,0.0,-0.5540284,-0.64128804,0.041419294,0.1337914824485779,0.10761358737945556,0.3124257881194353
0.38610717075817735,0.007103344206816889,0.00033955819584722906,73.25999999999999,-68634.06545454625,10.799999999999999,160146.1527272727,1.0,-0.09674367503891546,14.735,0.0,-0.5540284,-0.64128804,0.041419294,0.1337914824485779,0.10761358737945556,0.3124257881194353
0.37889930083599543,0.0008169254910620754,0.01077567456271951,72.53999999999999,-94371.83999999985,12.059999999999999,165150.71999999997,1.0,-0.08148442030091729,14.74,0.0,-0.35535073,-0.71354294,-0.4520248,0.19339478015899658,0.08593711853027343,0.16439256370067595
0.37083619115733046,0.0031500941642668002,0.0066232572909612165,71.82,-100663.29599999984,13.32,176160.76800000021,1.0,-0.1577806939909081,14.745000000000001,0.0,-0.35535073,-0.71354294,-0.4520248,0.19339478015899658,0.08593711853027343,0.16439256370067595
0.363604133914545,-0.0042064645890713785,0.00789790931938644,71.1,-17.47899776006665,14.76,34.957995520133345,1.0,0.05584887234106617,14.75,0.0,-0.35535073,-0.71354294,-0.4520248,0.19339478015899658,0.08593711853027343,0.16439256370067595
0.3569047303899774,-0.009595256924421067,0.0058779330986573515,70.2,-34952.533333333005,16.2,55924.053333333315,1.0,-0.29511398663289157,14.755,0.0,-0.35535073,-0.71354294,-0.4520248,0.19339478015899658,0.08593711853027343,0.16439256370067595
0.34830413271228633,-0.01070262748079049,0.007935050525295822,69.3,-117964.80000000075,17.64,188743.68000000017,1.0,-0.17303994872890627,14.76,0.0,-0.3371084,-0.53319883,0.85027504,0.19886747896671295,0.14004034996032713,0.5550825119018554
0.3411243107158844,-0.006630594009784025,0.008713862686668714,68.22,-146124.13935483847,19.259999999999998,219186.20903225773,1.0,-0.14252143925290994,14.765,0.0,-0.3371084,-0.53319883,0.85027504,0.19886747896671295,0.14004034996032713,0.5550825119018554
0.33464757185845145,-0.0020861845699084317,0.0011812418776160636,67.14,-150994.94399999976,20.88,226492.41600000014,1.0,-0.17303994872890627,14.77,0.0,-0.3371084,-0.53319883,0.85027504,0.19886747896671295,0.14004034996032713,0.5550825119018554
0.3277069139501431,0.0015031063659140054,-0.006332758038421446,66.06,-141557.75999999978,22.5,212336.64000000013,1.0,-0.08148442030091729,14.775,0.0,-0.3371084,-0.53319883,0.85027504,0.19886747896671295,0.14004034996032713,0.5550825119018554
0.32071157747577655,0.011254375287103055,-0.0016426085679805721,64.8,-155435.9717647065,24.119999999999997,199846.24941176438,1.0,0.2084414197210478,14.780000000000001,0.0,-0.41485882,-0.6298865,-0.4829236,0.17554235458374023,0.11103404760360717,0.15512292087078094
0.3156942508000353,0.025929097985947603,-0.004908770115136096,63.36,-194832.1858064513,25.919999999999998,243540.2322580646,1.0,-0.1577806939909081,14.785,0.0,-0.41485882,-0.6298865,-0.4829236,0.17554235458374023,0.11103404760360717,0.15512292087078094
0.3084195384118787,0.01700348781931776,-0.010432391656009085,61.919999999999995,-188743.68000000063,27.54,212336.64000000013,1.0,0.05584887234106617,14.790000000000001,0.0,-0.41485882,-0.6298865,-0.4829236,0.17554235458374023,0.11103404760360717,0.15512292087078094
0.29866759447344016,-0.010333597034167554,-0.014347989375544516,60.48,-33.23006959841982,29.16,37.383828298222376,1.0,-0.14252143925290994,14.795,0.0,-0.41485882,-0.6298865,-0.4829236,0.17554235458374023,0.11103404760360717,0.15512292087078094
0.29082697435862265,0.005230446588084801,0.004128698952584893,59.04,-71902.35428571417,30.779999999999998,80890.14857142845,1.0,-0.020447401348924643,14.8,0.0,0.04937752,-0.67534804,0.18670705,0.31481325589120385,0.09739558696746826,0.35601211488246914
0.2822369886641139,0.013672071817340318,0.03068262027498154,57.419999999999995,-183642.49945945997,32.22,163237.77729729743,1.0,-0.2035584582049026,14.805,0.0,0.04937752,-0.67534804,0.18670705,0.31481325589120385,0.09739558696746826,0.35601211488246914
0.2739509272154406,0.019944690924763777,0.042415757297884396,55.98,-42835.44510638291,33.3,32126.583829787185,1.0,0.0863673818170625,14.81,0.0,0.04937752,-0.67534804,0.18670705,0.31481325589120385,0.09739558696746826,0.35601211488246914
0.26690775356108387,0.007991515753978518,0.06144270693449396,54.36,-205902.19636363603,34.199999999999996,114390.10909090891,1.0,-0.11200292977691362,14.815,0.0,0.04937752,-0.67534804,0.18670705,0.31481325589120385,0.09739558696746826,0.35601211488246914
0.2610521915637416,0.01685307583781393,0.07645090552231179,52.919999999999995,-188743.68000000063,34.74,70778.88000000082,1.0,0.11688589129305882,14.82,0.0,-0.12577619,-0.75829244,-0.9344983,0.26226714402437207,0.07251226902008057,0.0196505069732666
0.2549528906241235,0.0336836944745458,0.0803404344242583,51.48,-194832.1858064513,34.74,0.0,1.0,-0.2798547318948934,14.825000000000001,0.0,-0.12577619,-0.75829244,-0.9344983,0.26226714402437207,0.07251226902008057,0.0196505069732666
0.25053390360263234,0.04394461077035576,0.10109123809250921,50.04,-201326.59199999968,34.56,-25165.82399999996,1.0,0.05584887234106617,14.83,0.0,-0.12577619,-0.75829244,-0.9344983,0.26226714402437207,0.07251226902008057,0.0196505069732666
0.24657548508195676,0.05909760752452688,0.11818183475429181,48.6,-32.85748816764403,33.839999999999996,-16.428744083822178,1.0,-0.29511398663289157,14.835,0.0,-0.12577619,-0.75829244,-0.9344983,0.26226714402437207,0.07251226902008057,0.0196505069732666
0.2426339631086802,0.08081407785381521,0.13318324170019513,47.339999999999996,-63672.56674698821,32.94,-45480.404819277035,1.0,-0.035706656086922806,14.84,0.0,0.015055988,-0.96220076,-1.1675661,0.3045167963951826,0.01133977174758911,0.0
0.23978264009464867,0.07913484539710214,0.15181202629639148,46.08,-132120.5759999998,31.5,-150994.94399999976,1.0,-0.2035584582049026,14.845,0.0,0.015055988,-0.96220076,-1.1675661,0.3045167963951826,0.01133977174758911,0.0
0.23721631977035768,0.09499660346719598,0.17126246920139004,44.82,-155435.97176470564,29.88,-199846.24941176482,1.0,-0.06622516556291913,14.85,0.0,0.015055988,-0.96220076,-1.1675661,0.3045167963951826,0.01133977174758911,0.0
0.2339738969345224,0.09237515086042412,0.18403776947236017,43.559999999999995,-170478.16258064585,27.72,-292248.27870967746,1.0,-0.1577806939909081,14.855,0.0,0.015055988,-0.96220076,-1.1675661,0.3045167963951826,0.01133977174758911,0.0
0.23055292166866598,0.08170271286605771,0.1898472750357895,42.48,-35389.439999999944,25.38,-76677.12,1.0,-0.24933622241889708,14.86,0.0,0.48512957,-1.0448239,-1.3447108,0.4455388695001602,0.0,0.0
0.228654794481138,0.09419021759492058,0.19281932136361554,41.22,-146800.63999999978,23.22,-251658.24000000002,1.0,-0.09674367503891546,14.865,0.0,0.48512957,-1.0448239,-1.3447108,0.4455388695001602,0.0,0.0
0.22874664216923463,0.1083005918143772,0.19431891297910303,39.96,-35708.263783783725,20.7,-71416.52756756755,1.0,0.10162663655506066,14.870000000000001,0.0,0.48512957,-1.0448239,-1.3447108,0.4455388695001602,0.0,0.0
0.22962793502108023,0.11360921364971688,0.19942976160980488,38.519999999999996,-172565.65028571486,18.18,-301989.888,1.0,-0.09674367503891546,14.875,0.0,0.48512957,-1.0448239,-1.3447108,0.4455388695001602,0.0,0.0
0.23014770477068502,0.11306353049959889,0.20912258192888417,37.26,-30.289337566913833,15.84,-56.25162690998292,1.0,0.010071108127071682,14.88,0.0,0.69717634,-1.1685253,-1.5330508,0.5091529011726379,0.0,0.0
0.2321701941536638,0.09894006032332267,0.21655031305710684,36.0,-53926.765714285626,13.139999999999999,-115557.35510204086,1.0,-0.38666951506088054,14.885,0.0,0.69717634,-1.1685253,-1.5330508,0.5091529011726379,0.0,0.0
0.23352203012939626,0.10792388627860915,0.21914724802999355,34.56,-154866.60923076898,10.62,-271016.5661538461,1.0,-0.14252143925290994,14.89,0.0,0.69717634,-1.1685253,-1.5330508,0.5091529011726379,0.0,0.0
0.2348626453643748,0.11542377420175265,0.21960672613961082,33.3,-165150.72000000067,7.92,-353894.3999999999,1.0,-0.005188146610926481,14.895,0.0,0.69717634,-1.1685253,-1.5330508,0.5091529011726379,0.0,0.0
0.23697799949929677,0.10381478040300154,0.22078276687086282,32.04,-155435.97176470564,5.04,-355282.2211764706,1.0,0.4068117313150239,14.9,0.0,1.066255,-1.1699655,-1.2081822,0.6,0.0,0.0
0.23834291804662738,0.10365199427930778,0.22023690670753415,30.779999999999998,-150994.9440000002,2.16,-345131.30057142855,1.0,-0.14252143925290994,14.905000000000001,0.0,1.066255,-1.1699655,-1.2081822,0.6,0.0,0.0
0.23975847161161606,0.10283104084181811,0.21888688771826617,28.439999999999998,-272629.76,1.6199999999999999,-62914.56000000003,1.0,0.07110812707906433,14.91,0.0,1.066255,-1.1699655,-1.2081822,0.6,0.0,0.0
0.24238802526770745,0.10757144160942879,0.21737653253512518,26.459999999999997,-259522.56000000006,2.6999999999999997,141557.75999999998,1.0,-0.7376323740348383,14.915000000000001,0.0,1.066255,-1.1699655,-1.2081822,0.6,0.0,0.0
0.24525544812025657,0.1068925001781325,0.21149067444940509,24.48,-44.85717020368693,3.42,16.311698255886185,1.0,0.23895992919704412,14.92,0.0,0.8097917,-1.4150323,-0.73229074,0.5429375052452087,0.0,0.08031277656555176
0.2478397242875423,0.11256334564592085,0.20000719853294174,22.68,-86778.70344827589,3.96,26033.61103448276,1.0,0.010071108127071682,14.925,0.0,0.8097917,-1.4150323,-0.73229074,0.5429375052452087,0.0,0.08031277656555176
0.2507676377135853,0.11331789718442507,0.18486860270798283,21.24,-143804.7085714287,3.78,-17975.588571428587,1.0,-0.24933622241889708,14.93,0.0,0.8097917,-1.4150323,-0.73229074,0.5429375052452087,0.0,0.08031277656555176
0.25667962719161497,0.11571068963432612,0.1690602827316378,20.34,-92070.0878048779,2.88,-92070.08780487804,1.0,-0.08148442030091729,14.935,0.0,0.8097917,-1.4150323,-0.73229074,0.5429375052452087,0.0,0.08031277656555176
0.268619730369865,0.11436964605665008,0.15236052120661522,19.8,-59603.26736842096,1.6199999999999999,-139074.2905263158,1.0,-0.12726218451491178,14.94,0.0,0.8511387,-0.9651283,-0.6237197,0.555341613292694,0.010461509227752686,0.1128840923309326
0.2771053282629716,0.11418599644684638,0.13669383767722795,18.9,-107853.53142857169,1.6199999999999999,0.0,1.0,0.2084414197210478,14.945,0.0,0.8511387,-0.9651283,-0.6237197,0.555341613292694,0.010461509227752686,0.1128840923309326
0.289612895148974,0.0959708284351903,0.12170486261268755,18.72,-20971.519999999968,1.7999999999999998,20971.519999999993,1.0,0.0863673818170625,14.950000000000001,0.0,0.8511387,-0.9651283,-0.6237197,0.555341613292694,0.010461509227752686,0.1128840923309326
0.3068257131188304,0.07342430169544005,0.10767794923825628,18.9,22878.021818181784,1.6199999999999999,-22878.02181818181,1.0,-0.06622516556291913,14.955,0.0,0.8511387,-0.9651283,-0.6237197,0.555341613292694,0.010461509227752686,0.1128840923309326
0.3208521203537292,0.056675643509080394,0.09542171774452304,19.259999999999998,48708.04645161283,1.6199999999999999,0.0,1.0,-0.08148442030091729,14.96,0.0,0.56727135,-0.6100606,-0.5454232,0.470181405544281,0.11698182821273803,0.13637303709983825
0.3327606478133982,0.05294195411254996,0.08474273593328466,20.16,21.780671963441918,1.6199999999999999,0.0,1.0,-0.3256324961088879,14.965,0.0,0.56727135,-0.6100606,-0.5454232,0.470181405544281,0.11698182821273803,0.13637303709983825
0.3488322523442469,0.03433474305412748,0.0759441803391883,21.419999999999998,69537.14526315778,1.6199999999999999,0.0,1.0,0.025330362865069844,14.97,0.0,0.56727135,-0.6100606,-0.5454232,0.470181405544281,0.11698182821273803,0.13637303709983825
0.36227553276939833,0.03788921492458211,0.06953112885164293,23.04,194136.35657142868,1.6199999999999999,0.0,1.0,-0.17303994872890627,14.975,0.0,0.56727135,-0.6100606,-0.5454232,0.470181405544281,0.11698182821273803,0.13637303709983825
0.37235151592753934,0.03407079483930758,0.049715081391119215,25.2,266461.665882353,1.6199999999999999,0.0,1.0,0.19318216498304963,14.98,0.0,0.53023946,-0.55349076,-0.4144018,0.4590718388557434,0.1339527726173401,0.17567946016788483
0.38493118754706285,0.02609899382746865,0.04236215634148708,27.54,95288.07145631067,1.6199999999999999,0.0,1.0,-0.08148442030091729,14.985,0.0,0.53023946,-0.55349076,-0.4144018,0.4590718388557434,0.1339527726173401,0.17567946016788483
0.3962032373545999,0.015938471011914982,0.03589720833207617,30.24,333077.0823529411,1.6199999999999999,0.0,1.0,0.17792291024505147,14.99,0.0,0.53023946,-0.55349076,-0.4144018,0.4590718388557434,0.1339527726173401,0.17567946016788483
0.40430390031371,0.021993364722831046,0.03695098495347655,33.12,345131.30057142844,1.6199999999999999,0.0,1.0,-0.38666951506088054,14.995000000000001,0.0,0.53023946,-0.55349076,-0.4144018,0.4590718388557434,0.1339527726173401,0.17567946016788483
0.41181364098402595,0.008881830424823439,0.036766842749576666,36.54,462726.4412903228,1.6199999999999999,0.0,1.0,-0.06622516556291913,15.0,0.0,0.6626612,-0.33534613,-0.58795196,0.49879835844039916,0.1993961602449417,0.12361441254615783
0.4185585531493342,0.02101290141917788,0.03738916272891318,39.96,79.06278760086427,1.6199999999999999,0.0,1.0,-0.4019287697988787,15.005,0.0,0.6626612,-0.33534613,-0.58795196,0.49879835844039916,0.1993961602449417,0.12361441254615783
0.4227712606582998,0.014417730007211233,0.029531803542350975,43.559999999999995,201326.59199999968,1.6199999999999999,0.0,1.0,-0.005188146610926481,15.01,0.0,0.6626612,-0.33534613,-0.58795196,0.49879835844039916,0.1993961602449417,0.12361441254615783
0.42798142584931226,0.001337599384084368,0.03348588726627023,47.519999999999996,415236.0960000001,1.6199999999999999,0.0,1.0,-0.21881771294290076,15.015,0.0,0.6626612,-0.33534613,-0.58795196,0.49879835844039916,0.1993961602449417,0.12361441254615783
0.4324799564864405,0.004466134799924086,0.03736497455870643,51.3,452984.8320000001,1.6199999999999999,0.0,1.0,0.14740440076905514,15.02,0.0,0.41937593,-0.27160287,0.70668715,0.42581277787685395,0.21851913928985595,0.5120061457157135
0.4360515302082143,-0.00369222922438176,0.036375523385872945,55.44,157858.35054545457,1.6199999999999999,0.0,1.0,-0.2798547318948934,15.025,0.0,0.41937593,-0.27160287,0.70668715,0.42581277787685395,0.21851913928985595,0.5120061457157135
0.43965280056265366,0.002737169055696715,0.026007146484045958,59.4,474555.5382857144,1.7999999999999998,21570.706285714277,1.0,0.19318216498304963,15.030000000000001,0.0,0.41937593,-0.27160287,0.70668715,0.42581277787685395,0.21851913928985595,0.5120061457157135
0.4425076000117917,-0.0042708843377370605,0.04618288639301569,63.36,461373.4400000001,1.7999999999999998,0.0,1.0,-0.17303994872890627,15.035,0.0,0.41937593,-0.27160287,0.70668715,0.42581277787685395,0.21851913928985595,0.5120061457157135
0.44505935504487637,0.006385288104534799,0.06520770893741888,67.32,503316.4799999992,1.7999999999999998,0.0,1.0,-0.08148442030091729,15.040000000000001,0.0,0.043656122,0.36220992,-0.26550496,0.3130968365818262,0.40866297483444214,0.2203485131263733
0.44786225281625525,0.0075360752415500375,0.06252401305134152,71.28,291393.75157894794,1.7999999999999998,0.0,1.0,-0.23407696768089892,15.045,0.0,0.043656122,0.36220992,-0.26550496,0.3130968365818262,0.40866297483444214,0.2203485131263733
0.4503341943459112,-0.007355969233299721,0.06342328990935764,75.06,90.32650304231903,2.16,8.602524099268484,1.0,-0.020447401348924643,15.05,0.0,0.043656122,0.36220992,-0.26550496,0.3130968365818262,0.40866297483444214,0.2203485131263733
0.4519730214540777,0.015473692447482522,0.08492807553124117,78.66,264903.4105263154,2.52,26490.34105263157,1.0,-0.18829920346690443,15.055,0.0,0.043656122,0.36220992,-0.26550496,0.3130968365818262,0.40866297483444214,0.2203485131263733
0.45433814068876166,0.012887723896821104,0.09752094229843873,81.89999999999999,377487.3599999994,3.2399999999999998,83886.07999999997,1.0,-0.005188146610926481,15.06,0.0,-0.08365385,0.579533,1.172065,0.2749038442969322,0.47385989427566527,0.6
0.4562118180931767,0.015136598238196523,0.09853162189958863,84.96,401080.3200000003,4.32,141557.76000000007,1.0,-0.23407696768089892,15.065,0.0,-0.08365385,0.579533,1.172065,0.2749038442969322,0.47385989427566527,0.6
0.4574232177659283,0.03589508736490901,0.10962484590573746,87.3,327155.71200000047,6.3,276824.06399999995,1.0,0.10162663655506066,15.07,0.0,-0.08365385,0.579533,1.172065,0.2749038442969322,0.47385989427566527,0.6
0.4585508170439419,0.057624420491814654,0.11363190397679637,88.92,205902.19636363693,9.0,343170.32727272727,1.0,-0.2035584582049026,15.075000000000001,0.0,-0.08365385,0.579533,1.172065,0.2749038442969322,0.47385989427566527,0.6
0.45957993555990273,0.06951175125247615,0.1121896024848586,89.82,14032.987360594663,12.959999999999999,61745.14438661709,1.0,-0.09674367503891546,15.08,0.0,0.075368576,1.0715852,1.122679,0.32261057272553445,0.6,0.6
0.46074931215633547,0.07465844959264334,0.11939918623651438,90.0,22205.138823530255,17.82,599538.7482352942,1.0,-0.1577806939909081,15.085,0.0,0.075368576,1.0715852,1.122679,0.32261057272553445,0.6,0.6
0.46113309106327455,0.09678119838184729,0.11842228798575867,89.46,-12.502824463299124,23.58,133.36346094185572,1.0,0.04058961760306801,15.09,0.0,0.075368576,1.0715852,1.122679,0.32261057272553445,0.6,0.6
0.46117075026676146,0.10320568959994599,0.12217107946340615,88.38,-48189.87574468077,29.7,273075.9625531915,1.0,-0.18829920346690443,15.095,0.0,0.075368576,1.0715852,1.122679,0.32261057272553445,0.6,0.6
0.4611877132884281,0.12202765513684175,0.13554854425005233,87.11999999999999,-36197.41808219193,35.82,175816.03068493152,1.0,-0.11200292977691362,15.1,0.0,0.238114,1.1143255,2.5934227,0.37143419981002807,0.6,0.6
0.46074168482932765,0.13259612846915567,0.15379391155899808,85.5,-194136.3565714274,41.22,647121.1885714284,1.0,-0.12726218451491178,15.105,0.0,0.238114,1.1143255,2.5934227,0.37143419981002807,0.6,0.6
0.45955506963954756,0.13560505706690157,0.1689000299212837,84.24,-176160.7680000007,45.18,553648.1280000001,1.0,0.04058961760306801,15.11,0.0,0.238114,1.1143255,2.5934227,0.37143419981002807,0.6,0.6
0.4592372933449022,0.13333181075902562,0.18266206192576448,83.34,-107853.53142857041,46.98,215707.0628571425,1.0,-0.3714102603228824,15.115,0.0,0.238114,1.1143255,2.5934227,0.37143419981002807,0.6,0.6
0.45897215625845283,0.15968582390332733,0.19075748056140104,82.8,-64712.11885714361,46.98,0.0,1.0,0.010071108127071682,15.120000000000001,0.0,0.1812416,0.9171462,1.6887127,0.3543724805116653,0.5751438617706298,0.6
0.4576226925396541,0.16941248060938732,0.19491311511144824,82.25999999999999,-68634.06545454625,45.54,-183024.17454545427,1.0,-0.21881771294290076,15.125,0.0,0.1812416,0.9171462,1.6887127,0.3543724805116653,0.5751438617706298,0.6
0.4575797517886652,0.1752629262442073,0.20388732855087507,81.72,-73062.06967741827,43.199999999999996,-316602.30193548434,1.0,-0.08148442030091729,15.13,0.0,0.1812416,0.9171462,1.6887127,0.3543724805116653,0.5751438617706298,0.6
0.45719778997323796,0.19955446115765874,0.21951847464265922,81.0,-17.519558631572203,40.32,-70.07823452628881,1.0,-0.18829920346690443,15.135,0.0,0.1812416,0.9171462,1.6887127,0.3543724805116653,0.5751438617706298,0.6
0.45620294238360265,0.21838321182800874,0.23198059725925996,80.1,-53167.23380281724,37.08,-191402.04169014096,1.0,-0.12726218451491178,15.14,0.0,0.31923905,0.22720194,-0.040332742,0.39577171504497527,0.3681605815887451,0.2879001773893833
0.45593817847552975,0.23724804224937576,0.2435701171747628,79.02,-122428.33297297278,33.66,-387689.72108108125,1.0,-0.2798547318948934,15.145,0.0,0.31923905,0.22720194,-0.040332742,0.39577171504497527,0.3681605815887451,0.2879001773893833
0.4554999591634158,0.24998128501118547,0.25852164297247404,77.58,-177641.11058823502,30.06,-444102.776470588,1.0,0.2084414197210478,15.15,0.0,0.31923905,0.22720194,-0.040332742,0.39577171504497527,0.3681605815887451,0.2879001773893833
0.4510529408531401,0.26797402284104777,0.2713263727367636,75.96,-219186.2090322587,26.459999999999997,-487080.4645161292,1.0,-0.46296578875087135,15.155000000000001,0.0,0.31923905,0.22720194,-0.040332742,0.39577171504497527,0.3681605815887451,0.2879001773893833
0.4416113535713034,0.2771526692602434,0.2826927241840828,73.98,-79853.09538461498,23.04,-137928.07384615377,1.0,-0.3561510055848842,15.16,0.0,0.13831085,-0.5162319,-0.83019984,0.3414932548999786,0.1451304316520691,0.05094004869461059
0.43277935531409156,0.2863693393260116,0.29541013809296685,71.82,-244856.66594594717,19.439999999999998,-408094.4432432434,1.0,-0.1577806939909081,15.165000000000001,0.0,0.13831085,-0.5162319,-0.83019984,0.3414932548999786,0.1451304316520691,0.05094004869461059
0.4245347295830185,0.2986666737427817,0.30717129869820003,69.3,-330301.4399999995,16.02,-448266.23999999976,1.0,-0.26459547715689524,15.17,0.0,0.13831085,-0.5162319,-0.83019984,0.3414932548999786,0.1451304316520691,0.05094004869461059
0.41596033999612037,0.3174577113856264,0.3162904536538192,66.78,-57.78636414829223,12.78,-74.29675390494728,1.0,-0.12726218451491178,15.175,0.0,0.13831085,-0.5162319,-0.83019984,0.3414932548999786,0.1451304316520691,0.05094004869461059
0.4091486639848297,0.32131044751244114,0.32710210645559734,64.08,-166538.54117647075,9.36,-210948.8188235294,1.0,-0.035706656086922806,15.18,0.0,0.060720347,-0.5816877,-0.49836424,0.31821610406041145,0.1254936933517456,0.150490728020668
0.4032746032545032,0.3299845852311831,0.3371240558925115,61.199999999999996,-335544.3200000003,5.76,-419430.39999999997,1.0,0.14740440076905514,15.185,0.0,0.060720347,-0.5816877,-0.49836424,0.31821610406041145,0.1254936933517456,0.150490728020668
0.39691025289556425,0.33644909596308775,0.3456486774283265,58.32,-389664.3716129026,2.16,-487080.464516129,1.0,0.0863673818170625,15.19,0.0,0.060720347,-0.5816877,-0.49836424,0.31821610406041145,0.1254936933517456,0.150490728020668
0.39238949255216626,0.3481561668192911,0.3537533130816968,54.0,-647121.1885714286,1.6199999999999999,-80890.14857142861,1.0,-0.11200292977691362,15.195,0.0,0.060720347,-0.5816877,-0.49836424,0.31821610406041145,0.1254936933517456,0.150490728020668
0.38977910421874856,0.35195629775221565,0.3632523101995322,50.22,-511434.48774193565,2.88,170478.16258064515,1.0,-0.43244727927487503,15.200000000000001,0.0,0.60774446,-0.59700596,0.29028872,0.4823233366012573,0.12089821100234985,0.3870866149663925
0.38572853130335305,0.35451009530832184,0.3709162437617551,46.44,-480438.4581818183,2.6999999999999997,-22878.021818181838,1.0,-0.14252143925290994,15.205,0.0,0.60774446,-0.59700596,0.29028872,0.4823233366012573,0.12089821100234985,0.3870866149663925
0.38335717421499577,0.358466353012926,0.3744406853134409,42.839999999999996,-457560.4363636365,2.16,-68634.0654545454,1.0,0.22370067445904596,15.21,0.0,0.60774446,-0.59700596,0.29028872,0.4823233366012573,0.12089821100234985,0.3870866149663925
0.3814479459927704,0.35199185555399265,0.37603714012668626,39.42,-462726.4412903219,1.44,-97416.09290322583,1.0,-0.08148442030091729,15.215,0.0,0.60774446,-0.59700596,0.29028872,0.4823233366012573,0.12089821100234985,0.3870866149663925
0.38194625324925446,0.35755899033013055,0.37623163895104605,36.18,-73.18483132997291,1.6199999999999999,4.0658239627762685,1.0,-0.05096591082492097,15.22,0.0,0.11964136,-0.38786256,-0.23096475,0.3358924090862274,0.18364123106002808,0.23071057498455047
0.3830667369896578,0.36787360289897364,0.37482806148582065,33.48,-171585.1636363638,1.6199999999999999,0.0,1.0,-0.005188146610926481,15.225,0.0,0.11964136,-0.38786256,-0.23096475,0.3358924090862274,0.18364123106002808,0.23071057498455047
0.38363987614863826,0.3711628090085186,0.3737937353633509,30.779999999999998,-290374.8923076922,1.6199999999999999,0.0,1.0,-0.12726218451491178,15.23,0.0,0.11964136,-0.38786256,-0.23096475,0.3358924090862274,0.18364123106002808,0.23071057498455047
0.38170314047585974,0.36747491453307357,0.3736988022673453,28.619999999999997,-83116.48293577982,1.6199999999999999,0.0,1.0,-0.34089175084688605,15.235,0.0,0.11964136,-0.38786256,-0.23096475,0.3358924090862274,0.18364123106002808,0.23071057498455047
0.3781311550516593,0.3719679695033139,0.3720033511684906,27.0,-219186.20903225773,1.6199999999999999,0.0,1.0,0.010071108127071682,15.24,0.0,0.46421686,-0.47270545,0.7670297,0.43926505744457245,0.15818836390972138,0.5301089107990264
0.37529171700229097,0.37193488621008,0.37022432559072155,25.74,-160146.1527272729,1.6199999999999999,0.0,1.0,-0.3714102603228824,15.245000000000001,0.0,0.46421686,-0.47270545,0.7670297,0.43926505744457245,0.15818836390972138,0.5301089107990264
0.370436021918604,0.3582632107457813,0.3700525863687839,24.84,-114390.10909090891,1.6199999999999999,0.0,1.0,0.1626636555070533,15.25,0.0,0.46421686,-0.47270545,0.7670297,0.43926505744457245,0.15818836390972138,0.5301089107990264
0.36374720746836364,0.35629308039631724,0.36718478687307055,24.48,-48708.04645161283,1.6199999999999999,0.0,1.0,-0.21881771294290076,15.255,0.0,0.46421686,-0.47270545,0.7670297,0.43926505744457245,0.15818836390972138,0.5301089107990264
0.3583651157147268,0.35051549056011344,0.3590843019435366,24.48,0.0,1.6199999999999999,0.0,1.0,-0.1577806939909081,15.26,0.0,0.19291133,-1.154632,-0.5890266,0.357873398065567,0.0,0.12329202890396118
0.3553121572736068,0.34654623131037054,0.3493501058644415,24.84,8.804831973689568,1.6199999999999999,0.0,1.0,-0.06622516556291913,15.265,0.0,0.19291133,-1.154632,-0.5890266,0.357873398065567,0.0,0.12329202890396118
0.3543749566316978,0.34259661955845017,0.3430020413995096,25.56,20404.72216216213,1.6199999999999999,0.0,1.0,-0.020447401348924643,15.27,0.0,0.19291133,-1.154632,-0.5890266,0.357873398065567,0.0,0.12329202890396118
0.35291695217416713,0.33736780392146154,0.3403010977624935,26.459999999999997,89877.94285714271,1.6199999999999999,0.0,1.0,-0.035706656086922806,15.275,0.0,0.19291133,-1.154632,-0.5890266,0.357873398065567,0.0,0.12329202890396118
0.3515424252297702,0.3247456196158638,0.33824961487474675,27.72,155435.97176470608,1.6199999999999999,0.0,1.0,-0.2035584582049026,15.280000000000001,0.0,-0.0106479,-1.5840939,-1.2289753,0.2968056298792362,0.0,0.0
0.3511549308738844,0.31422144692996223,0.3359865959004023,29.16,104134.44413793113,1.6199999999999999,0.0,1.0,-0.21881771294290076,15.285,0.0,-0.0106479,-1.5840939,-1.2289753,0.2968056298792362,0.0,0.0
0.34926927631889004,0.30889403723414305,0.3333984823453005,30.779999999999998,205902.19636363603,1.6199999999999999,0.0,1.0,-0.23407696768089892,15.290000000000001,0.0,-0.0106479,-1.5840939,-1.2289753,0.2968056298792362,0.0,0.0
0.3469765916360371,0.29194853432722045,0.3310516871776418,32.58,222051.3882352942,1.6199999999999999,0.0,1.0,0.025330362865069844,15.295,0.0,-0.0106479,-1.5840939,-1.2289753,0.2968056298792362,0.0,0.0
0.3447109934315233,0.2797012606241928,0.3289314139537618,34.56,276824.06400000054,1.6199999999999999,0.0,1.0,-0.14252143925290994,15.3,0.0,-0.44016322,-1.4718894,-1.0995733,0.16795103251934052,0.0,0.0
0.34250011598420343,0.2730861485777274,0.326158246942583,36.54,44.80562136498509,1.6199999999999999,0.0,1.0,-0.34089175084688605,15.305,0.0,-0.44016322,-1.4718894,-1.0995733,0.16795103251934052,0.0,0.0
0.34055410087604343,0.27270673367230114,0.32401052103124794,38.519999999999996,116967.914366197,1.6199999999999999,0.0,1.0,0.04058961760306801,15.31,0.0,-0.44016322,-1.4718894,-1.0995733,0.16795103251934052,0.0,0.0
0.3385951668769983,0.25908794062250035,0.32273322270870447,40.68,258848.47542857187,1.6199999999999999,0.0,1.0,-0.17303994872890627,15.315,0.0,-0.44016322,-1.4718894,-1.0995733,0.16795103251934052,0.0,0.0
0.33689564822665413,0.24689029936071027,0.32271244444935065,42.66,251658.2399999996,1.6199999999999999,0.0,1.0,0.04058961760306801,15.32,0.0,0.24050295,-1.3026851,-0.6347909,0.37215088605880736,0.0,0.10956273078918456
0.334673906612351,0.24166981048845165,0.3239467318441532,44.82,283115.5200000005,1.6199999999999999,0.0,1.0,-0.31037324137088973,15.325000000000001,0.0,0.24050295,-1.3026851,-0.6347909,0.37215088605880736,0.0,0.10956273078918456
0.3333130799173095,0.2310939238641206,0.3234109852270452,46.8,259522.5599999996,1.7999999999999998,23592.959999999992,1.0,0.04058961760306801,15.33,0.0,0.24050295,-1.3026851,-0.6347909,0.37215088605880736,0.0,0.10956273078918456
0.33176718321914467,0.22145329914781395,0.32266255420179885,48.78,78346.43320754732,1.7999999999999998,0.0,1.0,-0.18829920346690443,15.335,0.0,0.24050295,-1.3026851,-0.6347909,0.37215088605880736,0.0,0.10956273078918456
0.3309319804252131,0.21422450326237194,0.32225105080112704,50.58,251658.2399999996,1.7999999999999998,0.0,1.0,-0.08148442030091729,15.34,0.0,0.49379373,-0.5671073,-0.31422922,0.44813811779022217,0.12986780405044554,0.20573123395442963
0.33001782005215974,0.21173734537068145,0.3221352724611131,52.379999999999995,142448.06037735826,1.7999999999999998,0.0,1.0,-0.14252143925290994,15.345,0.0,0.49379373,-0.5671073,-0.31422922,0.44813811779022217,0.12986780405044554,0.20573123395442963
0.3295209440659416,0.20802909887450735,0.3210078631117979,54.18,44.06424373303772,1.7999999999999998,0.0,1.0,0.07110812707906433,15.35,0.0,0.49379373,-0.5671073,-0.31422922,0.44813811779022217,0.12986780405044554,0.20573123395442963
0.3288699866189308,0.1937622305127403,0.3169541390430467,55.8,119206.53473684192,1.7999999999999998,0.0,1.0,-0.18829920346690443,15.355,0.0,0.49379373,-0.5671073,-0.31422922,0.44813811779022217,0.12986780405044554,0.20573123395442963
0.3282789916839301,0.17178660482155833,0.3057199971296775,57.419999999999995,205902.19636363603,1.7999999999999998,0.0,1.0,0.010071108127071682,15.36,0.0,0.13860205,-0.1704825,-0.433059,0.3415806144475937,0.24885524958372116,0.1700822979211807
0.32798172106944123,0.1410253143508473,0.2891698152687435,58.86,183024.17454545517,1.98,22878.021818181838,1.0,-0.1577806939909081,15.365,0.0,0.13860205,-0.1704825,-0.433059,0.3415806144475937,0.24885524958372116,0.1700822979211807
0.328108278551079,0.12294167093173315,0.26917218764832085,60.3,208268.88827586174,2.16,26033.611034482783,1.0,-0.05096591082492097,15.370000000000001,0.0,0.13860205,-0.1704825,-0.433059,0.3415806144475937,0.24885524958372116,0.1700822979211807
0.3279866030329021,0.10217915981341756,0.24807837483634154,61.559999999999995,155435.97176470564,2.52,44410.27764705881,1.0,-0.3561510055848842,15.375,0.0,0.13860205,-0.1704825,-0.433059,0.3415806144475937,0.24885524958372116,0.1700822979211807
0.32755099482321376,0.10162351073296899,0.22599879179015067,62.64,146124.13935483943,3.06,73062.06967741936,1.0,0.19318216498304963,15.38,0.0,-0.6122762,-0.14105943,-0.5019005,0.11631714105606078,0.2576821714639664,0.149429851770401
0.3276988027447993,0.08434105890874286,0.20498947654432909,63.54,125829.1199999998,3.5999999999999996,75497.47199999994,1.0,-0.21881771294290076,15.385,0.0,-0.6122762,-0.14105943,-0.5019005,0.11631714105606078,0.2576821714639664,0.149429851770401
0.32778353812665156,0.08026502044095879,0.18476782017471,64.44,20.37553558416319,4.5,20.375535584163234,1.0,0.14740440076905514,15.39,0.0,-0.6122762,-0.14105943,-0.5019005,0.11631714105606078,0.2576821714639664,0.149429851770401
0.3280160993867183,0.0693242437406109,0.16783500502860746,65.16,32824.98782608691,5.3999999999999995,41031.23478260867,1.0,-0.1577806939909081,15.395,0.0,-0.6122762,-0.14105943,-0.5019005,0.11631714105606078,0.2576821714639664,0.149429851770401
0.3285830312541805,0.07117728851024045,0.15403576563537996,65.7,49237.481739131006,6.4799999999999995,98474.96347826088,1.0,-0.035706656086922806,15.4,0.0,-1.1139979,0.02305733,-0.09181949,0.0,0.3069171991199255,0.2724541537463665
0.32874582247392453,0.07182586927051793,0.14479644809674116,66.06,44410.277647058756,7.739999999999999,155435.97176470584,1.0,-0.21881771294290076,15.405000000000001,0.0,-1.1139979,0.02305733,-0.09181949,0.0,0.3069171991199255,0.2724541537463665
0.3294821350715865,0.05943484233817486,0.1397344687148332,66.42,50331.64799999992,9.0,176160.7680000001,1.0,-0.020447401348924643,15.41,0.0,-1.1139979,0.02305733,-0.09181949,0.0,0.3069171991199255,0.2724541537463665
0.3311028688126544,0.054491628949024776,0.1373846337424361,66.6,22205.1388235285,10.44,177641.11058823523,1.0,-0.3256324961088879,15.415000000000001,0.0,-1.1139979,0.02305733,-0.09181949,0.0,0.3069171991199255,0.2724541537463665
0.33168076519915995,0.046726756866259295,0.1373482073485104,66.78,23592.960000000894,12.059999999999999,212336.6399999999,1.0,-0.005188146610926481,15.42,0.0,-0.26524803,0.15800482,-0.5015172,0.2204255908727646,0.34740144610404966,0.14954484701156615
0.3335605566916722,0.05024752642244819,0.1369108649244451,66.78,0.0,13.68,219186.2090322582,1.0,-0.2035584582049026,15.425,0.0,-0.26524803,0.15800482,-0.5015172,0.2204255908727646,0.34740144610404966,0.14954484701156615
0.3380780859752617,0.033025255904719095,0.13759254672536889,66.6,-26033.611034483743,15.299999999999999,234302.49931034472,1.0,0.26947843867304044,15.43,0.0,-0.26524803,0.15800482,-0.5015172,0.2204255908727646,0.34740144610404966,0.14954484701156615
0.3424598596525307,0.04523021274239848,0.13848327531919571,66.6,0.0,16.919999999999998,39.294766768063454,1.0,0.17792291024505147,15.435,0.0,-0.26524803,0.15800482,-0.5015172,0.2204255908727646,0.34740144610404966,0.14954484701156615
0.34516414594917894,0.06841464158621349,0.13855460664793784,66.42,-8296.425494505154,18.54,74667.8294505495,1.0,0.10162663655506066,15.44,0.0,0.7364832,0.2041382,-0.00042352825,0.5209449648857116,0.36124146133661267,0.29987294152379035
0.3462288716036359,0.08222633204930384,0.13954629066956126,66.06,-37748.73599999994,19.98,150994.94400000013,1.0,-0.05096591082492097,15.445,0.0,0.7364832,0.2041382,-0.00042352825,0.5209449648857116,0.36124146133661267,0.29987294152379035
0.3472255721166723,0.0905082033949411,0.14061325463967206,65.88,-3479.1461751153392,21.419999999999998,27833.169400921615,1.0,0.31525620288703493,15.450000000000001,0.0,0.7364832,0.2041382,-0.00042352825,0.5209449648857116,0.36124146133661267,0.29987294152379035
0.34732020300821836,0.10621984311063318,0.1414554142500485,65.52,-50331.64799999992,22.68,176160.76800000021,1.0,-0.11200292977691362,15.455,0.0,0.7364832,0.2041382,-0.00042352825,0.5209449648857116,0.36124146133661267,0.29987294152379035
0.3466325164310903,0.11903585951644095,0.14272703882672408,65.16,-43141.412571428504,23.58,107853.53142857125,1.0,0.025330362865069844,15.46,0.0,0.053922437,0.5375173,-0.4933332,0.31617673113942146,0.46125519275665283,0.15200004279613494
0.3462493233477534,0.1289218589496042,0.14579644973603365,64.8,-45756.04363636357,24.48,114390.10909090936,1.0,-0.08148442030091729,15.465,0.0,0.053922437,0.5375173,-0.4933332,0.31617673113942146,0.46125519275665283,0.15200004279613494
0.3460537944844944,0.15023560627306654,0.14880164201565388,64.62,-24354.023225805453,24.84,48708.04645161283,1.0,0.07110812707906433,15.47,0.0,0.053922437,0.5375173,-0.4933332,0.31617673113942146,0.46125519275665283,0.15200004279613494
0.34511529211952324,0.16482364361084367,0.15149948499053362,64.25999999999999,-8.225828003617618,25.2,8.225828003617293,1.0,-0.020447401348924643,15.475,0.0,0.053922437,0.5375173,-0.4933332,0.31617673113942146,0.46125519275665283,0.15200004279613494
0.34397718385327053,0.18542633435217568,0.1602976560576231,63.9,-18874.3679999996,25.02,-9437.183999999985,1.0,-0.12726218451491178,15.48,0.0,-0.5112704,1.0024718,-0.08296432,0.14661887884140015,0.6,0.2751107029616833
0.3419858217977445,0.19704862828014008,0.17355889352332352,63.36,-61214.16648648639,24.84,-20404.72216216213,1.0,-0.26459547715689524,15.485000000000001,0.0,-0.5112704,1.0024718,-0.08296432,0.14661887884140015,0.6,0.2751107029616833
0.33570786258115615,0.20164149615350982,0.18284692695076926,63.0,-48708.04645161283,24.48,-48708.04645161283,1.0,-0.11200292977691362,15.49,0.0,-0.5112704,1.0024718,-0.08296432,0.14661887884140015,0.6,0.2751107029616833
0.32695917921864515,0.2114444655511887,0.18669153927300947,62.46,-73062.06967741923,23.939999999999998,-73062.06967741971,1.0,-0.12726218451491178,15.495000000000001,0.0,-0.5112704,1.0024718,-0.08296432,0.14661887884140015,0.6,0.2751107029616833
0.3185884693294567,0.2200617693867504,0.18919146332769685,61.739999999999995,-77433.30461538526,23.4,-58074.97846153837,1.0,0.14740440076905514,15.5,0.0,-0.017686881,0.5857382,-0.24995571,0.294693935662508,0.4757214546203613,0.22501328587532043
0.3144462203060798,0.24131887540455974,0.19033505200351702,61.019999999999996,-27206.296216216175,22.86,-20404.72216216213,1.0,-0.06622516556291913,15.505,0.0,-0.017686881,0.5857382,-0.24995571,0.294693935662508,0.4757214546203613,0.22501328587532043
0.3130722888885549,0.2463274080832606,0.1927574464445193,59.94,-116149.95692307674,22.5,-38716.652307692246,1.0,-0.12726218451491178,15.51,0.0,-0.017686881,0.5857382,-0.24995571,0.294693935662508,0.4757214546203613,0.22501328587532043
0.31155088152881744,0.26228849620289935,0.20044719624632748,59.04,-121770.11612903206,21.96,-73062.06967741923,1.0,0.11688589129305882,15.515,0.0,-0.017686881,0.5857382,-0.24995571,0.294693935662508,0.4757214546203613,0.22501328587532043
0.3113139943898584,0.27079424767306826,0.20649493281212572,57.78,-30.298367445220276,21.419999999999998,-12.985014619380204,1.0,-0.09674367503891546,15.52,0.0,0.6508759,0.37230536,-1.1182103,0.49526277780532835,0.4116916090250015,0.0
0.3130437093121834,0.2760932088953105,0.209124502196585,56.519999999999996,-78877.95582089585,20.88,-33804.83820895517,1.0,0.0863673818170625,15.525,0.0,0.6508759,0.37230536,-1.1182103,0.49526277780532835,0.4116916090250015,0.0
0.3138527057914472,0.2757784137055889,0.2104557485398923,55.08,-172565.65028571401,20.34,-64712.118857142756,1.0,-0.2798547318948934,15.530000000000001,0.0,0.6508759,0.37230536,-1.1182103,0.49526277780532835,0.4116916090250015,0.0
0.31483160415917094,0.2883413240499232,0.2111106203357343,53.64,-177641.11058823502,19.8,-66615.41647058813,1.0,-0.08148442030091729,15.535,0.0,0.6508759,0.37230536,-1.1182103,0.49526277780532835,0.4116916090250015,0.0
0.3166417339875577,0.29747394144156575,0.2109011418405866,52.019999999999996,-226492.41600000064,19.259999999999998,-75497.47200000037,1.0,0.010071108127071682,15.540000000000001,0.0,0.895134,-0.11925043,-1.505317,0.5685401916503906,0.26422487050294874,0.0
0.317627607804141,0.31317706825985064,0.2106195204641132,50.22,-222051.38823529377,18.72,-66615.41647058813,1.0,-0.020447401348924643,15.545,0.0,0.895134,-0.11925043,-1.505317,0.5685401916503906,0.26422487050294874,0.0
0.31879840354857014,0.32910365055432267,0.2107085398929819,48.42,-235929.59999999963,18.18,-70778.87999999989,1.0,-0.06622516556291913,15.55,0.0,0.895134,-0.11925043,-1.505317,0.5685401916503906,0.26422487050294874,0.0
0.3194215233627273,0.33718690182856653,0.2104817515101579,46.62,-73298.51650485455,17.46,-29319.4066019417,1.0,-0.2798547318948934,15.555,0.0,0.895134,-0.11925043,-1.505317,0.5685401916503906,0.26422487050294874,0.0
0.3204519354299471,0.34394307590813333,0.21186852678740878,44.82,-41.482811255130514,16.74,-16.593124502052287,1.0,0.10162663655506066,15.56,0.0,0.49147472,0.17321715,-1.3362806,0.44744241535663604,0.35196514427661896,0.0
0.3220783779276696,0.3562570927256912,0.21394550104439936,43.019999999999996,-106334.46760563405,16.02,-42533.787042253454,1.0,-0.18829920346690443,15.565,0.0,0.49147472,0.17321715,-1.3362806,0.44744241535663604,0.35196514427661896,0.0
0.32342238828152386,0.368798045858617,0.21548345659962512,41.22,-193583.26153846123,15.12,-96791.6307692308,1.0,0.14740440076905514,15.57,0.0,0.49147472,0.17321715,-1.3362806,0.44744241535663604,0.35196514427661896,0.0
0.32570921419442284,0.3850071238359242,0.21724281861210745,39.6,-226492.41599999965,13.86,-176160.76799999998,1.0,-0.21881771294290076,15.575000000000001,0.0,0.49147472,0.17321715,-1.3362806,0.44744241535663604,0.35196514427661896,0.0
0.32788902688566685,0.38281908362684464,0.21903233144222792,38.16,-208268.88827586276,12.42,-208268.888275862,1.0,0.11688589129305882,15.58,0.0,1.2707295,0.17980307,-0.9521115,0.6,0.35394092202186583,0.014366555213928222
0.33020673350970503,0.3972837520803233,0.2204745909590427,36.9,-182235.27724137902,10.62,-260336.1103448277,1.0,-0.08148442030091729,15.585,0.0,1.2707295,0.17980307,-0.9521115,0.6,0.35394092202186583,0.014366555213928222
0.3329605405577704,0.40760799000490056,0.22046733234672627,35.82,-137268.1309090907,8.64,-251658.23999999982,1.0,-0.09674367503891546,15.59,0.0,1.2707295,0.17980307,-0.9521115,0.6,0.35394092202186583,0.014366555213928222
0.3345086445046912,0.40855315903511463,0.21998215537344795,34.92,-114390.10909090891,5.9399999999999995,-343170.3272727274,1.0,-0.21881771294290076,15.595,0.0,1.2707295,0.17980307,-0.9521115,0.6,0.35394092202186583,0.014366555213928222
0.3362298746170225,0.41441872527874246,0.22032012304487908,34.379999999999995,-75497.47200000087,3.06,-402653.18399999995,1.0,-0.2798547318948934,15.6,0.0,1.4678638,0.26828536,-0.1232486,0.6,0.3804856091737747,0.26302542015910146
0.33866306558847603,0.41654620527100256,0.2197614503405867,33.3,-24.75029406300878,1.26,-41.2504901050147,1.0,-0.020447401348924643,15.605,0.0,1.4678638,0.26828536,-0.1232486,0.6,0.3804856091737747,0.26302542015910146
0.34006476865411983,0.40887344393282243,0.21842845214820172,32.22,-55242.05268292674,2.16,46035.04390243903,1.0,-0.05096591082492097,15.610000000000001,0.0,1.4678638,0.26828536,-0.1232486,0.6,0.3804856091737747,0.26302542015910146
0.34240099861334056,0.40956480623926234,0.2167702356518305,31.32,-87787.75813953475,2.88,70230.20651162788,1.0,0.1626636555070533,15.615,0.0,1.4678638,0.26828536,-0.1232486,0.6,0.3804856091737747,0.26302542015910146
0.34901504234284275,0.40382716800340857,0.21009464529553415,30.599999999999998,-25377.30151260513,2.88,0.0,1.0,-0.21881771294290076,15.620000000000001,0.0,1.6071216,0.24133226,0.06385268,0.6,0.37239967882633207,0.3191558048129082
0.3613431748476082,0.4079998543687179,0.19922000135575568,30.599999999999998,0.0,1.98,-104857.59999999999,1.0,-0.21881771294290076,15.625,0.0,1.6071216,0.24133226,0.06385268,0.6,0.37239967882633207,0.3191558048129082
0.370775763424288,0.3964151366735019,0.18436847675357998,30.779999999999998,21570.706285714252,1.6199999999999999,-43141.412571428584,1.0,-0.005188146610926481,15.63,0.0,1.6071216,0.24133226,0.06385268,0.6,0.37239967882633207,0.3191558048129082
0.3796734920743007,0.3885650190355672,0.16876961514062935,30.959999999999997,22878.021818181784,1.98,45756.04363636365,1.0,-0.4934842982268677,15.635,0.0,1.6071216,0.24133226,0.06385268,0.6,0.37239967882633207,0.3191558048129082
0.3878715851703064,0.38807108840739934,0.15222306029067462,31.5,73062.06967741971,1.6199999999999999,-48708.046451612914,1.0,-0.035706656086922806,15.64,0.0,1.0995501,0.532181,0.1859692,0.6,0.45965430736541746,0.3557907611131668
0.39238335487489934,0.3982093140871024,0.13698688939601986,32.22,100663.29599999984,1.6199999999999999,0.0,1.0,-0.18829920346690443,15.645,0.0,1.0995501,0.532181,0.1859692,0.6,0.45965430736541746,0.3557907611131668
0.39727103496079397,0.39217593079683005,0.12260864496486121,33.3,26.26821335374548,1.6199999999999999,0.0,1.0,0.010071108127071682,15.65,0.0,1.0995501,0.532181,0.1859692,0.6,0.45965430736541746,0.3557907611131668
0.4072927503345394,0.3984496105832882,0.10913313922857192,34.379999999999995,68634.06545454534,1.6199999999999999,0.0,1.0,-0.12726218451491178,15.655000000000001,0.0,1.0995501,0.532181,0.1859692,0.6,0.45965430736541746,0.3557907611131668
0.415529703521366,0.40205599221170174,0.09593909783505862,35.64,48933.546666666865,1.6199999999999999,0.0,1.0,0.11688589129305882,15.66,0.0,0.40781957,0.7522377,0.6056975,0.4223458707332611,0.5256713032722473,0.48170925378799434
0.4223930521865781,0.395987309069305,0.0866271119240211,37.26,219186.20903225773,1.6199999999999999,0.0,1.0,-0.38666951506088054,15.665000000000001,0.0,0.40781957,0.7522377,0.6056975,0.4223458707332611,0.5256713032722473,0.48170925378799434
0.4311952805178281,0.4008193500966883,0.08371169523505169,38.699999999999996,208268.88827586174,1.6199999999999999,0.0,1.0,0.10162663655506066,15.67,0.0,0.40781957,0.7522377,0.6056975,0.4223458707332611,0.5256713032722473,0.48170925378799434
0.43933135859523686,0.4043404005606431,0.08260843005860163,40.32,205902.19636363693,1.6199999999999999,0.0,1.0,-0.17303994872890627,15.675,0.0,0.40781957,0.7522377,0.6056975,0.4223458707332611,0.5256713032722473,0.48170925378799434
0.4452704644029191,0.40549656292257996,0.08165925799647224,41.94,212336.63999999966,1.7999999999999998,23592.959999999992,1.0,-0.12726218451491178,15.68,0.0,0.37655702,1.2469813,1.8654345,0.4129671066999435,0.6,0.6
0.4526042788648287,0.4179937126980662,0.08382623736255557,43.559999999999995,61770.65890909081,1.7999999999999998,0.0,1.0,-0.14252143925290994,15.685,0.0,0.37655702,1.2469813,1.8654345,0.4129671066999435,0.6,0.6
0.4590002409174289,0.4204070439478407,0.09722102895948237,45.0,32.406521011289115,1.98,4.05081512641113,1.0,-0.31037324137088973,15.69,0.0,0.37655702,1.2469813,1.8654345,0.4129671066999435,0.6,0.6
0.46379731940310526,0.4201068851546183,0.11279025256518635,46.44,72768.64771084326,2.16,9096.08096385543,1.0,-0.05096591082492097,15.695,0.0,0.37655702,1.2469813,1.8654345,0.4129671066999435,0.6,0.6
0.468889531378976,0.4198268725451853,0.12559106692846111,47.699999999999996,146800.63999999978,2.6999999999999997,62914.559999999954,1.0,0.05584887234106617,15.700000000000001,0.0,-0.14588477,1.6988568,2.905999,0.25623456984758375,0.6,0.6
0.47365759453641143,0.42305583009372194,0.14307766183802625,48.78,137268.1309090916,3.42,91512.0872727273,1.0,-0.41718802453687687,15.705,0.0,-0.14588477,1.6988568,2.905999,0.25623456984758375,0.6,0.6
0.4766811122293494,0.4219336252006677,0.15939634854972273,49.5,100663.29599999984,4.32,125829.12000000005,1.0,-0.020447401348924643,15.71,0.0,-0.14588477,1.6988568,2.905999,0.25623456984758375,0.6,0.6
0.47974040714772276,0.41882013517435723,0.1717773304972352,49.86,10941.662608695635,5.76,43766.65043478259,1.0,-0.2798547318948934,15.715,0.0,-0.14588477,1.6988568,2.905999,0.25623456984758375,0.6,0.6
0.4821685659754284,0.4147328750039141,0.18602081454738098,50.22,43141.412571428504,7.38,194136.3565714286,1.0,-0.11200292977691362,15.72,0.0,-0.7822014,2.3042517,2.5172145,0.06533957719802856,0.6,0.6
0.4836298399549424,0.40291872649421345,0.20153373528051122,50.04,-22878.021818181784,9.36,251658.23999999993,1.0,-0.3256324961088879,15.725,0.0,-0.7822014,2.3042517,2.5172145,0.06533957719802856,0.6,0.6
0.48390355924611256,0.40187326027978104,0.21297632777536757,49.86,-22878.021818181784,11.52,274536.26181818184,1.0,-0.035706656086922806,15.73,0.0,-0.7822014,2.3042517,2.5172145,0.06533957719802856,0.6,0.6
0.4845860936923093,0.4063223457077326,0.226439853823051,49.68,-4.403674245517427,13.32,44.03674245517436,1.0,-0.11200292977691362,15.735000000000001,0.0,-0.7822014,2.3042517,2.5172145,0.06533957719802856,0.6,0.6
0.48445928703665486,0.40803197006356995,0.24268389780962418,49.68,0.0,14.76,91512.08727272724,1.0,0.010071108127071682,15.74,0.0,-1.3707974,2.1371381,2.203534,0.0,0.6,0.6
0.48367919565017625,0.4107782151756027,0.2571366774141198,49.68,0.0,15.479999999999999,86282.82514285701,1.0,-0.09674367503891546,15.745000000000001,0.0,-1.3707974,2.1371381,2.203534,0.0,0.6,0.6
0.4833703967016449,0.4127330129679055,0.2707238519085702,49.68,0.0,15.84,45756.04363636379,1.0,0.05584887234106617,15.75,0.0,-1.3707974,2.1371381,2.203534,0.0,0.6,0.6
0.4829740017628384,0.42337961695559617,0.28681609599234537,49.86,26033.611034482718,15.66,-26033.611034482718,1.0,-0.05096591082492097,15.755,0.0,-1.3707974,2.1371381,2.203534,0.0,0.6,0.6
0.48145178866746563,0.4242614670198028,0.3008028903541188,50.04,23592.959999999963,15.12,-70778.88000000012,1.0,0.010071108127071682,15.76,0.0,-1.5465747,1.1757355,2.5114489,0.0,0.6,0.6
0.48079963342812826,0.42619127068374796,0.3130512916784798,50.04,0.0,14.219999999999999,-117964.80000000005,1.0,-0.24933622241889708,15.765,0.0,-1.5465747,1.1757355,2.5114489,0.0,0.6,0.6
0.4805952385606455,0.4331103286331145,0.3264478154464379,50.04,0.0,12.959999999999999,-43676.22347107437,1.0,-0.09674367503891546,15.77,0.0,-1.5465747,1.1757355,2.5114489,0.0,0.6,0.6
0.47911849056306566,0.42621558198545245,0.3386143966088261,50.04,0.0,11.34,-36.82763590638582,1.0,-0.14252143925290994,15.775,0.0,-1.5465747,1.1757355,2.5114489,0.0,0.6,0.6
0.4775844025971105,0.41934888157685857,0.3486765220666992,50.04,0.0,9.18,-135219.3528358209,1.0,-0.08148442030091729,15.780000000000001,0.0,-0.33006158,0.50300777,3.2758677,0.20098152458667753,0.4509023308753967,0.6
0.4769327368150721,0.4246037251016068,0.3596882846038214,49.86,-22878.021818181784,6.84,-297414.28363636363,1.0,-0.035706656086922806,15.785,0.0,-0.33006158,0.50300777,3.2758677,0.20098152458667753,0.4509023308753967,0.6
0.4760753937163372,0.43196538213343194,0.3702718712180702,49.86,0.0,3.96,-389664.3716129032,1.0,-0.23407696768089892,15.790000000000001,0.0,-0.33006158,0.50300777,3.2758677,0.20098152458667753,0.4509023308753967,0.6
0.4708356494147037,0.4366167532669288,0.3785661340128037,49.68,-8118.007741935471,1.44,-113652.10838709677,1.0,-0.21881771294290076,15.795,0.0,-0.33006158,0.50300777,3.2758677,0.20098152458667753,0.4509023308753967,0.6
0.4604578747527752,0.4274569866909117,0.38862687364659615,48.059999999999995,-212336.6400000006,1.7999999999999998,47185.919999999984,1.0,0.07110812707906433,15.8,0.0,0.3896298,0.4037545,2.215513,0.4168889433145523,0.4211263507604599,0.6
0.4505723774911789,0.4351511483542061,0.3991716003325215,46.8,-165150.71999999974,2.6999999999999997,117964.79999999999,1.0,-0.1577806939909081,15.805,0.0,0.3896298,0.4037545,2.215513,0.4168889433145523,0.4211263507604599,0.6
0.4354928823516109,0.4431627392026862,0.4077236595486998,45.36,-188743.6799999997,2.34,-47185.919999999984,1.0,-0.2035584582049026,15.81,0.0,0.3896298,0.4037545,2.215513,0.4168889433145523,0.4211263507604599,0.6
0.41294626514585525,0.44626593000949366,0.4154799891415057,44.1,-165150.71999999974,1.6199999999999999,-94371.84,1.0,0.05584887234106617,15.815,0.0,0.3896298,0.4037545,2.215513,0.4168889433145523,0.4211263507604599,0.6
0.38358589012886496,0.44844439397239483,0.42320278750120205,42.3,-44.02184956268232,1.7999999999999998,4.40218495626822,1.0,0.025330362865069844,15.82,8.522882461547852,-0.24721637,1.6778462,0.81210554,0.22583508789539336,0.6,0.5436316609382629
0.35320618917921365,0.45527876992880695,0.428905625780885,40.5,-114390.10909090891,1.7999999999999998,0.0,1.0,-0.43244727927487503,15.825000000000001,8.522882461547852,-0.24721637,1.6778462,0.81210554,0.22583508789539336,0.6,0.5436316609382629
0.3225112544487208,0.45615561430843055,0.43434275096564573,38.339999999999996,-258848.47542857187,1.7999999999999998,0.0,1.0,-0.05096591082492097,15.83,8.522882461547852,-0.24721637,1.6778462,0.81210554,0.22583508789539336,0.6,0.5436316609382629
0.2940109857582947,0.4474210184875957,0.4396314303780363,36.0,-316602.30193548335,1.7999999999999998,0.0,1.0,-0.1577806939909081,15.835,8.522882461547852,-0.24721637,1.6778462,0.81210554,0.22583508789539336,0.6,0.5436316609382629
0.266732097091808,0.45266474000833945,0.44391134439329516,33.66,-327155.71200000047,1.6199999999999999,-25165.82399999999,1.0,-0.020447401348924643,15.84,20.0,-0.44184187,0.9836701,1.3092108,0.16744743883609772,0.5951010346412658,0.6
0.24173514226803616,0.4551931495640733,0.4477492051577612,30.959999999999997,-353894.3999999999,1.6199999999999999,0.0,1.0,0.07110812707906433,15.845,20.0,-0.44184187,0.9836701,1.3092108,0.16744743883609772,0.5951010346412658,0.6
0.21848487215187107,0.45427155769733263,0.45211530987912285,28.08,-389664.3716129031,1.6199999999999999,0.0,1.0,-0.11200292977691362,15.85,20.0,-0.44184187,0.9836701,1.3092108,0.16744743883609772,0.5951010346412658,0.6
0.1974309223879835,0.459361414128075,0.4554688844188743,25.2,-83886.07999999997,1.6199999999999999,0.0,1.0,-0.12726218451491178,15.855,20.0,-0.44184187,0.9836701,1.3092108,0.16744743883609772,0.5951010346412658,0.6
0.17775716360423494,0.4593500200124282,0.4584735941823462,22.14,-69.40494281403609,1.6199999999999999,0.0,1.0,-0.08148442030091729,15.860000000000001,8.522882461547852,-1.1939881,-0.04842621,0.4542401,0.0,0.28547213673591615,0.4362720340490341
0.1605429416606309,0.46207454361774614,0.46158076327786235,18.9,-238413.06947368436,1.6199999999999999,0.0,1.0,-0.2798547318948934,15.865,8.522882461547852,-1.1939881,-0.04842621,0.4542401,0.0,0.28547213673591615,0.4362720340490341
0.14809160187448958,0.4687846140795935,0.4644083742258563,15.84,-124607.47805825238,1.6199999999999999,0.0,1.0,-0.05096591082492097,15.870000000000001,8.522882461547852,-1.1939881,-0.04842621,0.4542401,0.0,0.28547213673591615,0.4362720340490341
0.14416137736352888,0.4585491118748265,0.46681567495894477,12.78,-388926.37090909097,1.6199999999999999,0.0,1.0,-0.2035584582049026,15.875,8.522882461547852,-1.1939881,-0.04842621,0.4542401,0.0,0.28547213673591615,0.4362720340490341
0.14384235254338992,0.459490618026684,0.47013997043466066,9.9,-366048.34909090895,1.6199999999999999,0.0,1.0,-0.05096591082492097,15.88,0.0,0.37780306,-0.952018,1.3783296,0.4133409172296524,0.014394593238830565,0.6
0.14482099556489444,0.45203755206363233,0.4727740311157167,7.02,-355282.2211764707,1.6199999999999999,0.0,1.0,-0.2035584582049026,15.885,0.0,0.37780306,-0.952018,1.3783296,0.4133409172296524,0.014394593238830565,0.6
0.1511107431309979,0.45198370714396446,0.4747560343253131,4.68,-306708.48,4.5,377487.36,1.0,3.5959959715567518,15.89,0.0,0.37780306,-0.952018,1.3783296,0.4133409172296524,0.014394593238830565,0.6
0.15954554554293035,0.4519626463800953,0.47828484407952354,3.78,-117964.79999999999,6.84,306708.48,1.0,-2.9349650563066287,15.895,0.0,0.37780306,-0.952018,1.3783296,0.4133409172296524,0.014394593238830565,0.6
0.16476154406053545,0.4594679513821593,0.48132799430405077,4.14,50331.64799999998,5.76,-150994.94400000002,1.0,4.1300698873866875,15.9,0.0,1.1218804,-1.2603143,-0.99074674,0.6,0.0,0.0027759790420532225
0.16967218647537455,0.4517648060839251,0.48183869877235264,5.58,34.696525980180965,2.88,-69.39305196036192,1.0,7.960142826624338,15.905000000000001,0.0,1.1218804,-1.2603143,-0.99074674,0.6,0.0,0.0027759790420532225
0.17442203346301305,0.45321369008417395,0.48189309448263123,7.56,46919.33288135592,1.44,-34123.15118644068,1.0,0.46784875026701656,15.91,0.0,1.1218804,-1.2603143,-0.99074674,0.6,0.0,0.0027759790420532225
0.177706763438894,0.4653076979712717,0.48334492422197617,9.0,140460.41302325585,1.7999999999999998,35115.10325581394,1.0,-0.7376323740348383,15.915000000000001,0.0,1.1218804,-1.2603143,-0.99074674,0.6,0.0,0.0027759790420532225
0.17897537377449707,0.4620557295161861,0.4848144691092793,10.799999999999999,204047.2216216215,1.6199999999999999,-20404.722162162154,1.0,1.276589251380976,15.92,8.522882461547852,1.056209,-1.1092647,-1.9900836,0.6,0.0,0.0
0.17947256808472511,0.4679071748493054,0.4864748481608562,12.42,115165.63525423736,1.7999999999999998,12796.181694915249,1.0,-1.4853358561968033,15.925,8.522882461547852,1.056209,-1.1092647,-1.9900836,0.6,0.0,0.0
0.17943661519876164,0.4622777791846859,0.48837605018086927,14.219999999999999,204047.2216216215,1.6199999999999999,-20404.722162162154,1.0,1.2155522324289834,15.93,8.522882461547852,1.056209,-1.1092647,-1.9900836,0.6,0.0,0.0
0.17899727569560603,0.46427501130273385,0.4897747491909829,15.84,194136.35657142868,1.6199999999999999,0.0,1.0,-0.7834101382488328,15.935,8.522882461547852,1.056209,-1.1092647,-1.9900836,0.6,0.0,0.0
0.17787438916082057,0.4679007503712628,0.48961723852011035,17.28,194832.18580645177,1.7999999999999998,24354.023225806442,1.0,0.696737571336989,15.94,20.0,0.3744929,-0.70180094,-1.8673437,0.412347874045372,0.08945971727371216,0.0
0.1767886903939012,0.4685628471016505,0.4892686459197955,18.72,32.67740671207747,1.7999999999999998,0.0,1.0,-0.2798547318948934,15.945,20.0,0.3744929,-0.70180094,-1.8673437,0.412347874045372,0.08945971727371216,0.0
0.1763551586156711,0.4718455632616796,0.4893997183754095,19.98,80073.07636363646,1.7999999999999998,0.0,1.0,0.025330362865069844,15.950000000000001,20.0,0.3744929,-0.70180094,-1.8673437,0.412347874045372,0.08945971727371216,0.0
0.17816796336370663,0.4632644173031801,0.4890757053945873,21.06,119206.53473684192,1.7999999999999998,0.0,1.0,0.010071108127071682,15.955,20.0,0.3744929,-0.70180094,-1.8673437,0.412347874045372,0.08945971727371216,0.0
0.18509642975551546,0.4694554680829956,0.48903241052568036,21.96,111025.69411764732,1.6199999999999999,-22205.138823529403,1.0,-0.17303994872890627,15.96,8.522882461547852,0.67322874,-1.0776674,-1.7266918,0.5019686222076416,0.0,0.0
0.19167461212351317,0.46666780297453736,0.4888826510271896,22.86,117964.79999999981,1.6199999999999999,0.0,1.0,-0.06622516556291913,15.965,8.522882461547852,0.67322874,-1.0776674,-1.7266918,0.5019686222076416,0.0,0.0
0.20397230038159594,0.4583709989455967,0.4880915659565269,23.58,28489.612075471654,1.6199999999999999,0.0,1.0,-0.26459547715689524,15.97,8.522882461547852,0.67322874,-1.0776674,-1.7266918,0.5019686222076416,0.0,0.0
0.22371976968827945,0.4505336107236462,0.4860549154426395,24.3,77433.30461538487,1.6199999999999999,0.0,1.0,0.3305154576250331,15.975,8.522882461547852,0.67322874,-1.0776674,-1.7266918,0.5019686222076416,0.0,0.0
0.24218266085334356,0.4312796119231629,0.4849024973917448,25.02,56979.22415094331,1.6199999999999999,0.0,1.0,-0.3256324961088879,15.98,0.0,0.7195362,-1.1430091,-1.5475606,0.5158608555793762,0.0,0.0
0.25872660779316686,0.40571050280844784,0.48392712629979934,25.74,94371.83999999985,1.6199999999999999,0.0,1.0,-0.035706656086922806,15.985000000000001,0.0,0.7195362,-1.1430091,-1.5475606,0.5158608555793762,0.0,0.0
0.2783223467174546,0.36885338276991203,0.48079306455204673,26.64,21.77828444834196,1.6199999999999999,0.0,1.0,-0.2035584582049026,15.99,0.0,0.7195362,-1.1430091,-1.5475606,0.5158608555793762,0.0,0.0
0.2951864092339759,0.3438928027500072,0.4726506022356031,27.72,62052.71671232867,1.6199999999999999,0.0,1.0,-0.06622516556291913,15.995000000000001,0.0,0.7195362,-1.1430091,-1.5475606,0.5158608555793762,0.0,0.0
0.3089195885315435,0.31928674254059797,0.4530925474549625,28.98,146800.6400000002,1.6199999999999999,0.0,1.0,-0.1577806939909081,16.0,0.0,1.0922885,-1.4869319,-0.55198014,0.6,0.0,0.13440595865249633
0.325204517678483,0.27969004867482145,0.4274284272550337,30.419999999999998,177641.11058823502,1.6199999999999999,0.0,1.0,-0.06622516556291913,16.005,0.0,1.0922885,-1.4869319,-0.55198014,0.6,0.0,0.13440595865249633
0.34069000686989587,0.259027756434268,0.3973298980201401,32.04,234302.49931034498,1.6199999999999999,0.0,1.0,-0.18829920346690443,16.01,0.0,1.0922885,-1.4869319,-0.55198014,0.6,0.0,0.13440595865249633
0.35166407732918703,0.23709988052677297,0.368432921603071,33.66,194136.35657142827,1.7999999999999998,21570.706285714277,1.0,-0.29511398663289157,16.015,0.0,1.0922885,-1.4869319,-0.55198014,0.6,0.0,0.13440595865249633
0.3615391702332082,0.2101082787913148,0.33893543774940277,35.46,251658.2400000006,1.7999999999999998,0.0,1.0,-0.08148442030091729,16.02,0.0,0.89444256,-1.2831539,-0.46709296,0.5683327674865722,0.0,0.15987211167812346
0.367491931628291,0.1921333704119182,0.31148170463035807,37.44,276824.06399999955,1.7999999999999998,0.0,1.0,-0.3714102603228824,16.025,0.0,0.89444256,-1.2831539,-0.46709296,0.5683327674865722,0.0,0.15987211167812346
0.37092087278183783,0.17209575154033577,0.28450004284845093,39.42,82224.96950495066,1.7999999999999998,0.0,1.0,-0.020447401348924643,16.03,0.0,0.89444256,-1.2831539,-0.46709296,0.5683327674865722,0.0,0.15987211167812346
0.37704063923025916,0.17153263655984807,0.2596286280462639,41.58,49.34179673331111,1.7999999999999998,0.0,1.0,-0.26459547715689524,16.035,0.0,0.89444256,-1.2831539,-0.46709296,0.5683327674865722,0.0,0.15987211167812346
0.38383976491728666,0.1655806016304336,0.23534881591779172,43.92,91725.9005607478,1.7999999999999998,0.0,1.0,0.04058961760306801,16.04,0.0,1.2377123,-1.551554,0.33516648,0.6,0.0,0.4005499452352524
0.38877239582412626,0.17225229773642642,0.2136482534951098,46.08,201326.59199999968,1.7999999999999998,0.0,1.0,-0.06622516556291913,16.045,0.0,1.2377123,-1.551554,0.33516648,0.6,0.0,0.4005499452352524
0.39479570227478383,0.15526730474770228,0.19290422994719472,48.6,310871.94352941215,1.7999999999999998,0.0,1.0,-0.2035584582049026,16.05,0.0,1.2377123,-1.551554,0.33516648,0.6,0.0,0.4005499452352524
0.40217211259128943,0.14184914792332784,0.17417492775058302,50.94,280419.1817142853,1.7999999999999998,0.0,1.0,-0.21881771294290076,16.055,0.0,1.2377123,-1.551554,0.33516648,0.6,0.0,0.4005499452352524
0.407396025617389,0.13662533024100085,0.15668802366759865,53.28,272629.7600000004,1.7999999999999998,0.0,1.0,0.025330362865069844,16.06,0.0,0.93775046,-1.1409452,0.05972926,0.5813251376152039,0.0,0.3179187778383493
0.4136127292995676,0.10527016544755695,0.1409617658609456,55.8,310871.9435294113,1.7999999999999998,0.0,1.0,0.010071108127071682,16.065,0.0,0.93775046,-1.1409452,0.05972926,0.5813251376152039,0.0,0.3179187778383493
0.4205469908973431,0.09688346702476137,0.1268773089696606,58.14,297414.2836363641,1.7999999999999998,0.0,1.0,-0.24933622241889708,16.07,0.0,0.93775046,-1.1409452,0.05972926,0.5813251376152039,0.0,0.3179187778383493
0.4262108449484381,0.08632062317992405,0.1142905815295544,60.66,58.08966046363357,1.98,4.1492614616881225,1.0,-0.08148442030091729,16.075,0.0,0.93775046,-1.1409452,0.05972926,0.5813251376152039,0.0,0.3179187778383493
0.43212497017309104,0.09075519330411227,0.10403353019150954,63.18,47397.51605381172,1.98,0.0,1.0,-0.06622516556291913,16.080000000000002,0.0,1.0378325,-1.0922323,0.026990213,0.6,0.0,0.3080970637500286
0.43958552757897407,0.07611699208541699,0.09997347775531235,65.52,228248.17116279033,1.98,0.0,1.0,0.0863673818170625,16.085,0.0,1.0378325,-1.0922323,0.026990213,0.6,0.0,0.3080970637500286
0.4458543181398239,0.05266043617011387,0.09884130596552194,67.86,265261.3881081085,1.98,0.0,1.0,-0.12726218451491178,16.09,0.0,1.0378325,-1.0922323,0.026990213,0.6,0.0,0.3080970637500286
0.4517179731041752,0.04925009923345699,0.09766937542415217,70.02,283115.51999999955,2.16,23592.96000000002,1.0,-0.09674367503891546,16.095,0.0,1.0378325,-1.0922323,0.026990213,0.6,0.0,0.3080970637500286
0.45766809155735244,0.03779516219533551,0.0989626652075778,72.17999999999999,258848.47542857102,2.34,21570.706285714252,1.0,-0.020447401348924643,16.1,0.0,1.2080874,-1.4255683,0.57766014,0.6,0.0,0.473298043012619
0.4631505579897377,0.03213776885876707,0.09977920100205613,74.34,258848.4754285727,2.6999999999999997,43141.412571428555,1.0,-0.18829920346690443,16.105,0.0,1.2080874,-1.4255683,0.57766014,0.6,0.0,0.473298043012619
0.46748345533545427,0.03096256177399691,0.1001096184312603,76.14,215707.0628571425,3.2399999999999998,64712.118857142865,1.0,-0.020447401348924643,16.11,0.0,1.2080874,-1.4255683,0.57766014,0.6,0.0,0.473298043012619
0.47281585183761116,0.011005913464792513,0.10401348085347425,77.75999999999999,219186.20903225677,3.96,97416.09290322583,1.0,-0.23407696768089892,16.115000000000002,0.0,1.2080874,-1.4255683,0.57766014,0.6,0.0,0.473298043012619
0.4781334329833242,0.00651097960787051,0.11784231144964465,79.2,34.93979486645523,5.04,26.204846149841206,1.0,0.025330362865069844,16.12,0.0,0.9327556,-0.99745727,0.099398464,0.5798266768455506,0.0007628202438354492,0.32981953918933865
0.4819617396701073,0.014971444754791785,0.13576476592269787,80.28,62914.5599999999,6.4799999999999995,83886.07999999997,1.0,-0.06622516556291913,16.125,0.0,0.9327556,-0.99745727,0.099398464,0.5798266768455506,0.0007628202438354492,0.32981953918933865
0.48577070358235996,0.002896119307144132,0.1511265101670943,81.17999999999999,99338.77894736748,8.1,178809.80210526317,1.0,0.04058961760306801,16.13,0.0,0.9327556,-0.99745727,0.099398464,0.5798266768455506,0.0007628202438354492,0.32981953918933865
0.4887036480136351,0.00749604771532939,0.16967616918413012,81.89999999999999,33554.43199999995,10.08,92274.68800000002,1.0,0.05584887234106617,16.135,0.0,0.9327556,-0.99745727,0.099398464,0.5798266768455506,0.0007628202438354492,0.32981953918933865
0.49106881577580874,0.0009646665885136172,0.1854915457705845,82.25999999999999,45756.04363636357,12.42,297414.28363636363,1.0,-0.12726218451491178,16.14,0.0,0.120081924,-0.51592755,0.9873575,0.3360245771706104,0.14522173404693603,0.5962072491645812
0.4934131988883539,0.008396525216992403,0.19750628075751606,82.44,12582.912000000477,14.76,163577.856,1.0,-0.08148442030091729,16.145,0.0,0.120081924,-0.51592755,0.9873575,0.3360245771706104,0.14522173404693603,0.5962072491645812
0.4953918320519478,0.011477909065057426,0.21010164518268,82.44,0.0,17.099999999999998,280419.18171428546,1.0,0.05584887234106617,16.15,0.0,0.120081924,-0.51592755,0.9873575,0.3360245771706104,0.14522173404693603,0.5962072491645812
0.49644626268617986,0.010083219128824686,0.22173767883362197,82.25999999999999,-23592.960000000894,19.08,259522.56000000006,1.0,-0.11200292977691362,16.155,0.0,0.120081924,-0.51592755,0.9873575,0.3360245771706104,0.14522173404693603,0.5962072491645812
0.4968611432559061,-0.00518487004435064,0.22979665954030912,82.25999999999999,0.0,20.7,36.565634578956455,1.0,-0.12726218451491178,16.16,0.0,0.65050983,-0.6693748,0.15575767,0.49515295028686523,0.09918755292892456,0.34672729969024657
0.49840506327643136,0.0012069217331304892,0.23998496576015382,82.25999999999999,0.0,21.779999999999998,63800.68056338018,1.0,0.05584887234106617,16.165,0.0,0.65050983,-0.6693748,0.15575767,0.49515295028686523,0.09918755292892456,0.34672729969024657
0.49873303559711324,-0.01568844534917546,0.25161817042817314,82.25999999999999,0.0,22.14,41943.04000000035,1.0,-0.05096591082492097,16.17,0.0,0.65050983,-0.6693748,0.15575767,0.49515295028686523,0.09918755292892456,0.34672729969024657
0.4993361042514478,-0.003016683671919451,0.26031480222226866,82.25999999999999,0.0,21.96,-22205.138823529378,1.0,-0.06622516556291913,16.175,0.0,0.65050983,-0.6693748,0.15575767,0.49515295028686523,0.09918755292892456,0.34672729969024657
0.5001792307390656,-0.007743485227457271,0.26997187417575724,82.25999999999999,0.0,21.24,-94371.84000000032,1.0,0.0863673818170625,16.18,0.0,0.93193424,-0.8687258,-0.53577197,0.5795802712440491,0.03938226699829101,0.13926841020584105
0.5004557873420876,-0.0013749597475140364,0.2846878723006562,82.25999999999999,0.0,20.16,-125829.1199999998,1.0,-0.24933622241889708,16.185,0.0,0.93193424,-0.8687258,-0.53577197,0.5795802712440491,0.03938226699829101,0.13926841020584105
0.5010860358900299,-0.0054750929040672065,0.2964509655894445,82.25999999999999,0.0,18.72,-67108.86400000006,1.0,0.04058961760306801,16.19,0.0,0.93193424,-0.8687258,-0.53577197,0.5795802712440491,0.03938226699829101,0.13926841020584105
0.5017041156081637,-0.016129323632971274,0.3054331273718602,82.25999999999999,0.0,16.919999999999998,-209715.20000000007,1.0,-0.2035584582049026,16.195,0.0,0.93193424,-0.8687258,-0.53577197,0.5795802712440491,0.03938226699829101,0.13926841020584105
0.5021106112738061,-0.012140276656159863,0.3118033719223535,82.25999999999999,0.0,14.76,-292248.2787096772,1.0,-0.26459547715689524,16.2,0.0,0.8062787,-0.944517,-0.69077426,0.5418836116790772,0.01664489507675171,0.09276772141456603
0.5020329024898527,-0.0019305979302851593,0.31504944566860155,82.08,-4.456099867197692,12.42,-57.92929827357237,1.0,-0.035706656086922806,16.205000000000002,0.0,0.8062787,-0.944517,-0.69077426,0.5418836116790772,0.01664489507675171,0.09276772141456603
0.5000274364698913,-0.014950284806584141,0.31994924688597853,82.08,0.0,9.9,-165150.71999999997,1.0,-0.06622516556291913,16.21,0.0,0.8062787,-0.944517,-0.69077426,0.5418836116790772,0.01664489507675171,0.09276772141456603
0.5005473640977985,-0.01880207941719226,0.32935304031852825,81.89999999999999,-20971.520000000794,7.02,-335544.32000000007,1.0,-0.24933622241889708,16.215,0.0,0.8062787,-0.944517,-0.69077426,0.5418836116790772,0.01664489507675171,0.09276772141456603
0.4990320228805356,-0.020777831046053023,0.3416414479956814,81.89999999999999,0.0,3.78,-377487.36,1.0,-0.09674367503891546,16.22,0.0,1.1172448,-1.0186263,-1.2073735,0.6,0.0,0.0
0.4974073796539984,-0.03249581560276482,0.3516241382222945,81.72,-24354.023225805453,1.26,-340956.32516129024,1.0,-0.2798547318948934,16.225,0.0,1.1172448,-1.0186263,-1.2073735,0.6,0.0,0.0
0.4981122718042781,-0.022980609143526974,0.36099216973765824,79.92,-222051.38823529377,2.34,133230.83294117646,1.0,-0.1577806939909081,16.23,0.0,1.1172448,-1.0186263,-1.2073735,0.6,0.0,0.0
0.498588684544858,0.0023451695016567095,0.3686793172285229,78.66,-150994.9440000006,3.42,129424.23771428573,1.0,-0.2798547318948934,16.235,0.0,1.1172448,-1.0186263,-1.2073735,0.6,0.0,0.0
0.49875136232438055,0.02595003954859164,0.3727447880685406,77.58,-146124.13935483847,3.2399999999999998,-24354.02322580647,1.0,-0.005188146610926481,16.240000000000002,0.0,0.88417983,-1.1110984,-1.1411287,0.5652539491653442,0.0,0.0
0.49965160219924637,0.02269792474128913,0.37339486013761763,76.86,-16.226767970941268,2.52,-16.226767970941285,1.0,0.05584887234106617,16.245,0.0,0.88417983,-1.1110984,-1.1411287,0.5652539491653442,0.0,0.0
0.5003286192739381,0.03953966269477561,0.3736286555788916,75.96,-49024.332467532775,1.6199999999999999,-49024.33246753248,1.0,0.025330362865069844,16.25,0.0,0.88417983,-1.1110984,-1.1411287,0.5652539491653442,0.0,0.0
0.50050049106501,0.04086884868432002,0.3738786986454571,74.88,-42335.031028037316,1.7999999999999998,7055.8385046728945,1.0,-0.11200292977691362,16.255,0.0,0.88417983,-1.1110984,-1.1411287,0.5652539491653442,0.0,0.0
0.5015656000496993,0.04773333793273263,0.37154316532640563,73.98,-92070.08780487717,1.6199999999999999,-18414.017560975604,1.0,-0.035706656086922806,16.26,0.0,0.8528756,-1.1444864,-1.1608193,0.5558626770973205,0.0,0.0
0.5017291579771435,0.05958796711459314,0.37051490543436516,73.08,-121770.11612903302,1.6199999999999999,0.0,1.0,-0.1577806939909081,16.265,0.0,0.8528756,-1.1444864,-1.1608193,0.5558626770973205,0.0,0.0
0.5026223810246404,0.0563365734932073,0.37032905077032224,72.36,-79471.02315789461,1.6199999999999999,0.0,1.0,-0.3256324961088879,16.27,0.0,0.8528756,-1.1444864,-1.1608193,0.5558626770973205,0.0,0.0
0.5033248935463795,0.0652319890469504,0.36781589424335476,71.82,-61214.16648648719,1.6199999999999999,0.0,1.0,-0.12726218451491178,16.275,0.0,0.8528756,-1.1444864,-1.1608193,0.5558626770973205,0.0,0.0
0.5040529445984601,0.06145340270505513,0.36219955769236595,71.28,-66615.41647058725,1.6199999999999999,0.0,1.0,-0.035706656086922806,16.28,0.0,0.6077454,-1.2812533,-1.1656961,0.4823236227035522,0.0,0.0
0.5047541594875191,0.04914454693088515,0.35634853471781913,70.92,-48708.04645161283,1.6199999999999999,0.0,1.0,-0.005188146610926481,16.285,0.0,0.6077454,-1.2812533,-1.1656961,0.4823236227035522,0.0,0.0
0.5059480890955466,0.04760006078886365,0.34687775023293127,70.56,-8.807348491034855,1.6199999999999999,0.0,1.0,-0.1577806939909081,16.29,0.0,0.6077454,-1.2812533,-1.1656961,0.4823236227035522,0.0,0.0
0.5061071446848864,0.05151123750073382,0.33216717903375875,70.56,0.0,1.6199999999999999,0.0,1.0,-0.38666951506088054,16.295,0.0,0.6077454,-1.2812533,-1.1656961,0.4823236227035522,0.0,0.0
0.5065178147407988,0.036790415127795136,0.31267536564054255,70.56,0.0,1.6199999999999999,0.0,1.0,0.04058961760306801,16.3,0.0,0.43752784,-1.2804466,-1.1931112,0.43125835061073303,0.0,0.0
0.5067450833288487,0.039672849584077706,0.29068623406240024,70.74,22878.021818180878,1.6199999999999999,0.0,1.0,-0.06622516556291913,16.305,0.0,0.43752784,-1.2804466,-1.1931112,0.43125835061073303,0.0,0.0
0.5068554161570706,0.05168684248781419,0.2672750963425343,70.92,25165.824000000954,1.7999999999999998,25165.82399999999,1.0,-0.3256324961088879,16.31,0.0,0.43752784,-1.2804466,-1.1931112,0.43125835061073303,0.0,0.0
0.5067977272992783,0.052714488377244274,0.243712939063846,71.1,21570.7062857134,1.7999999999999998,0.0,1.0,-0.23407696768089892,16.315,0.0,0.43752784,-1.2804466,-1.1931112,0.43125835061073303,0.0,0.0
0.5064959305886723,0.04001167593467966,0.22136674403693918,71.46,26033.611034482718,1.7999999999999998,0.0,1.0,-0.06622516556291913,16.32,0.0,0.29209644,-1.2236633,-1.2219894,0.38762893080711364,0.0,0.0
0.5056976758031144,0.033543765176070245,0.1997967567798809,71.82,47185.919999999925,1.7999999999999998,0.0,1.0,-0.020447401348924643,16.325,0.0,0.29209644,-1.2236633,-1.2219894,0.38762893080711364,0.0,0.0
0.5052477665580637,0.03434921192268317,0.17984481046818937,72.17999999999999,8.158184608069837,1.7999999999999998,0.0,1.0,-0.21881771294290076,16.330000000000002,0.0,0.29209644,-1.2236633,-1.2219894,0.38762893080711364,0.0,0.0
0.5051232248653981,0.028606869947779577,0.16102825201952709,72.72,38388.545084746205,1.7999999999999998,0.0,1.0,-0.18829920346690443,16.335,0.0,0.29209644,-1.2236633,-1.2219894,0.38762893080711364,0.0,0.0
0.5045323031871869,0.012446679922246793,0.14390197188496634,73.08,43141.412571428504,1.7999999999999998,0.0,1.0,-0.05096591082492097,16.34,0.0,0.15766653,-1.167332,-1.119876,0.3472999602556229,0.0,0.0
0.5034314960089379,0.012799724945040045,0.12883848114330018,73.44,45756.04363636357,1.7999999999999998,0.0,1.0,-0.34089175084688605,16.345,0.0,0.15766653,-1.167332,-1.119876,0.3472999602556229,0.0,0.0
0.5028511533724246,0.011748156962782664,0.11493959221497178,73.98,29801.633684210872,1.7999999999999998,0.0,1.0,0.025330362865069844,16.35,0.0,0.15766653,-1.167332,-1.119876,0.3472999602556229,0.0,0.0
0.501573441518627,-0.0008892710398049262,0.10243914831191689,74.34,45756.04363636357,1.7999999999999998,0.0,1.0,0.010071108127071682,16.355,0.0,0.15766653,-1.167332,-1.119876,0.3472999602556229,0.0,0.0
0.5004916368838049,-0.015102301997125148,0.09124551945448844,74.88,62914.55999999907,1.7999999999999998,0.0,1.0,-0.23407696768089892,16.36,0.0,0.013462238,-1.0440304,-1.1308727,0.3040386714041233,0.0,0.0
0.4994804330864435,-0.009213066619524445,0.08433015983361627,75.24,45756.04363636357,1.7999999999999998,0.0,1.0,-0.12726218451491178,16.365000000000002,0.0,0.013462238,-1.0440304,-1.1308727,0.3040386714041233,0.0,0.0
0.4981577711563044,-0.01369152051592686,0.0706158373698643,75.6,48708.04645161283,1.7999999999999998,0.0,1.0,-0.14252143925290994,16.37,0.0,0.013462238,-1.0440304,-1.1308727,0.3040386714041233,0.0,0.0
0.4986568239264886,-0.00921250197899159,0.06314749741533068,75.96,8.799034055150216,1.98,4.3995170275751185,1.0,-0.020447401348924643,16.375,0.0,0.013462238,-1.0440304,-1.1308727,0.3040386714041233,0.0,0.0
0.4978354507570684,-0.009793876544986242,0.05364838118198887,76.32,26963.382857142813,2.16,13481.691428571441,1.0,0.07110812707906433,16.38,0.0,-0.18363532,-0.93972063,-0.92444026,0.24490940272808073,0.018083810806274414,0.02266792058944702
0.49612023547135464,-0.016715714085485098,0.05332817210731125,76.5,21570.706285715103,2.16,0.0,1.0,-0.18829920346690443,16.385,0.0,-0.18363532,-0.93972063,-0.92444026,0.24490940272808073,0.018083810806274414,0.02266792058944702
0.49682414671826275,-0.010322062477271299,0.05016823168661528,76.5,0.0,2.52,48708.046451612885,1.0,0.0863673818170625,16.39,0.0,-0.18363532,-0.93972063,-0.92444026,0.24490940272808073,0.018083810806274414,0.02266792058944702
0.49585933569429047,-0.011018418814175961,0.04124666415075535,76.67999999999999,24354.023225805453,2.6999999999999997,24354.023225806413,1.0,-0.23407696768089892,16.395,0.0,-0.18363532,-0.93972063,-0.92444026,0.24490940272808073,0.018083810806274414,0.02266792058944702
0.49438378395299415,-0.007133245022033446,0.03688655519339803,76.67999999999999,0.0,3.06,47185.92000000004,1.0,-0.11200292977691362,16.4,0.0,-0.17696977,-0.89111865,-0.9302573,0.2469090700149536,0.03266440629959106,0.020922803878784178
0.49463993604158707,-0.006972402754455206,0.01610354965765849,76.5,-10202.361081080662,3.5999999999999996,30607.08324324322,1.0,0.025330362865069844,16.405,0.0,-0.17696977,-0.89111865,-0.9302573,0.2469090700149536,0.03266440629959106,0.020922803878784178
0.49357594118919523,-0.009156879654405484,0.019762761168824517,76.5,0.0,3.96,44410.277647058865,1.0,0.0863673818170625,16.41,0.0,-0.17696977,-0.89111865,-0.9302573,0.2469090700149536,0.03266440629959106,0.020922803878784178
0.49257781515616855,-0.002488341606745961,0.010147162944816154,76.32,-4.059964292628518,4.32,8.119928585256735,1.0,-0.08148442030091729,16.415,0.0,-0.17696977,-0.89111865,-0.9302573,0.2469090700149536,0.03266440629959106,0.020922803878784178
0.49108508307147447,-0.00510054654538055,0.009090274076624986,76.32,0.0,4.68,28489.612075471654,1.0,-0.08148442030091729,16.42,0.0,-0.20456022,-0.8403239,-0.8745974,0.238631933927536,0.047902822494506836,0.03762078881263733
0.4898357611969697,-0.010807574087136682,0.007717253050013819,76.32,0.0,4.859999999999999,22878.021818181784,1.0,-0.17303994872890627,16.425,0.0,-0.20456022,-0.8403239,-0.8745974,0.238631933927536,0.047902822494506836,0.03762078881263733
0.4837290872103931,-0.018984064526476333,-0.002905757606432654,76.14,-9207.008780487427,5.04,9207.008780487835,1.0,-0.035706656086922806,16.43,0.0,-0.20456022,-0.8403239,-0.8745974,0.238631933927536,0.047902822494506836,0.03762078881263733
0.4713808243006027,-0.016705104049585993,0.006268566150418498,76.14,0.0,5.3999999999999995,45756.04363636357,1.0,-0.035706656086922806,16.435,0.0,-0.20456022,-0.8403239,-0.8745974,0.238631933927536,0.047902822494506836,0.03762078881263733
0.45847372722850305,0.004829854518189204,0.0029587938380811673,75.78,-52067.222068965435,5.58,26033.611034482845,1.0,-0.11200292977691362,16.44,0.0,-0.40727463,-0.8091068,-0.631743,0.17781760990619658,0.05726795196533203,0.11047709584236144
0.4462073593731712,0.003317675166832417,0.0035275462822165543,75.6,-20971.520000000794,5.9399999999999995,41943.039999999935,1.0,-0.21881771294290076,16.445,0.0,-0.40727463,-0.8091068,-0.631743,0.17781760990619658,0.05726795196533203,0.11047709584236144
0.42968661300422556,-0.011223766129901539,0.0028436808224971723,75.24,-47185.919999999925,6.3,47185.92000000004,1.0,-0.24933622241889708,16.45,0.0,-0.40727463,-0.8091068,-0.631743,0.17781760990619658,0.05726795196533203,0.11047709584236144
0.41493245854714356,-0.012691697280808349,-0.0075341453301427655,74.88,-27453.626181818137,6.84,41180.43927272728,1.0,-0.3714102603228824,16.455000000000002,0.0,-0.40727463,-0.8091068,-0.631743,0.17781760990619658,0.05726795196533203,0.11047709584236144
0.4008606668401844,-0.015010629189919595,-0.0010982360324704474,74.34,-12.242105388328081,7.38,12.242105388328262,1.0,-0.08148442030091729,16.46,0.0,-0.403694,-0.908154,-0.90474325,0.1788917988538742,0.027553796768188477,0.028577023744583128
0.38743708611494326,-0.011841824541259887,-0.000586979480448377,73.8,-46222.94204081686,7.92,46222.94204081633,1.0,-0.24933622241889708,16.465,0.0,-0.403694,-0.908154,-0.90474325,0.1788917988538742,0.027553796768188477,0.028577023744583128
0.37467031073702445,-0.0060660649745283065,-0.0063315451630574695,73.08,-94371.83999999985,8.64,94371.84000000008,1.0,-0.17303994872890627,16.47,0.0,-0.403694,-0.908154,-0.90474325,0.1788917988538742,0.027553796768188477,0.028577023744583128
0.3638005332422281,-0.01894400300027528,-0.009543175680530383,72.36,-97416.09290322565,9.36,97416.09290322565,1.0,-0.17303994872890627,16.475,0.0,-0.403694,-0.908154,-0.90474325,0.1788917988538742,0.027553796768188477,0.028577023744583128
0.35230208899005155,-0.004445048692727517,-0.005747312730659267,71.46,-121770.11612903302,10.08,97416.09290322589,1.0,-0.24933622241889708,16.48,0.0,-0.07439415,-0.81169236,-0.3691914,0.27768175452947613,0.05649229288101196,0.18924257755279542
0.3429674425309706,-0.004839140710158587,-0.007125931307749037,70.56,-107853.53142857041,10.799999999999999,86282.82514285701,1.0,-0.06622516556291913,16.485,0.0,-0.07439415,-0.81169236,-0.3691914,0.27768175452947613,0.05649229288101196,0.18924257755279542
0.3354161131994408,-0.007156644547073324,-0.008585472763044078,69.66,-50331.64800000032,11.7,50331.64800000002,1.0,-0.21881771294290076,16.490000000000002,0.0,-0.07439415,-0.81169236,-0.3691914,0.27768175452947613,0.05649229288101196,0.18924257755279542
0.32682683149218344,-0.013175392735796683,0.005825914055394537,68.58,-137268.1309090907,12.6,114390.10909090913,1.0,-0.05096591082492097,16.495,0.0,-0.07439415,-0.81169236,-0.3691914,0.27768175452947613,0.05649229288101196,0.18924257755279542
0.3194457825914322,-0.020628521368832087,-0.005814770023529678,67.5,-150994.94399999976,13.68,150994.94400000002,1.0,-0.1577806939909081,16.5,0.0,-0.2630035,-0.8911021,-0.56212837,0.22109895050525666,0.03266937732696533,0.13136149048805237
0.31375379421374694,-0.0064030040513577335,-0.013493137741690572,66.24,-30.831474476401734,14.76,26.426978122629954,1.0,-0.08148442030091729,16.505,0.0,-0.2630035,-0.8911021,-0.56212837,0.22109895050525666,0.03266937732696533,0.13136149048805237
0.3076373248796911,0.010511582813271537,0.004987828418496885,64.98,-103623.98117646984,15.84,88820.55529411766,1.0,-0.3256324961088879,16.51,0.0,-0.2630035,-0.8911021,-0.56212837,0.22109895050525666,0.03266937732696533,0.13136149048805237
0.29957699110221553,-0.005746026649624992,0.015011434789898359,63.54,-194832.18580645227,16.919999999999998,146124.13935483847,1.0,0.14740440076905514,16.515,0.0,-0.2630035,-0.8911021,-0.56212837,0.22109895050525666,0.03266937732696533,0.13136149048805237
0.29280658536131965,0.012914672313250043,0.021646989103787255,62.099999999999994,-194832.18580645227,18.18,170478.16258064538,1.0,-0.06622516556291913,16.52,0.0,0.08427281,-0.79921615,0.5268198,0.3252818427979946,0.06023515462875366,0.4580459475517273
0.2868353970748837,0.03685456871911508,0.029175699915637742,60.48,-226492.41599999965,19.439999999999998,176160.76799999972,1.0,-0.05096591082492097,16.525,0.0,0.08427281,-0.79921615,0.5268198,0.3252818427979946,0.06023515462875366,0.4580459475517273
0.2797700035671718,0.02951290913386736,0.028444056259896836,58.86,-199846.24941176438,20.7,155435.97176470608,1.0,-0.06622516556291913,16.53,0.0,0.08427281,-0.79921615,0.5268198,0.3252818427979946,0.06023515462875366,0.4580459475517273
0.2738083005517389,0.03930308658008435,0.043429656251654514,57.059999999999995,-235929.60000000056,21.96,165150.7200000002,1.0,-0.14252143925290994,16.535,0.0,0.08427281,-0.79921615,0.5268198,0.3252818427979946,0.06023515462875366,0.4580459475517273
0.26839278807006306,0.04992290953027995,0.031597701622136064,55.26,-243540.23225806412,23.4,194832.1858064513,1.0,0.0863673818170625,16.54,0.0,-0.1840775,-0.6845547,-0.30884495,0.24477674961090087,0.09463359117507934,0.20734651386737823
0.2627626553735959,0.05610496482527995,0.03646584900560411,53.28,-44.9224415258454,24.66,28.58700824371988,1.0,-0.3256324961088879,16.545,0.0,-0.1840775,-0.6845547,-0.30884495,0.24477674961090087,0.09463359117507934,0.20734651386737823
0.2586066895936379,0.03926783608237127,0.04490379167603844,51.3,-156692.86641509464,26.099999999999998,113958.44830188662,1.0,0.010071108127071682,16.55,0.0,-0.1840775,-0.6845547,-0.30884495,0.24477674961090087,0.09463359117507934,0.20734651386737823
0.25558290161792885,0.03386810905173283,0.06492694326109406,49.32,-251658.2399999996,27.36,160146.1527272729,1.0,-0.2035584582049026,16.555,0.0,-0.1840775,-0.6845547,-0.30884495,0.24477674961090087,0.09463359117507934,0.20734651386737823
0.2548909311543609,0.04569191633006537,0.0702302908983678,47.16,-110484.10536585384,28.619999999999997,64449.06146341453,1.0,-0.23407696768089892,16.56,0.0,0.61001503,-0.35535517,0.39865652,0.48300451040267944,0.19339344799518585,0.41959695518016815
0.2547593597591715,0.0422411899883861,0.07291463114758558,45.18,-251658.2399999996,29.52,114390.10909090936,1.0,-0.05096591082492097,16.565,0.0,0.61001503,-0.35535517,0.39865652,0.48300451040267944,0.19339344799518585,0.41959695518016815
0.25535047061971433,0.04392585139169364,0.07970130868013098,43.019999999999996,-258848.47542857187,30.06,64712.118857142756,1.0,-0.06622516556291913,16.57,0.0,0.61001503,-0.35535517,0.39865652,0.48300451040267944,0.19339344799518585,0.41959695518016815
0.2560989571830328,0.05140308124967222,0.0955062912155778,41.04,-259522.5599999996,30.419999999999998,47185.919999999925,1.0,-0.23407696768089892,16.575,0.0,0.61001503,-0.35535517,0.39865652,0.48300451040267944,0.19339344799518585,0.41959695518016815
0.25750918184543614,0.03818717801403079,0.10299253075928774,39.24,-235929.59999999963,30.24,-23592.959999999963,1.0,0.010071108127071682,16.580000000000002,0.0,0.0532058,0.0030482784,-0.59069616,0.31596173979341985,0.30091448351740835,0.12279115319252014
0.2586571822092196,0.041930306372568865,0.10582116470061319,37.44,-251658.2400000006,29.7,-75497.47199999988,1.0,-0.05096591082492097,16.585,0.0,0.0532058,0.0030482784,-0.59069616,0.31596173979341985,0.30091448351740835,0.12279115319252014
0.2608193799560849,0.03729841118283158,0.1102506094650221,36.0,-35.19654642719776,28.799999999999997,-21.997841516998687,1.0,0.025330362865069844,16.59,0.0,0.0532058,0.0030482784,-0.59069616,0.31596173979341985,0.30091448351740835,0.12279115319252014
0.2625409754236789,0.03397913503200312,0.12293625866096347,34.56,-116149.95692307674,27.54,-101631.21230769214,1.0,-0.2035584582049026,16.595,0.0,0.0532058,0.0030482784,-0.59069616,0.31596173979341985,0.30091448351740835,0.12279115319252014
0.2641320995018454,0.025510281475138778,0.14327090471574244,33.3,-150994.9440000006,25.74,-215707.06285714294,1.0,-0.09674367503891546,16.6,0.0,0.72960436,-0.20401564,-1.715561,0.5188813090324401,0.2387953072786331,0.0
0.26608184011870345,0.038227227184947705,0.16027282034773682,32.4,-47783.210126582206,23.22,-133792.98835443036,1.0,-0.21881771294290076,16.605,0.0,0.72960436,-0.20401564,-1.715561,0.5188813090324401,0.2387953072786331,0.0
0.2673216987774613,0.05045556943665486,0.1756345363693459,31.68,-75497.47199999988,20.52,-283115.5199999999,1.0,-0.035706656086922806,16.61,0.0,0.72960436,-0.20401564,-1.715561,0.5188813090324401,0.2387953072786331,0.0
0.2686662302168987,0.05182657775648187,0.1873867422759039,31.14,-35389.439999999944,17.28,-212336.6399999999,1.0,-0.005188146610926481,16.615000000000002,0.0,0.72960436,-0.20401564,-1.715561,0.5188813090324401,0.2387953072786331,0.0
0.2700961187314739,0.0647059746237513,0.19418463618364254,30.959999999999997,-22205.138823529815,13.5,-466307.91529411776,1.0,-0.05096591082492097,16.62,0.0,0.80976605,-0.63451564,-1.4655062,0.5429298162460326,0.1096453070640564,0.0
0.2710653681486189,0.06188794705714453,0.20150980125023754,30.959999999999997,0.0,9.54,-553648.1280000001,1.0,-0.1577806939909081,16.625,0.0,0.80976605,-0.63451564,-1.4655062,0.5429298162460326,0.1096453070640564,0.0
0.2718856699931059,0.08615185134365848,0.2109604309999835,30.959999999999997,0.0,5.22,-97.1736811395229,1.0,-0.14252143925290994,16.63,0.0,0.80976605,-0.63451564,-1.4655062,0.5429298162460326,0.1096453070640564,0.0
0.27239620286595256,0.09792190992877522,0.21816861288604308,31.32,14380.470857142976,1.26,-158185.17942857143,1.0,-0.31037324137088973,16.635,0.0,0.80976605,-0.63451564,-1.4655062,0.5429298162460326,0.1096453070640564,0.0
0.27414480020807447,0.10623244228627694,0.22624205341769613,29.7,-150994.9440000001,2.16,83886.08000000002,1.0,0.2084414197210478,16.64,0.0,1.0052922,-0.8544322,-1.6345285,0.6,0.04367033243179321,0.0
0.27614643022474233,0.10144189687815641,0.23855129082332033,28.439999999999998,-150994.9440000002,3.78,194136.35657142854,1.0,-0.21881771294290076,16.645,0.0,1.0052922,-0.8544322,-1.6345285,0.6,0.04367033243179321,0.0
0.27742553298597766,0.12638692605380472,0.2513606954512865,27.54,-121770.11612903206,4.859999999999999,146124.13935483867,1.0,-0.524002807702864,16.65,0.0,1.0052922,-0.8544322,-1.6345285,0.6,0.04367033243179321,0.0
0.280066521009329,0.12927768315811342,0.2585976263535786,26.82,-88820.55529411751,5.3999999999999995,66615.41647058824,1.0,0.31525620288703493,16.655,0.0,1.0052922,-0.8544322,-1.6345285,0.6,0.04367033243179321,0.0
0.28126565606733905,0.14772932923332321,0.2600995727847067,26.64,-22205.138823529378,5.22,-22205.138823529378,1.0,0.07110812707906433,16.66,0.0,0.8273709,-0.62644386,-1.4372001,0.5482112646102905,0.11206684112548827,0.0
0.28219312631458987,0.14500422418223463,0.2621233128107922,26.82,22205.138823529378,4.5,-88820.55529411761,1.0,-0.14252143925290994,16.665,0.0,0.8273709,-0.62644386,-1.4372001,0.5482112646102905,0.11206684112548827,0.0
0.28592962073530914,0.15729851709959805,0.2624375178827341,27.0,4314.14125714285,3.2399999999999998,-30198.988800000006,1.0,0.07110812707906433,16.67,0.0,0.8273709,-0.62644386,-1.4372001,0.5482112646102905,0.11206684112548827,0.0
0.29867654089896767,0.1745600586423321,0.2608042686930827,27.9,22.048207464517226,1.6199999999999999,-39.68677343613106,1.0,-0.26459547715689524,16.675,0.0,0.8273709,-0.62644386,-1.4372001,0.5482112646102905,0.11206684112548827,0.0
0.3115227628251345,0.1802313435661182,0.2594388557127138,27.9,0.0,1.7999999999999998,13245.170526315786,1.0,0.2847376934110386,16.68,0.0,1.2252771,-0.23755705,-0.58084995,0.6,0.2287328839302063,0.12574501633644103
0.32191085915771506,0.1891768815498903,0.2558988914119214,28.619999999999997,91512.08727272713,2.16,45756.043636363676,1.0,-0.18829920346690443,16.685,0.0,1.2252771,-0.23755705,-0.58084995,0.6,0.2287328839302063,0.12574501633644103
0.3341968022865106,0.19735754378550963,0.24473857148305955,29.52,107853.53142857169,1.98,-21570.706285714306,1.0,0.04058961760306801,16.69,0.0,1.2252771,-0.23755705,-0.58084995,0.6,0.2287328839302063,0.12574501633644103
0.3464976095050535,0.19267841830597604,0.22967377204967102,30.779999999999998,176160.76799999972,1.6199999999999999,-50331.648000000016,1.0,0.010071108127071682,16.695,0.0,1.2252771,-0.23755705,-0.58084995,0.6,0.2287328839302063,0.12574501633644103
0.35542559114042643,0.1950227812030952,0.21137420572230947,32.04,160146.1527272729,1.6199999999999999,0.0,1.0,-0.12726218451491178,16.7,0.0,1.5050019,0.2609429,0.26416117,0.6,0.37828287184238435,0.37924835085868835
0.3666696688393513,0.1979318499836238,0.19244967861464837,33.839999999999996,243540.23225806412,1.6199999999999999,0.0,1.0,-0.2035584582049026,16.705000000000002,0.0,1.5050019,0.2609429,0.26416117,0.6,0.37828287184238435,0.37924835085868835
0.376961216049558,0.1901960652607449,0.17321174221416175,35.46,219186.2090322587,1.6199999999999999,0.0,1.0,-0.17303994872890627,16.71,0.0,1.5050019,0.2609429,0.26416117,0.6,0.37828287184238435,0.37924835085868835
0.38464891661781814,0.19338619878920266,0.15490625075516654,37.44,45.66747640938778,1.6199999999999999,0.0,1.0,-0.31037324137088973,16.715,0.0,1.5050019,0.2609429,0.26416117,0.6,0.37828287184238435,0.37924835085868835
0.3930038174106988,0.19207234483200566,0.13788972810571126,39.6,107853.53142857162,1.6199999999999999,0.0,1.0,-0.1577806939909081,16.72,0.0,1.536248,0.45770666,0.5638192,0.6,0.4373119980096817,0.4691457688808441
0.40210234993098404,0.18881357866302736,0.12311001836691543,42.12,240219.22909090872,1.6199999999999999,0.0,1.0,-0.21881771294290076,16.725,0.0,1.536248,0.45770666,0.5638192,0.6,0.4373119980096817,0.4691457688808441
0.40931039041060635,0.19608131703027562,0.10901006086627207,44.64,271016.5661538465,1.6199999999999999,0.0,1.0,-0.18829920346690443,16.73,0.0,1.536248,0.45770666,0.5638192,0.6,0.4373119980096817,0.4691457688808441
0.41603664441268423,0.19123736303963526,0.09631993092149385,47.339999999999996,365310.3483870962,1.6199999999999999,0.0,1.0,0.05584887234106617,16.735,0.0,1.536248,0.45770666,0.5638192,0.6,0.4373119980096817,0.4691457688808441
0.4226161154620201,0.18932832240288253,0.08499444740361319,50.04,353894.4000000004,1.6199999999999999,0.0,1.0,-0.18829920346690443,16.740000000000002,0.0,1.0049399,-0.22469592,0.8251643,0.6,0.23259122371673582,0.547549295425415
0.4269615250300023,0.18276307805298275,0.07640423423451123,52.919999999999995,317884.09263157845,1.7999999999999998,19867.75578947368,1.0,-0.24933622241889708,16.745,0.0,1.0049399,-0.22469592,0.8251643,0.6,0.23259122371673582,0.547549295425415
0.431701463229795,0.1883698228328234,0.06932209742612583,55.8,377487.36000000034,1.7999999999999998,0.0,1.0,-0.1577806939909081,16.75,0.0,1.0049399,-0.22469592,0.8251643,0.6,0.23259122371673582,0.547549295425415
0.43750846115720937,0.18089954122631852,0.066897814400617,58.86,401080.3200000003,1.7999999999999998,0.0,1.0,-0.23407696768089892,16.755,0.0,1.0049399,-0.22469592,0.8251643,0.6,0.23259122371673582,0.547549295425415
0.4421660045030516,0.1780669082468657,0.06684509067872392,61.739999999999995,68.55188109709371,1.7999999999999998,0.0,1.0,-0.14252143925290994,16.76,0.0,0.69585097,-0.77958786,-0.08165879,0.5087552905082703,0.06612364053726195,0.2755023635923862
0.446436657970991,0.16919546465032556,0.06547688319990913,64.44,188743.6800000002,1.98,12582.912000000011,1.0,-0.14252143925290994,16.765,0.0,0.69585097,-0.77958786,-0.08165879,0.5087552905082703,0.06612364053726195,0.2755023635923862
0.45181368913571796,0.17643218794316093,0.06874743497953208,67.14,143349.630379747,2.16,9556.642025316463,1.0,-0.43244727927487503,16.77,0.0,0.69585097,-0.77958786,-0.08165879,0.5087552905082703,0.06612364053726195,0.2755023635923862
0.45629930039098415,0.1842196360390924,0.08016959681367904,69.66,310871.9435294113,2.6999999999999997,66615.41647058818,1.0,-0.005188146610926481,16.775,0.0,0.69585097,-0.77958786,-0.08165879,0.5087552905082703,0.06612364053726195,0.2755023635923862
0.46048692923624107,0.19166603814733543,0.09060432622473714,71.64,153791.146666667,3.5999999999999996,69905.06666666667,1.0,-0.08148442030091729,16.78,0.0,0.61589634,-1.0961496,0.899122,0.4847689032554626,0.0,0.5697365999221802
0.46498742122930214,0.19803818543930704,0.10517608310277554,73.44,228780.21818181782,5.22,205902.19636363638,1.0,-0.14252143925290994,16.785,0.0,0.61589634,-1.0961496,0.899122,0.4847689032554626,0.0,0.5697365999221802
0.46821284637060195,0.20044544621387028,0.12436332830827558,74.52,137268.1309090907,7.38,274536.26181818184,1.0,-0.035706656086922806,16.79,0.0,0.61589634,-1.0961496,0.899122,0.4847689032554626,0.0,0.5697365999221802
0.4713857357161228,0.22827505501882123,0.14086883951466833,75.06,68634.06545454625,10.26,366048.34909090906,1.0,-0.1577806939909081,16.795,0.0,0.61589634,-1.0961496,0.899122,0.4847689032554626,0.0,0.5697365999221802
0.4739989188525375,0.25035363864191523,0.15592693608270686,75.06,0.0,14.04,87.93675396851808,1.0,-0.12726218451491178,16.8,0.0,0.25332397,-1.0424888,0.60397625,0.37599719166755674,0.0,0.48119287490844725
0.47596361956375394,0.26448787721231426,0.17521065671270417,74.7,-26033.611034482718,18.36,312403.33241379313,1.0,-0.24933622241889708,16.805,0.0,0.25332397,-1.0424888,0.60397625,0.37599719166755674,0.0,0.48119287490844725
0.47704628902819174,0.26645678733899847,0.1921326132156262,73.8,-114390.10909090981,22.68,549072.5236363637,1.0,-0.11200292977691362,16.81,0.0,0.25332397,-1.0424888,0.60397625,0.37599719166755674,0.0,0.48119287490844725
0.47829592045792885,0.26830376910656056,0.20592972625033526,72.89999999999999,-121770.11612903302,26.64,535788.5109677421,1.0,-0.26459547715689524,16.815,0.0,0.25332397,-1.0424888,0.60397625,0.37599719166755674,0.0,0.48119287490844725
0.47926685008145653,0.26253411015872036,0.22289463685424407,72.0,-53167.2338028164,30.06,202035.4884507041,1.0,0.010071108127071682,16.82,0.0,-0.5102768,-0.120728806,0.94100773,0.14691696166992188,0.26378135830163957,0.5823023200035095
0.4802157007591418,0.26726770519756693,0.23930326455644463,71.28,-97416.09290322565,32.22,292248.27870967746,1.0,-0.08148442030091729,16.825,0.0,-0.5102768,-0.120728806,0.94100773,0.14691696166992188,0.26378135830163957,0.5823023200035095
0.4806983797891735,0.26880832517783926,0.25157113517165347,71.1,-22205.138823530255,32.76,66615.41647058813,1.0,-0.08148442030091729,16.830000000000002,0.0,-0.5102768,-0.120728806,0.94100773,0.14691696166992188,0.26378135830163957,0.5823023200035095
0.48073294907049036,0.2699192406696363,0.26097308065185304,71.1,0.0,31.86,-114390.10909090891,1.0,-0.005188146610926481,16.835,0.0,-0.5102768,-0.120728806,0.94100773,0.14691696166992188,0.26378135830163957,0.5823023200035095
0.48084257740712905,0.2684192229305363,0.26545660444385794,71.1,0.0,30.24,-128203.25433962273,1.0,0.11688589129305882,16.84,0.0,-0.03406261,0.16149557,0.67551297,0.28978121727705003,0.3484486699104309,0.5026538908481598
0.4804831396582004,0.2657658179202669,0.2680356304428952,71.28,4.087506537522556,28.08,-49.05007845026881,1.0,-0.12726218451491178,16.845,0.0,-0.03406261,0.16149557,0.67551297,0.28978121727705003,0.3484486699104309,0.5026538908481598
0.4805681539367219,0.265443794708409,0.2762856069711148,71.28,0.0,25.56,-220200.95999999996,1.0,-0.08148442030091729,16.85,0.0,-0.03406261,0.16149557,0.67551297,0.28978121727705003,0.3484486699104309,0.5026538908481598
0.4802398146339096,0.2611512009783182,0.2890810155819655,71.28,0.0,22.86,-377487.3599999999,1.0,-0.06622516556291913,16.855,0.0,-0.03406261,0.16149557,0.67551297,0.28978121727705003,0.3484486699104309,0.5026538908481598
0.48006778862659033,0.24860168871842303,0.29969570831358466,71.28,0.0,19.62,-438372.4180645159,1.0,-0.020447401348924643,16.86,0.0,0.21038851,0.084105894,-0.17301762,0.36311655342578886,0.32523176819086075,0.2480947136878967
0.48014997695730083,0.2403911532685736,0.31048843249879565,71.28,0.0,16.2,-478150.65600000025,1.0,-0.05096591082492097,16.865000000000002,0.0,0.21038851,0.084105894,-0.17301762,0.36311655342578886,0.32523176819086075,0.2480947136878967
0.47972542948487357,0.22949587448621123,0.3237461285111578,71.1,-22205.138823530255,12.42,-466307.9152941176,1.0,-0.06622516556291913,16.87,0.0,0.21038851,0.084105894,-0.17301762,0.36311655342578886,0.32523176819086075,0.2480947136878967
0.4789701057381416,0.20603762879199697,0.3347498866886913,71.1,0.0,8.459999999999999,-519045.1200000001,1.0,-0.2035584582049026,16.875,0.0,0.21038851,0.084105894,-0.17301762,0.36311655342578886,0.32523176819086075,0.2480947136878967
0.47798585034878405,0.19021902683772188,0.34525399934931233,71.1,0.0,4.14,-244856.66594594592,1.0,-0.1577806939909081,16.88,0.0,0.020259116,0.080768056,-0.39709634,0.3060777347534895,0.3242304168641567,0.18087109923362732
0.4775347982268435,0.16649496672776684,0.3552603784924142,70.74,-48708.04645161283,1.08,-414018.3948387096,1.0,-0.11200292977691362,16.885,0.0,0.020259116,0.080768056,-0.39709634,0.3060777347534895,0.3242304168641567,0.18087109923362732
0.4769913667044225,0.15162187525544576,0.36427577769581476,68.94,-43.80524984334015,2.52,35.044199874672174,1.0,-0.2798547318948934,16.89,0.0,0.020259116,0.080768056,-0.39709634,0.3060777347534895,0.3242304168641567,0.18087109923362732
0.4760478242240524,0.144713027576084,0.3728653228259368,67.32,-52672.65488372108,3.78,40967.62046511627,1.0,-0.005188146610926481,16.895,0.0,0.020259116,0.080768056,-0.39709634,0.3060777347534895,0.3242304168641567,0.18087109923362732
0.47625511165757717,0.14600939565035004,0.383937318315021,66.24,-107853.53142857125,3.5999999999999996,-17975.588571428587,1.0,-0.2035584582049026,16.9,0.0,0.29442468,-0.974121,-1.0419354,0.3883274048566818,0.007763707637786865,0.0
0.47678204481285635,0.14198139458074363,0.3931800550632716,65.52,-83886.07999999987,2.34,-146800.63999999998,1.0,0.17792291024505147,16.905,0.0,0.29442468,-0.974121,-1.0419354,0.3883274048566818,0.007763707637786865,0.0
0.4739075395600592,0.14823065147278103,0.4001515678742588,64.8,-94371.83999999985,1.44,-117964.79999999999,1.0,0.2542191839350423,16.91,0.0,0.29442468,-0.974121,-1.0419354,0.3883274048566818,0.007763707637786865,0.0
0.4682806966509574,0.1369853279262038,0.4079122902165034,63.9,-107853.53142857125,1.7999999999999998,43141.412571428555,1.0,-0.3256324961088879,16.915,0.0,0.29442468,-0.974121,-1.0419354,0.3883274048566818,0.007763707637786865,0.0
0.4619042095456784,0.13728869235300306,0.41484628180382366,63.18,-94371.83999999985,1.6199999999999999,-23592.959999999992,1.0,-0.005188146610926481,16.92,0.0,-0.046064198,-0.72990835,-1.6438563,0.28618074059486387,0.08102749586105347,0.0
0.4516785684112938,0.1501083767198872,0.41751445500771034,62.46,-94371.83999999985,1.6199999999999999,0.0,1.0,-0.11200292977691362,16.925,0.0,-0.046064198,-0.72990835,-1.6438563,0.28618074059486387,0.08102749586105347,0.0
0.4378887640301964,0.16349171249326194,0.41759784464498906,61.739999999999995,-16.181034763599087,1.6199999999999999,0.0,1.0,-0.17303994872890627,16.93,0.0,-0.046064198,-0.72990835,-1.6438563,0.28618074059486387,0.08102749586105347,0.0
0.42740689084538935,0.1894825232450197,0.41809576622933353,61.199999999999996,-25448.58606741569,1.6199999999999999,0.0,1.0,-0.020447401348924643,16.935,0.0,-0.046064198,-0.72990835,-1.6438563,0.28618074059486387,0.08102749586105347,0.0
0.41715903178061636,0.19629106866027507,0.41759890898000646,60.48,-81618.88864864851,1.6199999999999999,0.0,1.0,-0.020447401348924643,16.94,0.0,0.7789688,-0.4181611,-1.2505387,0.5336906433105468,0.17455167174339295,0.0
0.40793998195339687,0.21018532203545504,0.41532570010724257,59.94,-68634.06545454534,1.6199999999999999,0.0,1.0,-0.2798547318948934,16.945,0.0,0.7789688,-0.4181611,-1.2505387,0.5336906433105468,0.17455167174339295,0.0
0.4011309606254449,0.21556011691974217,0.4148699251817324,59.22,-100663.29599999984,1.6199999999999999,0.0,1.0,0.025330362865069844,16.95,0.0,0.7789688,-0.4181611,-1.2505387,0.5336906433105468,0.17455167174339295,0.0
0.39516717057502276,0.22987645821242308,0.4139282628304217,58.5,-21883.32521739127,1.6199999999999999,0.0,1.0,-0.21881771294290076,16.955000000000002,0.0,0.7789688,-0.4181611,-1.2505387,0.5336906433105468,0.17455167174339295,0.0
0.38603101899988035,0.2348687494894093,0.41101424003836834,57.96,-61214.16648648639,1.6199999999999999,0.0,1.0,-0.11200292977691362,16.96,0.0,0.6021528,0.28980792,-0.4633625,0.4806458473205566,0.3869423747062683,0.16099125444889067
0.3789704729350123,0.2418405969658682,0.40761176208485955,57.239999999999995,-91512.08727272804,1.6199999999999999,0.0,1.0,-0.14252143925290994,16.965,0.0,0.6021528,0.28980792,-0.4633625,0.4806458473205566,0.3869423747062683,0.16099125444889067
0.37504229652146304,0.24474924939947318,0.4040215390947125,56.519999999999996,-91512.08727272713,1.6199999999999999,0.0,1.0,-0.23407696768089892,16.97,0.0,0.6021528,0.28980792,-0.4633625,0.4806458473205566,0.3869423747062683,0.16099125444889067
0.3730498160230061,0.23757785169023043,0.39522821615780346,55.98,-13.107351705459534,1.6199999999999999,0.0,1.0,-0.1577806939909081,16.975,0.0,0.6021528,0.28980792,-0.4633625,0.4806458473205566,0.3869423747062683,0.16099125444889067
0.37253566901720764,0.23583726194755192,0.3786375208370327,55.26,-25592.36338983047,1.6199999999999999,0.0,1.0,-0.05096591082492097,16.98,0.0,0.15003595,0.8680264,0.33631998,0.3450107842683792,0.5604079127311706,0.4008959949016571
0.3719586962253461,0.2305519947570544,0.3559386021873757,54.72,-17834.04850393698,1.7999999999999998,5944.682834645667,1.0,-0.24933622241889708,16.985,0.0,0.15003595,0.8680264,0.33631998,0.3450107842683792,0.5604079127311706,0.4008959949016571
0.36871231472612703,0.24257262158069326,0.33168528403981645,54.0,-81618.88864864851,1.7999999999999998,0.0,1.0,-0.11200292977691362,16.990000000000002,0.0,0.15003595,0.8680264,0.33631998,0.3450107842683792,0.5604079127311706,0.4008959949016571
0.3650757263575073,0.24324711283187822,0.30553907801423125,53.46,-66615.41647058813,1.7999999999999998,0.0,1.0,-0.18829920346690443,16.995,0.0,0.15003595,0.8680264,0.33631998,0.3450107842683792,0.5604079127311706,0.4008959949016571
0.3623536800249587,0.24917607190244126,0.28023750443670215,52.919999999999995,-62914.560000000725,1.7999999999999998,0.0,1.0,-0.18829920346690443,17.0,0.0,-0.55875075,1.0973082,0.91818887,0.13237477540969847,0.6,0.5754566609859466
0.3616474390783187,0.2408899921105575,0.25445330942346067,52.379999999999995,-64712.118857142756,1.7999999999999998,0.0,1.0,-0.12726218451491178,17.005,0.0,-0.55875075,1.0973082,0.91818887,0.13237477540969847,0.6,0.5754566609859466
0.3614803566913829,0.23981310603470393,0.23133437390079584,51.839999999999996,-73062.06967741923,1.7999999999999998,0.0,1.0,-0.005188146610926481,17.01,0.0,-0.55875075,1.0973082,0.91818887,0.13237477540969847,0.6,0.5754566609859466
0.36137798439900615,0.22844493157052398,0.20873070150910553,51.3,-12.42899955550432,1.7999999999999998,0.0,1.0,-0.24933622241889708,17.015,0.0,-0.55875075,1.0973082,0.91818887,0.13237477540969847,0.6,0.5754566609859466
0.3632449974277954,0.2362907688656502,0.18771703393673628,50.94,-18874.36799999997,1.7999999999999998,0.0,1.0,-0.08148442030091729,17.02,0.0,-0.14730941,0.82515717,-0.09541447,0.25580717772245404,0.5475471496582031,0.27137565985322
0.3655074554444969,0.23293413357138967,0.16802043139066636,50.76,-18874.36799999997,1.7999999999999998,0.0,1.0,-0.24933622241889708,17.025,0.0,-0.14730941,0.82515717,-0.09541447,0.25580717772245404,0.5475471496582031,0.27137565985322
0.36581728356800297,0.22834648834628496,0.1510253874463922,50.4,-39735.511578947306,1.7999999999999998,0.0,1.0,0.05584887234106617,17.03,0.0,-0.14730941,0.82515717,-0.09541447,0.25580717772245404,0.5475471496582031,0.27137565985322
0.36765911181105854,0.2278890419094574,0.1366403616142926,50.4,0.0,1.7999999999999998,0.0,1.0,-0.38666951506088054,17.035,0.0,-0.14730941,0.82515717,-0.09541447,0.25580717772245404,0.5475471496582031,0.27137565985322
0.36925198640576906,0.22771400859406118,0.12932009405915645,50.4,0.0,1.7999999999999998,0.0,1.0,-0.08148442030091729,17.04,0.0,-0.08402543,0.5837666,-0.42661384,0.27479237169027326,0.4751299738883972,0.17201584875583648
0.36944283835474767,0.22004722655340891,0.12583730344393024,50.4,0.0,1.7999999999999998,0.0,1.0,-0.29511398663289157,17.045,0.0,-0.08402543,0.5837666,-0.42661384,0.27479237169027326,0.4751299738883972,0.17201584875583648
0.37004577699165786,0.2290372533989101,0.12350341498460764,50.4,0.0,1.7999999999999998,0.0,1.0,-0.17303994872890627,17.05,0.0,-0.08402543,0.5837666,-0.42661384,0.27479237169027326,0.4751299738883972,0.17201584875583648
0.37042178440663265,0.2405199312770859,0.12367585780290499,50.58,24354.023225806413,1.7999999999999998,0.0,1.0,-0.12726218451491178,17.055,0.0,-0.08402543,0.5837666,-0.42661384,0.27479237169027326,0.4751299738883972,0.17201584875583648
0.3701944684100922,0.2511090873940366,0.13008310059811343,50.76,4.281261171346906,1.7999999999999998,0.0,1.0,-0.08148442030091729,17.06,0.0,0.21030277,-0.19255173,-1.4199924,0.36309083104133605,0.24223448038101195,0.0
0.37010696442530266,0.2604862228045438,0.13835894404294324,50.76,0.0,1.98,5279.543496503501,1.0,-0.08148442030091729,17.065,0.0,0.21030277,-0.19255173,-1.4199924,0.36309083104133605,0.24223448038101195,0.0
0.36873493148483927,0.27949909198175654,0.15031109688598454,50.94,19358.326153846123,2.16,19358.32615384617,1.0,-0.005188146610926481,17.07,0.0,0.21030277,-0.19255173,-1.4199924,0.36309083104133605,0.24223448038101195,0.0
0.36884351261493525,0.2958892507130979,0.16880363374126156,50.76,-20971.519999999968,2.34,20971.519999999968,1.0,-0.005188146610926481,17.075,0.0,0.21030277,-0.19255173,-1.4199924,0.36309083104133605,0.24223448038101195,0.0
0.3688709576454593,0.31534046895036966,0.18820352499034645,50.76,0.0,2.52,24354.02322580647,1.0,-0.1577806939909081,17.080000000000002,0.0,-0.32503927,-0.56861126,-0.65367544,0.2024882197380066,0.12941662073135377,0.10389736890792846
0.3672081031738475,0.3251748286891896,0.20501584335716627,50.4,-44410.277647058756,2.88,44410.27764705881,1.0,-0.26459547715689524,17.085,0.0,-0.32503927,-0.56861126,-0.65367544,0.2024882197380066,0.12941662073135377,0.10389736890792846
0.3662239985116332,0.3427099906963815,0.22302635881240174,50.22,-5807.497846153837,3.42,17422.49353846154,1.0,-0.14252143925290994,17.09,0.0,-0.32503927,-0.56861126,-0.65367544,0.2024882197380066,0.12941662073135377,0.10389736890792846
0.365356808701075,0.35414548409336954,0.23825620069991546,49.68,-70778.87999999989,3.96,70778.88,1.0,-0.31037324137088973,17.095,0.0,-0.32503927,-0.56861126,-0.65367544,0.2024882197380066,0.12941662073135377,0.10389736890792846
0.3607324512231099,0.3702167799245417,0.2497339466924655,48.96,-16.48245476724573,4.5,12.361841075434317,1.0,-0.06622516556291913,17.1,0.0,-0.20905477,-0.40862176,-1.2469538,0.23728356957435606,0.177413472533226,0.0
0.3534470298366231,0.38020240560857615,0.25787730673372034,48.059999999999995,-50331.64800000032,5.22,40265.31839999999,1.0,-0.06622516556291913,17.105,0.0,-0.20905477,-0.40862176,-1.2469538,0.23728356957435606,0.177413472533226,0.0
0.3472791314631327,0.39102849849513255,0.2630086050125623,47.16,-99338.77894736826,6.12,99338.77894736845,1.0,-0.020447401348924643,17.11,0.0,-0.20905477,-0.40862176,-1.2469538,0.23728356957435606,0.177413472533226,0.0
0.340995205224228,0.3912848047611652,0.26549068042891116,45.9,-146800.63999999978,6.84,83886.07999999997,1.0,-0.035706656086922806,17.115000000000002,0.0,-0.20905477,-0.40862176,-1.2469538,0.23728356957435606,0.177413472533226,0.0
0.3338359356486538,0.4004596556412304,0.26633240760044824,44.64,-176160.76799999972,7.56,100663.29599999996,1.0,-0.005188146610926481,17.12,0.0,0.4494562,0.14848247,-0.4253439,0.4348368555307388,0.3445447415113449,0.17239682972431183
0.3289152512142196,0.40706329237118427,0.266843109844289,43.379999999999995,-146800.6400000006,8.28,83886.07999999997,1.0,-0.08148442030091729,17.125,0.0,0.4494562,0.14848247,-0.4253439,0.4348368555307388,0.3445447415113449,0.17239682972431183
0.3262381718318533,0.4064957230807289,0.26708921083609544,41.94,-48318.38207999992,8.64,12079.59552000004,1.0,0.05584887234106617,17.13,0.0,0.4494562,0.14848247,-0.4253439,0.4348368555307388,0.3445447415113449,0.17239682972431183
0.32694901886687533,0.4118672542513931,0.2658191763856672,40.86,-137268.1309090907,8.64,0.0,1.0,-0.31037324137088973,17.135,0.0,0.4494562,0.14848247,-0.4253439,0.4348368555307388,0.3445447415113449,0.17239682972431183
0.3277971026056712,0.40398855332955447,0.2642932388396249,39.6,-170478.1625806449,8.28,-48708.04645161307,1.0,-0.09674367503891546,17.14,0.0,0.8147023,0.5032966,-0.5506133,0.5444106817245483,0.45098898410797117,0.1348160147666931
0.32788417484332255,0.3971564067792113,0.2629810349887744,38.699999999999996,-22.28733977670599,7.38,-22.28733977670584,1.0,-0.05096591082492097,17.145,0.0,0.8147023,0.5032966,-0.5506133,0.5444106817245483,0.45098898410797117,0.1348160147666931
0.32493889528350933,0.39248416263319696,0.2584578305808446,37.8,-50331.64799999992,6.4799999999999995,-50331.64800000002,1.0,-0.005188146610926481,17.150000000000002,0.0,0.8147023,0.5032966,-0.5506133,0.5444106817245483,0.45098898410797117,0.1348160147666931
0.32136475531474845,0.3926225238845207,0.2509049577602182,37.26,-61214.16648648639,5.04,-163237.77729729723,1.0,-0.11200292977691362,17.155,0.0,0.8147023,0.5032966,-0.5506133,0.5444106817245483,0.45098898410797117,0.1348160147666931
0.31816455224599016,0.3929972833848346,0.2440446743032962,36.54,-91512.08727272713,3.5999999999999996,-183024.1745454546,1.0,0.010071108127071682,17.16,0.0,0.62078786,0.2472548,0.13268465,0.4862363576889038,0.3741764411330223,0.33980539441108704
0.31095546600833335,0.38594444947747136,0.23691423031134132,36.18,-47185.919999999925,1.7999999999999998,-235929.59999999998,1.0,-0.11200292977691362,17.165,0.0,0.62078786,0.2472548,0.13268465,0.4862363576889038,0.3741764411330223,0.33980539441108704
0.30372893782982535,0.3902067228866529,0.22769370561929306,35.1,-133230.83294117625,1.7999999999999998,0.0,1.0,0.2542191839350423,17.17,0.0,0.62078786,0.2472548,0.13268465,0.4862363576889038,0.3741764411330223,0.33980539441108704
0.29842916364498157,0.38629873811198545,0.21961979777293136,34.199999999999996,-121770.11612903302,2.34,73062.06967741936,1.0,-0.41718802453687687,17.175,0.0,0.62078786,0.2472548,0.13268465,0.4862363576889038,0.3741764411330223,0.33980539441108704
0.29266795921079264,0.38194743714348106,0.2120517926473832,33.3,-130168.05517241359,2.6999999999999997,52067.2220689655,1.0,-0.12726218451491178,17.18,0.0,-0.39337745,0.40240628,0.2556615,0.1819867640733719,0.4207218825817108,0.3766984462738037
0.2871199708847609,0.37658071314490715,0.2015428370904647,32.4,-20.129867858323614,2.88,4.025973571664733,1.0,0.05584887234106617,17.185,0.0,-0.39337745,0.40240628,0.2556615,0.1819867640733719,0.4207218825817108,0.3766984462738037
0.28319045022952655,0.37951797334839465,0.18965654818465422,32.04,-22205.138823529378,2.6999999999999997,-11102.569411764716,1.0,-0.09674367503891546,17.19,0.0,-0.39337745,0.40240628,0.2556615,0.1819867640733719,0.4207218825817108,0.3766984462738037
0.2820818907743259,0.37081168214542276,0.17788664153789827,31.68,-13362.38442477874,2.16,-20043.576637168127,1.0,-0.23407696768089892,17.195,0.0,-0.39337745,0.40240628,0.2556615,0.1819867640733719,0.4207218825817108,0.3766984462738037
0.2825032290791262,0.35067344328920536,0.16927040953723163,31.5,-22205.138823529378,1.6199999999999999,-66615.41647058827,1.0,-0.14252143925290994,17.2,0.0,0.67294407,-0.30872062,-0.43152228,0.5018832206726074,0.20738381445407866,0.17054331600666045
0.28274092250098026,0.35337326344440534,0.163197840965312,30.959999999999997,-70778.88000000035,1.7999999999999998,23592.959999999992,1.0,-0.18829920346690443,17.205000000000002,0.0,0.67294407,-0.30872062,-0.43152228,0.5018832206726074,0.20738381445407866,0.17054331600666045
0.2837107505772147,0.3475981894980095,0.15956358121549216,30.959999999999997,0.0,1.7999999999999998,0.0,1.0,-0.06622516556291913,17.21,0.0,0.67294407,-0.30872062,-0.43152228,0.5018832206726074,0.20738381445407866,0.17054331600666045
0.2863988575681925,0.3484768596867227,0.1566311534162459,30.959999999999997,0.0,1.7999999999999998,0.0,1.0,-0.06622516556291913,17.215,0.0,0.67294407,-0.30872062,-0.43152228,0.5018832206726074,0.20738381445407866,0.17054331600666045
0.2884208123957676,0.35008116586557886,0.15474982751018201,30.959999999999997,0.0,1.7999999999999998,0.0,1.0,-0.12726218451491178,17.22,0.0,0.6876687,-0.60025465,-0.46906206,0.5063006043434143,0.11992360353469848,0.15928138196468353
0.2916295801049177,0.35031923177943114,0.15330056237246178,31.14,25165.824000000455,1.7999999999999998,0.0,1.0,-0.005188146610926481,17.225,0.0,0.6876687,-0.60025465,-0.46906206,0.5063006043434143,0.11992360353469848,0.15928138196468353
0.3021811431845106,0.34214773877632937,0.15396409638816025,31.68,13.383545428760497,1.7999999999999998,0.0,1.0,-0.08148442030091729,17.23,0.0,0.6876687,-0.60025465,-0.46906206,0.5063006043434143,0.11992360353469848,0.15928138196468353
0.3195812568319658,0.3465415325710083,0.15504478106646055,32.22,24889.276483516445,1.7999999999999998,0.0,1.0,0.010071108127071682,17.235,0.0,0.6876687,-0.60025465,-0.46906206,0.5063006043434143,0.11992360353469848,0.15928138196468353
0.33269552247604495,0.34678277059571816,0.1551552197777634,32.94,71902.35428571417,1.7999999999999998,0.0,1.0,-0.14252143925290994,17.240000000000002,0.0,0.0024016649,-0.13007803,0.42474622,0.30072049945592877,0.2609765902161598,0.4274238646030426
0.3440818652725134,0.33860755054586783,0.15865400080393596,33.66,19609.732987012954,1.7999999999999998,0.0,1.0,-0.17303994872890627,17.245,0.0,0.0024016649,-0.13007803,0.42474622,0.30072049945592877,0.2609765902161598,0.4274238646030426
0.3529014125575036,0.34641377184126676,0.17164926249970527,34.74,74259.80852459054,1.7999999999999998,0.0,1.0,-0.08148442030091729,17.25,0.0,0.0024016649,-0.13007803,0.42474622,0.30072049945592877,0.2609765902161598,0.4274238646030426
0.35782013772689286,0.3545905317747974,0.18673036959842976,35.82,125829.1199999998,1.7999999999999998,0.0,1.0,-0.035706656086922806,17.255,0.0,0.0024016649,-0.13007803,0.42474622,0.30072049945592877,0.2609765902161598,0.4274238646030426
0.35864683687890886,0.36120935075075566,0.20004858823642205,37.08,155435.97176470564,1.7999999999999998,0.0,1.0,-0.24933622241889708,17.26,0.0,-0.3269434,0.5683672,0.9277554,0.2019169807434082,0.4705101549625397,0.5783266246318817
0.3579987918793168,0.35256642225713586,0.21621668255143098,38.339999999999996,165150.71999999974,1.7999999999999998,0.0,1.0,0.025330362865069844,17.265,0.0,-0.3269434,0.5683672,0.9277554,0.2019169807434082,0.4705101549625397,0.5783266246318817
0.3573428253795975,0.3586547758207408,0.2310997763824649,39.6,170478.16258064585,1.7999999999999998,0.0,1.0,-0.2798547318948934,17.27,0.0,-0.3269434,0.5683672,0.9277554,0.2019169807434082,0.4705101549625397,0.5783266246318817
0.35623587252698885,0.3562145709343856,0.24005746837153022,40.68,24.329040179170814,1.98,4.054840029861812,1.0,-0.035706656086922806,17.275000000000002,0.0,-0.3269434,0.5683672,0.9277554,0.2019169807434082,0.4705101549625397,0.5783266246318817
0.3560422921785144,0.3597450859743212,0.24353086148927472,41.76,78100.83310344815,1.98,0.0,1.0,-0.1577806939909081,17.28,0.0,-0.27975288,0.95626235,1.5525273,0.21607413589954375,0.5868787050247192,0.6
0.3560418113292618,0.3594667769522655,0.24614776019406953,42.839999999999996,133230.83294117625,2.34,44410.27764705881,1.0,-0.09674367503891546,17.285,0.0,-0.27975288,0.95626235,1.5525273,0.21607413589954375,0.5868787050247192,0.6
0.3577896779709125,0.34825108094712276,0.24753042306214224,43.559999999999995,100663.29599999984,2.6999999999999997,50331.64799999998,1.0,-0.18829920346690443,17.29,0.0,-0.27975288,0.95626235,1.5525273,0.21607413589954375,0.5868787050247192,0.6
0.3662808557636726,0.3417443742971795,0.2469446323634775,44.28,104134.4441379319,3.2399999999999998,78100.83310344828,1.0,-0.020447401348924643,17.295,0.0,-0.27975288,0.95626235,1.5525273,0.21607413589954375,0.5868787050247192,0.6
0.37588902731801105,0.34502446105864504,0.24718761702452272,45.0,88820.55529411751,3.5999999999999996,44410.27764705881,1.0,-0.11200292977691362,17.3,0.0,-0.6251948,1.3431239,1.7347354,0.1124415636062622,0.6,0.6
0.38092436872822516,0.3405674849922997,0.2477214020695257,45.72,17869.224142011804,3.96,8934.612071005926,1.0,-0.18829920346690443,17.305,0.0,-0.6251948,1.3431239,1.7347354,0.1124415636062622,0.6,0.6
0.3828432271973826,0.3317381968682134,0.2485573898242183,46.26,73062.06967741923,4.32,48708.04645161294,1.0,0.07110812707906433,17.31,0.0,-0.6251948,1.3431239,1.7347354,0.1124415636062622,0.6,0.6
0.38380613111858736,0.3230365240239895,0.25120382086229,46.98,16.452552301255203,4.32,0.0,1.0,-0.05096591082492097,17.315,0.0,-0.6251948,1.3431239,1.7347354,0.1124415636062622,0.6,0.6
0.3830607662443379,0.3154088898526878,0.2539286788927263,47.699999999999996,30504.029090909044,4.5,7626.007272727261,1.0,-0.09674367503891546,17.32,0.0,-0.9452367,1.3862647,1.6184438,0.01642899513244629,0.6,0.6
0.38182379593139854,0.3093072545353479,0.25983906051070965,48.239999999999995,55242.05268292674,4.32,-18414.017560975582,1.0,-0.005188146610926481,17.325,0.0,-0.9452367,1.3862647,1.6184438,0.01642899513244629,0.6,0.6
0.3812331780454441,0.31700270072691533,0.2744525543009134,48.78,66615.416470589,4.14,-22205.138823529487,1.0,0.05584887234106617,17.330000000000002,0.0,-0.9452367,1.3862647,1.6184438,0.01642899513244629,0.6,0.6
0.3795552537356471,0.31285969102623146,0.2904222704444704,49.32,68634.06545454534,3.78,-45756.04363636362,1.0,-0.23407696768089892,17.335,0.0,-0.9452367,1.3862647,1.6184438,0.01642899513244629,0.6,0.6
0.37764555228222285,0.31489098306431224,0.30489210285159785,49.68,43141.412571428504,3.5999999999999996,-21570.706285714306,1.0,-0.21881771294290076,17.34,0.0,-1.3530952,1.1931082,1.488638,0.0,0.6,0.6
0.37685817099979674,0.30960570605831844,0.3201856007084362,49.86,21570.706285714252,3.06,-64712.11885714281,1.0,-0.08148442030091729,17.345,0.0,-1.3530952,1.1931082,1.488638,0.0,0.6,0.6
0.3760761040017818,0.305163004993656,0.3357320080976985,50.04,22205.138823529378,2.34,-88820.55529411767,1.0,-0.31037324137088973,17.35,0.0,-1.3530952,1.1931082,1.488638,0.0,0.6,0.6
0.3745750491161987,0.311141100093401,0.3484554798137326,50.22,23592.959999999963,1.6199999999999999,-94371.84,1.0,-0.23407696768089892,17.355,0.0,-1.3530952,1.1931082,1.488638,0.0,0.6,0.6
0.3740150775201037,0.32087125043176945,0.36200770490462475,49.86,-8.775714518191315,1.7999999999999998,4.387857259095663,1.0,-0.1577806939909081,17.36,0.0,-1.2198528,0.79588616,0.8509912,0.0,0.5387658476829529,0.5552973568439483
0.3740257144874975,0.3292990054584954,0.3754135069419978,49.5,-25592.36338983047,1.7999999999999998,0.0,1.0,-0.17303994872890627,17.365000000000002,0.0,-1.2198528,0.79588616,0.8509912,0.0,0.5387658476829529,0.5552973568439483
0.37286682170746244,0.3462253342798345,0.38640629957910533,48.96,-62914.5599999999,1.7999999999999998,0.0,1.0,-0.035706656086922806,17.37,0.0,-1.2198528,0.79588616,0.8509912,0.0,0.5387658476829529,0.5552973568439483
0.36623501039051926,0.3565331119520804,0.3973225099996648,48.239999999999995,-100663.29600000083,1.7999999999999998,0.0,1.0,-0.11200292977691362,17.375,0.0,-1.2198528,0.79588616,0.8509912,0.0,0.5387658476829529,0.5552973568439483
0.3565662950527025,0.3722455336265702,0.4080783194805611,47.339999999999996,-125829.1199999998,1.7999999999999998,0.0,1.0,-0.18829920346690443,17.38,0.0,-0.8912933,0.23160976,0.48046526,0.03261201381683349,0.36948292851448056,0.44413957893848416
0.3468950703882662,0.38089626193145076,0.41611342501088905,46.08,-160146.15272727248,1.7999999999999998,0.0,1.0,-0.2035584582049026,17.385,0.0,-0.8912933,0.23160976,0.48046526,0.03261201381683349,0.36948292851448056,0.44413957893848416
0.3325444342146446,0.38589623550544255,0.4229096141342954,44.82,-155435.97176470564,1.7999999999999998,0.0,1.0,-0.12726218451491178,17.39,0.0,-0.8912933,0.23160976,0.48046526,0.03261201381683349,0.36948292851448056,0.44413957893848416
0.3174008761922312,0.3969204585909894,0.4298912243998411,43.199999999999996,-219186.2090322587,1.7999999999999998,0.0,1.0,-0.2798547318948934,17.395,0.0,-0.8912933,0.23160976,0.48046526,0.03261201381683349,0.36948292851448056,0.44413957893848416
0.30462346424825554,0.39886632414413037,0.43472389402032885,41.58,-36.58473178374705,1.6199999999999999,-4.064970198194122,1.0,-0.020447401348924643,17.400000000000002,0.0,0.73645496,0.20805979,-0.6210555,0.5209364891052246,0.36241793632507324,0.11368335485458374
0.29057896668414285,0.41049367015287663,0.4391902488266901,39.6,-49432.868571428495,1.6199999999999999,0.0,1.0,-0.08148442030091729,17.405,0.0,0.73645496,0.20805979,-0.6210555,0.5209364891052246,0.36241793632507324,0.11368335485458374
0.27605087999453254,0.423519968020406,0.44375337481680566,37.44,-244856.66594594636,1.6199999999999999,0.0,1.0,-0.11200292977691362,17.41,0.0,0.73645496,0.20805979,-0.6210555,0.5209364891052246,0.36241793632507324,0.11368335485458374
0.26459311281231856,0.43031781394273755,0.44737096293512146,35.1,-175261.9885714283,1.6199999999999999,0.0,1.0,-0.2035584582049026,17.415,0.0,0.73645496,0.20805979,-0.6210555,0.5209364891052246,0.36241793632507324,0.11368335485458374
0.25191979234522593,0.4298181170003062,0.45026275923032155,32.58,-330301.4400000004,1.6199999999999999,0.0,1.0,-0.09674367503891546,17.42,8.522882461547852,1.3345667,0.15022543,-0.32933813,0.6,0.34506762921810147,0.20119855999946593
0.2375126631051784,0.4401685212430008,0.45361328243417154,30.06,-320292.3054545454,1.6199999999999999,0.0,1.0,-0.18829920346690443,17.425,8.522882461547852,1.3345667,0.15022543,-0.32933813,0.6,0.34506762921810147,0.20119855999946593
0.21978585712156803,0.4374360117018458,0.4563357947418316,27.36,-333077.0823529411,1.6199999999999999,0.0,1.0,-0.2035584582049026,17.43,8.522882461547852,1.3345667,0.15022543,-0.32933813,0.6,0.34506762921810147,0.20119855999946593
0.20184288165644632,0.4395118121904979,0.4585847025777028,24.48,-366048.34909090895,1.6199999999999999,0.0,1.0,-0.020447401348924643,17.435,8.522882461547852,1.3345667,0.15022543,-0.32933813,0.6,0.34506762921810147,0.20119855999946593
0.18306176343285274,0.43493734333221507,0.4609981913403639,21.599999999999998,-377487.36000000034,1.6199999999999999,0.0,1.0,-0.14252143925290994,17.44,20.0,0.38147655,0.37498638,-0.6090894,0.414442965388298,0.41249591410160064,0.1172731876373291
0.16590998182536412,0.4379867191270346,0.463022827238496,18.72,-69.91599104026669,1.6199999999999999,0.0,1.0,-0.005188146610926481,17.445,20.0,0.38147655,0.37498638,-0.6090894,0.414442965388298,0.41249591410160064,0.1172731876373291
0.14913912414629954,0.45032956282020115,0.4636908344240639,15.84,-232299.91384615377,1.6199999999999999,0.0,1.0,-0.18829920346690443,17.45,20.0,0.38147655,0.37498638,-0.6090894,0.414442965388298,0.41249591410160064,0.1172731876373291
0.13378402666266975,0.4566845684839332,0.46380741343236565,12.78,-388926.37090909097,1.6199999999999999,0.0,1.0,-0.035706656086922806,17.455000000000002,20.0,0.38147655,0.37498638,-0.6090894,0.414442965388298,0.41249591410160064,0.1172731876373291
0.1207521143243408,0.45548705795611116,0.46345041901566875,9.9,-129888.1238709677,1.6199999999999999,0.0,1.0,-0.2798547318948934,17.46,8.522882461547852,1.4498229,-0.2885494,0.39911744,0.6,0.21343518197536468,0.41973523199558255
0.10984568943322498,0.4674947361008942,0.46275015389795,7.02,-402653.1840000001,1.6199999999999999,0.0,1.0,-0.12726218451491178,17.465,8.522882461547852,1.4498229,-0.2885494,0.39911744,0.6,0.21343518197536468,0.41973523199558255
0.10895898030195857,0.460382346080549,0.4606299089950314,4.5,-320292.3054545454,4.68,388926.37090909085,1.0,5.320291756950599,17.47,8.522882461547852,1.4498229,-0.2885494,0.39911744,0.6,0.21343518197536468,0.41973523199558255
0.11012833688838543,0.4536930362943287,0.46060159116048016,3.06,-188743.68,7.92,424673.28,1.0,-1.7600024414807702,17.475,8.522882461547852,1.4498229,-0.2885494,0.39911744,0.6,0.21343518197536468,0.41973523199558255
0.11178281536607197,0.45317942017011387,0.4612419035158275,2.88,-13981.013333333345,7.92,0.0,1.0,3.977477340006706,17.48,0.0,1.1324681,-0.6639174,-0.8438667,0.6,0.10082477331161499,0.046839988231658934
0.1239531092235934,0.454904412672844,0.45925036213472603,3.96,25.027339388715774,5.04,-66.73957170324206,1.0,10.554216132084136,17.485,0.0,1.1324681,-0.6639174,-0.8438667,0.6,0.10082477331161499,0.046839988231658934
0.1460626836514805,0.4534004999098563,0.45370863541741174,5.76,111025.69411764704,3.2399999999999998,-111025.69411764707,1.0,2.1616260261848694,17.490000000000002,0.0,1.1324681,-0.6639174,-0.8438667,0.6,0.10082477331161499,0.046839988231658934
0.16205238742304168,0.4566662807205653,0.4480130255038901,8.1,272629.76,1.26,-230686.71999999997,1.0,-2.2635578478347096,17.495,0.0,1.1324681,-0.6639174,-0.8438667,0.6,0.10082477331161499,0.046839988231658934
0.17858758841246175,0.4504606528119367,0.43857222081423364,9.54,172565.65028571422,1.98,86282.82514285714,1.0,-0.21881771294290076,17.5,0.0,0.33573386,-0.6814494,-0.032543637,0.40072015821933743,0.09556517601013183,0.290236908942461
0.19989151860320534,0.44454190073761984,0.42301621950675716,11.7,301989.88800000004,2.16,25165.824000000022,1.0,-2.0499282815027353,17.505,0.0,0.33573386,-0.6814494,-0.032543637,0.40072015821933743,0.09556517601013183,0.290236908942461
0.2168445207642799,0.444312026702267,0.40767934470987915,13.86,283115.52,1.6199999999999999,-70778.88000000003,1.0,0.7730338450270366,17.51,0.0,0.33573386,-0.6814494,-0.032543637,0.40072015821933743,0.09556517601013183,0.290236908942461
0.2318259782486308,0.44479285688192594,0.3925566309011277,16.2,90042.85651376146,1.6199999999999999,0.0,1.0,-0.5697805719168585,17.515,0.0,0.33573386,-0.6814494,-0.032543637,0.40072015821933743,0.09556517601013183,0.290236908942461
0.2495275557807351,0.4467208937483093,0.3753410107311045,18.72,320292.3054545454,1.6199999999999999,0.0,1.0,0.8188116092410311,17.52,0.0,-0.08409007,0.3506015,0.9280586,0.2747729793190956,0.4051804482936859,0.5784175872802734
0.2632600897999104,0.44270909870429004,0.3595437702307115,21.06,316602.3019354839,1.7999999999999998,24354.023225806442,1.0,-0.4782250434888695,17.525000000000002,0.0,-0.08409007,0.3506015,0.9280586,0.2747729793190956,0.4051804482936859,0.5784175872802734
0.274341848524646,0.4469352916501937,0.34904869626303053,23.58,59.51477829017381,1.7999999999999998,0.0,1.0,-0.23407696768089892,17.53,0.0,-0.08409007,0.3506015,0.9280586,0.2747729793190956,0.4051804482936859,0.5784175872802734
0.2893584959086878,0.4592700776222985,0.3449581847894176,26.099999999999998,107853.53142857141,1.7999999999999998,0.0,1.0,0.05584887234106617,17.535,0.0,-0.08409007,0.3506015,0.9280586,0.2747729793190956,0.4051804482936859,0.5784175872802734
0.3049724174086414,0.4561540093241922,0.342331941546649,28.439999999999998,233682.6514285714,1.7999999999999998,0.0,1.0,-0.5697805719168585,17.54,0.0,-0.21316841,0.37002632,1.5574441,0.23604947626590728,0.411007896065712,0.6
0.31691079215410883,0.43031274174040196,0.3396530109825703,30.959999999999997,320292.3054545454,1.7999999999999998,0.0,1.0,0.3762932218390276,17.545,0.0,-0.21316841,0.37002632,1.5574441,0.23604947626590728,0.411007896065712,0.6
0.33138185201413206,0.42083367869523586,0.33448078304129747,33.3,327155.712,1.7999999999999998,0.0,1.0,-0.23407696768089892,17.55,0.0,-0.21316841,0.37002632,1.5574441,0.23604947626590728,0.411007896065712,0.6
0.34509606200444937,0.39810549973721765,0.32839278761132085,35.64,297414.2836363641,1.7999999999999998,0.0,1.0,0.1626636555070533,17.555,0.0,-0.21316841,0.37002632,1.5574441,0.23604947626590728,0.411007896065712,0.6
0.35608897618909546,0.3720029759685231,0.3218253996261667,38.16,310871.9435294113,1.7999999999999998,0.0,1.0,-0.5545213171788603,17.56,0.0,-0.262166,0.7024374,1.600669,0.22135020196437835,0.5107312202453613,0.6
0.3676222861846229,0.3560888086197209,0.3131159069930398,40.5,306708.48000000045,1.7999999999999998,0.0,1.0,0.3762932218390276,17.565,0.0,-0.262166,0.7024374,1.600669,0.22135020196437835,0.5107312202453613,0.6
0.37952329599182105,0.3333077405371597,0.3027097028624265,42.839999999999996,54.41289409781889,1.7999999999999998,0.0,1.0,-0.18829920346690443,17.57,0.0,-0.262166,0.7024374,1.600669,0.22135020196437835,0.5107312202453613,0.6
0.3893076296115678,0.32129135587898205,0.29377971815874065,45.18,150994.94400000022,1.7999999999999998,0.0,1.0,-0.06622516556291913,17.575,0.0,-0.262166,0.7024374,1.600669,0.22135020196437835,0.5107312202453613,0.6
0.39632328084088475,0.3074655410370665,0.28743584549722595,47.519999999999996,280419.1817142853,1.7999999999999998,0.0,1.0,-0.05096591082492097,17.580000000000002,0.0,-0.12949197,0.84511256,1.7213535,0.26115240901708603,0.5535337686538696,0.6
0.4005975866962815,0.3053609986578897,0.28334627093483367,49.68,283115.5200000005,1.7999999999999998,0.0,1.0,-0.08148442030091729,17.585,0.0,-0.12949197,0.84511256,1.7213535,0.26115240901708603,0.5535337686538696,0.6
0.4026659145476812,0.2996417317473889,0.2803998329201045,51.839999999999996,335544.3199999995,1.98,27962.02666666669,1.0,0.010071108127071682,17.59,0.0,-0.12949197,0.84511256,1.7213535,0.26115240901708603,0.5535337686538696,0.6
0.40129118902985483,0.294127336877474,0.2798573150264687,53.64,71902.35428571445,2.34,14380.470857142853,1.0,-0.24933622241889708,17.595,0.0,-0.12949197,0.84511256,1.7213535,0.26115240901708603,0.5535337686538696,0.6
0.3995182736065829,0.28923924161574543,0.28129168866368526,55.26,199846.24941176438,2.88,66615.41647058824,1.0,-0.020447401348924643,17.6,0.0,-1.3351055,1.199598,1.3054891,0.0,0.6,0.6
0.39813245307871914,0.2938243957123435,0.28163449930951723,56.519999999999996,165150.71999999974,3.5999999999999996,94371.83999999997,1.0,-0.09674367503891546,17.605,0.0,-1.3351055,1.199598,1.3054891,0.0,0.6,0.6
0.3952980124088884,0.28783806411597523,0.28236582125550913,57.419999999999995,117964.79999999981,4.68,141557.76,1.0,0.11688589129305882,17.61,0.0,-1.3351055,1.199598,1.3054891,0.0,0.6,0.6
0.3932209579461587,0.2905175945673693,0.28943769602101677,57.96,13.073155324675476,5.9399999999999995,30.504029090909086,1.0,-0.14252143925290994,17.615000000000002,0.0,-1.3351055,1.199598,1.3054891,0.0,0.6,0.6
0.39263206770458303,0.2992731748744739,0.30088602744835025,58.32,11353.00330827066,7.38,45412.01323308272,1.0,0.17792291024505147,17.62,0.0,-1.7029768,0.91927326,1.187511,0.0,0.5757819771766662,0.6
0.39069582946539205,0.30019521830424994,0.31294801582787996,58.32,0.0,8.64,160146.15272727283,1.0,-0.34089175084688605,17.625,0.0,-1.7029768,0.91927326,1.187511,0.0,0.5757819771766662,0.6
0.3896664043804493,0.30263512389341,0.32658319962382687,58.14,-25165.82399999996,9.54,125829.1199999998,1.0,0.0863673818170625,17.63,0.0,-1.7029768,0.91927326,1.187511,0.0,0.5757819771766662,0.6
0.3891460708249951,0.2974586352831913,0.3435846431183093,57.96,-26033.611034482718,9.719999999999999,26033.611034482718,1.0,-0.21881771294290076,17.635,0.0,-1.7029768,0.91927326,1.187511,0.0,0.5757819771766662,0.6
0.38781889352899807,0.30870728074439197,0.35734163761542176,57.78,-24354.023225806413,9.36,-48708.04645161283,1.0,0.10162663655506066,17.64,0.0,-1.2724836,-0.0413607,0.7233021,0.0,0.287591790407896,0.5169906377792358
0.3840795199573183,0.32106183203615757,0.3711067668243887,57.419999999999995,-44410.27764705963,8.28,-133230.8329411765,1.0,-0.035706656086922806,17.645,0.0,-1.2724836,-0.0413607,0.7233021,0.0,0.287591790407896,0.5169906377792358
0.37947180821983617,0.3302318161988781,0.3845592909785907,57.059999999999995,-50331.64799999992,6.66,-226492.41599999988,1.0,-0.1577806939909081,17.650000000000002,0.0,-1.2724836,-0.0413607,0.7233021,0.0,0.287591790407896,0.5169906377792358
0.37398345237302166,0.3468908970006646,0.39560737039470223,56.339999999999996,-16.180427884847195,4.859999999999999,-40.45106971211806,1.0,-0.020447401348924643,17.655,0.0,-1.2724836,-0.0413607,0.7233021,0.0,0.287591790407896,0.5169906377792358
0.36534308022519996,0.35335593056315956,0.40471336843661293,55.62,-62914.5599999999,2.88,-173015.03999999995,1.0,-0.06622516556291913,17.66,0.0,-0.13821507,-0.39505464,0.6203301,0.25853548049926756,0.18148360848426817,0.4860990285873413
0.3566093723146414,0.37723863364179855,0.4137499352471762,54.0,-212336.63999999966,1.44,-188743.68,1.0,-0.05096591082492097,17.665,0.0,-0.13821507,-0.39505464,0.6203301,0.25853548049926756,0.18148360848426817,0.4860990285873413
0.34985609700345666,0.3917403329236813,0.42194836624612964,51.839999999999996,-100663.29600000018,2.16,33554.43200000001,1.0,-0.23407696768089892,17.67,0.0,-0.13821507,-0.39505464,0.6203301,0.25853548049926756,0.18148360848426817,0.4860990285873413
0.33921905357585946,0.3934575468351275,0.42963002373245995,49.32,-364470.55448275805,2.34,26033.611034482718,1.0,0.07110812707906433,17.675,0.0,-0.13821507,-0.39505464,0.6203301,0.25853548049926756,0.18148360848426817,0.4860990285873413
0.3227157866385048,0.3944328180150978,0.43696228512932045,46.8,-364470.5544827591,1.7999999999999998,-78100.83310344828,1.0,-0.09674367503891546,17.68,0.0,0.7911633,0.047959913,0.45062461,0.537348997592926,0.3143879737704992,0.4351873844861984
0.30039996578786815,0.3932710040905145,0.4425515407512922,43.739999999999995,-388926.3709090912,1.7999999999999998,0.0,1.0,0.26947843867304044,17.685,0.0,0.7911633,0.047959913,0.45062461,0.537348997592926,0.3143879737704992,0.4351873844861984
0.27726670747629106,0.4038621169040681,0.4471404096476674,40.68,-414018.39483870903,1.7999999999999998,0.0,1.0,-0.23407696768089892,17.69,0.0,0.7911633,0.047959913,0.45062461,0.537348997592926,0.3143879737704992,0.4351873844861984
0.2526010283183239,0.4120265591877149,0.451717005726165,37.26,-478150.65600000025,1.7999999999999998,0.0,1.0,-0.14252143925290994,17.695,0.0,0.7911633,0.047959913,0.45062461,0.537348997592926,0.3143879737704992,0.4351873844861984
0.22923136340413686,0.4187472480600323,0.4554174997303172,33.66,-83.0518701047259,1.6199999999999999,-4.1525935052362914,1.0,-0.17303994872890627,17.7,8.522882461547852,0.33681118,0.07527974,-0.54764557,0.4010433554649353,0.32258392274379727,0.13570632934570312
0.2057933009507389,0.41858854724771366,0.4580268254498745,29.88,-107853.53142857135,1.6199999999999999,0.0,1.0,-0.24933622241889708,17.705000000000002,8.522882461547852,0.33681118,0.07527974,-0.54764557,0.4010433554649353,0.32258392274379727,0.13570632934570312
0.18467506650545956,0.4243866311037751,0.46053679852166285,25.919999999999998,-461373.4400000001,1.6199999999999999,0.0,1.0,0.04058961760306801,17.71,8.522882461547852,0.33681118,0.07527974,-0.54764557,0.4010433554649353,0.32258392274379727,0.13570632934570312
0.16463332415057352,0.4290372871949199,0.46230343658466794,22.14,-480438.4581818179,1.6199999999999999,0.0,1.0,-0.08148442030091729,17.715,8.522882461547852,0.33681118,0.07527974,-0.54764557,0.4010433554649353,0.32258392274379727,0.13570632934570312
0.14629018632482632,0.425048990846317,0.46365735434316274,18.0,-578813.952,1.6199999999999999,0.0,1.0,0.04058961760306801,17.72,8.522882461547852,0.40457222,0.25115907,1.0151203,0.421371665596962,0.37534772157669066,0.6
0.1304653732014708,0.42633047620608683,0.4647865100167672,14.04,-276824.0640000001,1.6199999999999999,0.0,1.0,-0.12726218451491178,17.725,8.522882461547852,0.40457222,0.25115907,1.0151203,0.421371665596962,0.37534772157669066,0.6
0.12202330023290629,0.42118883002161456,0.4660290677872731,10.08,-503316.47999999986,1.6199999999999999,0.0,1.0,-0.11200292977691362,17.73,8.522882461547852,0.40457222,0.25115907,1.0151203,0.421371665596962,0.37534772157669066,0.6
0.09982093814863259,0.4246179124060942,0.4669381809398769,6.12,-535788.510967742,1.6199999999999999,0.0,1.0,0.2542191839350423,17.735,8.522882461547852,0.40457222,0.25115907,1.0151203,0.421371665596962,0.37534772157669066,0.6
0.10078345505844116,0.4228795047042675,0.4682079639185545,2.6999999999999997,-494638.60965517245,7.92,911176.3862068965,1.0,-5.1628162480544715,17.740000000000002,8.522882461547852,-0.16172566,0.9656855,0.703456,0.2514823034405708,0.5897056460380554,0.5110367953777313
0.10715060466146417,0.4242143993962954,0.47217384132412776,0.72,-48.33835021303345,12.059999999999999,101.07109589997901,1.0,0.17792291024505147,17.745,8.522882461547852,-0.16172566,0.9656855,0.703456,0.2514823034405708,0.5897056460380554,0.5110367953777313
0.10992819997341036,0.40989369104712436,0.4749993042707811,0.54,-10485.759999999997,12.059999999999999,0.0,1.0,-4.613483077486482,17.75,8.522882461547852,-0.16172566,0.9656855,0.703456,0.2514823034405708,0.5897056460380554,0.5110367953777313
0.11881192952735782,0.40739366649070063,0.47590345669037426,1.6199999999999999,116149.95692307691,8.64,-367808.1969230767,1.0,-1.088595233008796,17.755,8.522882461547852,-0.16172566,0.9656855,0.703456,0.2514823034405708,0.5897056460380554,0.5110367953777313
0.12781127730912184,0.40574274896065304,0.47430396545510395,3.5999999999999996,286369.7213793103,6.12,-364470.5544827587,1.0,-0.5850398266548567,17.76,0.0,0.037734658,1.0503237,0.026852064,0.31132039725780486,0.6,0.30805561915040014
0.13820302748367186,0.40846180564791834,0.4724485295455011,6.4799999999999995,128506.33531914893,3.2399999999999998,-128506.33531914894,1.0,-1.4090395825068125,17.765,0.0,0.037734658,1.0503237,0.026852064,0.31132039725780486,0.6,0.30805561915040014
0.15257875825475858,0.40916868686042446,0.4675200836716335,9.0,285666.1102702703,1.26,-224451.94378378376,1.0,-0.08148442030091729,17.77,0.0,0.037734658,1.0503237,0.026852064,0.31132039725780486,0.6,0.30805561915040014
0.17172984504004082,0.40698949062066464,0.46436689576920004,10.98,267894.25548387103,2.34,146124.1393548387,1.0,-0.7376323740348383,17.775000000000002,0.0,0.037734658,1.0503237,0.026852064,0.31132039725780486,0.6,0.30805561915040014
0.1895142370015513,0.39402031231671836,0.4633318978515283,13.68,377487.3599999999,2.16,-25165.82399999996,1.0,1.4749595629749521,17.78,0.0,-0.9428041,1.1191683,0.33399203,0.01715877056121826,0.6,0.4001976102590561
0.20330730271710795,0.3807107383685852,0.4616749092335912,15.66,45.0670026862027,1.6199999999999999,-12.291000732600738,1.0,-1.5768913846247923,17.785,0.0,-0.9428041,1.1191683,0.33399203,0.01715877056121826,0.6,0.4001976102590561
0.22158206363071856,0.3792798510766089,0.46030960308736213,18.54,227916.8966037735,1.6199999999999999,0.0,1.0,0.4068117313150239,17.79,0.0,-0.9428041,1.1191683,0.33399203,0.01715877056121826,0.6,0.4001976102590561
0.23818378655499364,0.3728397048751911,0.46029685724079283,21.24,365310.34838709666,1.6199999999999999,0.0,1.0,-0.8291879024628273,17.795,0.0,-0.9428041,1.1191683,0.33399203,0.01715877056121826,0.6,0.4001976102590561
0.25083585222857435,0.3732868347150946,0.4594202652700197,23.759999999999998,340956.32516129024,1.6199999999999999,0.0,1.0,0.7119968260749872,17.8,0.0,-1.0676454,0.57436264,0.8821277,0.0,0.4723087906837463,0.5646383106708527
0.26572807011889293,0.37420590588683833,0.4595988247968487,26.279999999999998,340956.32516129024,1.6199999999999999,0.0,1.0,-0.8749656666768217,17.805,0.0,-1.0676454,0.57436264,0.8821277,0.0,0.4723087906837463,0.5646383106708527
0.27882315758646375,0.37073322002760084,0.4597815917370817,28.98,353894.4000000004,1.6199999999999999,0.0,1.0,0.19318216498304963,17.81,0.0,-1.0676454,0.57436264,0.8821277,0.0,0.4723087906837463,0.5646383106708527
0.28592561581631853,0.36160380368164036,0.4591466032373712,31.5,330301.43999999994,1.6199999999999999,0.0,1.0,-0.34089175084688605,17.815,0.0,-1.0676454,0.57436264,0.8821277,0.0,0.4723087906837463,0.5646383106708527
0.2875309297805001,0.368560971083367,0.45963813345107046,34.019999999999996,352321.53599999944,1.6199999999999999,0.0,1.0,-0.21881771294290076,17.82,0.0,-0.68764675,0.09481905,0.27015394,0.09370597600936889,0.3284457139670849,0.38104618191719053
0.28834034489387833,0.375843107092339,0.4593044727414479,36.36,316602.30193548434,1.6199999999999999,0.0,1.0,-0.09674367503891546,17.825,0.0,-0.68764675,0.09481905,0.27015394,0.09370597600936889,0.3284457139670849,0.38104618191719053
0.28796817740199004,0.38408506725333424,0.4581607675539658,38.339999999999996,47.32170101712292,1.6199999999999999,0.0,1.0,-0.24933622241889708,17.830000000000002,0.0,-0.68764675,0.09481905,0.27015394,0.09370597600936889,0.3284457139670849,0.38104618191719053
0.2875994729230955,0.3883790031822401,0.4567477368223085,40.14,86778.70344827606,1.6199999999999999,0.0,1.0,0.3305154576250331,17.835,0.0,-0.68764675,0.09481905,0.27015394,0.09370597600936889,0.3284457139670849,0.38104618191719053
0.28765792165945236,0.39096581805296243,0.4558085931292058,41.76,183642.49945945916,1.7999999999999998,20404.722162162154,1.0,-0.11200292977691362,17.84,0.0,0.52006316,0.0044300556,-0.8324945,0.45601894855499264,0.30132901668548584,0.050251650810241695
0.28680554122767804,0.3901931331734338,0.45552163361650394,42.839999999999996,129424.23771428551,1.7999999999999998,0.0,1.0,0.26947843867304044,17.845,0.0,0.52006316,0.0044300556,-0.8324945,0.45601894855499264,0.30132901668548584,0.050251650810241695
0.28564604063427623,0.3973416977441573,0.4542465577547758,43.739999999999995,125829.1199999998,1.7999999999999998,0.0,1.0,-0.3256324961088879,17.85,0.0,0.52006316,0.0044300556,-0.8324945,0.45601894855499264,0.30132901668548584,0.050251650810241695
0.2844649255870833,0.4126144215259481,0.4538456966826481,44.1,44410.27764705963,1.7999999999999998,0.0,1.0,0.11688589129305882,17.855,0.0,0.52006316,0.0044300556,-0.8324945,0.45601894855499264,0.30132901668548584,0.050251650810241695
0.284116970911168,0.42301490011568366,0.45389693741692444,44.1,0.0,1.7999999999999998,0.0,1.0,-0.1577806939909081,17.86,8.522882461547852,0.75011134,0.2892238,-1.4663973,0.5250334024429321,0.38676713705062865,0.0
0.28243177602265535,0.4283820325253206,0.45395462612034976,43.739999999999995,-48708.04645161379,1.7999999999999998,0.0,1.0,-0.020447401348924643,17.865000000000002,8.522882461547852,0.75011134,0.2892238,-1.4663973,0.5250334024429321,0.38676713705062865,0.0
0.2813227764822438,0.431219149047701,0.45386371895245653,43.019999999999996,-16.708617841196396,1.7999999999999998,0.0,1.0,-0.24933622241889708,17.87,8.522882461547852,0.75011134,0.2892238,-1.4663973,0.5250334024429321,0.38676713705062865,0.0
0.2789723531052767,0.43086039992642,0.4536238747451583,41.94,-74259.80852459004,1.7999999999999998,0.0,1.0,-0.035706656086922806,17.875,8.522882461547852,0.75011134,0.2892238,-1.4663973,0.5250334024429321,0.38676713705062865,0.0
0.2690876224785459,0.43670584005934215,0.4537323834206325,40.5,-52519.980521739046,1.7999999999999998,0.0,1.0,-0.2035584582049026,17.88,8.522882461547852,1.2504493,0.01333911,-0.9144211,0.6,0.30400173291563987,0.025673675537109374
0.2537497128762713,0.4345705812662262,0.4543782394471442,38.879999999999995,-106168.3200000003,1.7999999999999998,0.0,1.0,-0.34089175084688605,17.885,8.522882461547852,1.2504493,0.01333911,-0.9144211,0.6,0.30400173291563987,0.025673675537109374
0.23432218486356365,0.44072772296281526,0.45416736648845973,36.9,-267894.25548387057,1.7999999999999998,0.0,1.0,-0.17303994872890627,17.89,8.522882461547852,1.2504493,0.01333911,-0.9144211,0.6,0.30400173291563987,0.025673675537109374
0.21417864355008973,0.44847160200526415,0.4531526582899573,34.74,-266461.6658823525,1.7999999999999998,0.0,1.0,-0.14252143925290994,17.895,8.522882461547852,1.2504493,0.01333911,-0.9144211,0.6,0.30400173291563987,0.025673675537109374
0.1928925565410897,0.4423332198924667,0.45278807292446366,32.22,-310871.94352941215,1.7999999999999998,0.0,1.0,-0.035706656086922806,17.900000000000002,8.522882461547852,0.11069111,0.5667354,-1.1810845,0.3332073323428631,0.4700206160545349,0.0
0.1732988690970611,0.43205677367624906,0.45265461666552587,29.7,-330301.43999999994,1.7999999999999998,0.0,1.0,-0.06622516556291913,17.905,8.522882461547852,0.11069111,0.5667354,-1.1810845,0.3332073323428631,0.4700206160545349,0.0
0.15803938872848972,0.4318316691002469,0.4521752169682508,27.0,-353894.3999999999,1.6199999999999999,-23592.959999999992,1.0,0.19318216498304963,17.91,8.522882461547852,0.11069111,0.5667354,-1.1810845,0.3332073323428631,0.4700206160545349,0.0
0.15182930340995263,0.42916103919181764,0.44987809696368525,24.3,-65.45456058723231,1.6199999999999999,0.0,1.0,-0.020447401348924643,17.915,8.522882461547852,0.11069111,0.5667354,-1.1810845,0.3332073323428631,0.4700206160545349,0.0
0.14978416824965904,0.42485256002059624,0.44376942822470555,21.419999999999998,-142112.88847058837,1.6199999999999999,0.0,1.0,-0.3714102603228824,17.92,0.0,1.7234516,0.02462921,-0.780026,0.6,0.30738876275718213,0.0659921944141388
0.14855845951273192,0.41962156072126633,0.43655849111104894,18.54,-326475.55459459446,1.6199999999999999,0.0,1.0,0.22370067445904596,17.925,0.0,1.7234516,0.02462921,-0.780026,0.6,0.30738876275718213,0.0659921944141388
0.15684485647617033,0.4161168444237794,0.42451242233275627,15.84,-343170.32727272715,1.6199999999999999,0.0,1.0,-0.18829920346690443,17.93,0.0,1.7234516,0.02462921,-0.780026,0.6,0.30738876275718213,0.0659921944141388
0.1766568346209056,0.4088475207416686,0.4058891437088089,13.32,-352321.53599999996,1.6199999999999999,0.0,1.0,-0.29511398663289157,17.935,0.0,1.7234516,0.02462921,-0.780026,0.6,0.30738876275718213,0.0659921944141388
0.1978698151987886,0.4089368123097287,0.38395138682256824,10.98,-75497.472,1.6199999999999999,0.0,1.0,0.025330362865069844,17.94,0.0,1.5716944,0.37163916,-0.1484651,0.6,0.4114917486906052,0.2554604709148407
0.21500695089693903,0.41526945461962916,0.3629564300968655,9.0,-120358.2886956522,1.6199999999999999,0.0,1.0,0.025330362865069844,17.945,0.0,1.5716944,0.37163916,-0.1484651,0.6,0.4114917486906052,0.2554604709148407
0.23816926407593067,0.40769968086139063,0.34169408925991385,7.38,-205902.19636363638,1.6199999999999999,0.0,1.0,0.11688589129305882,17.95,0.0,1.5716944,0.37163916,-0.1484651,0.6,0.4114917486906052,0.2554604709148407
0.2580543605011469,0.41361626943297297,0.3236941006545953,6.3,-24.221715361252514,3.06,32.29562048167002,1.0,0.4525894955290184,17.955000000000002,0.0,1.5716944,0.37163916,-0.1484651,0.6,0.4114917486906052,0.2554604709148407
0.2723354701517442,0.41319991675491446,0.30876613732352964,6.3,0.0,4.14,54576.48578313251,1.0,-1.92785424359875,17.96,0.0,1.0120798,0.73744035,-0.014718123,0.6,0.5212321043014526,0.2955845631659031
0.28995733592591405,0.41119477711665137,0.293698246464488,7.38,110484.10536585367,3.78,-36828.03512195121,1.0,0.9714041566210128,17.965,0.0,1.0120798,0.73744035,-0.014718123,0.6,0.5212321043014526,0.2955845631659031
0.3073927292306495,0.4150783439249626,0.27935947255893556,9.36,251658.23999999993,1.7999999999999998,-251658.24,1.0,-1.1343729972227905,17.97,0.0,1.0120798,0.73744035,-0.014718123,0.6,0.5212321043014526,0.2955845631659031
0.31813490363894076,0.4084013961029815,0.2678274823673237,10.98,234302.49931034498,1.44,-52067.2220689655,1.0,0.6662190618609927,17.975,0.0,1.0120798,0.73744035,-0.014718123,0.6,0.5212321043014526,0.2955845631659031
0.32586797146753815,0.4075048600143549,0.2554606505849475,13.139999999999999,258848.47542857123,2.16,86282.82514285717,1.0,-0.7834101382488328,17.98,0.0,0.08452125,0.9833567,0.332746,0.32535637468099593,0.5950070142745971,0.39982379972934723
0.329570611367768,0.4182465099835163,0.24174538122289183,15.84,333077.08235294133,1.7999999999999998,-44410.277647058865,1.0,0.22370067445904596,17.985,0.0,0.08452125,0.9833567,0.332746,0.32535637468099593,0.5950070142745971,0.39982379972934723
0.3307313896174454,0.4100664587546623,0.228304694970464,18.72,377487.35999999987,1.44,-47185.919999999984,1.0,0.2084414197210478,17.990000000000002,0.0,0.08452125,0.9833567,0.332746,0.32535637468099593,0.5950070142745971,0.39982379972934723
0.337837022345296,0.40476340314092635,0.2150458279222386,21.599999999999998,105039.96104347822,1.6199999999999999,6564.997565217389,1.0,-0.3561510055848842,17.995,0.0,0.08452125,0.9833567,0.332746,0.32535637468099593,0.5950070142745971,0.39982379972934723
0.3510104733695361,0.42022511304102017,0.203640430660019,25.02,83.0137078768729,1.6199999999999999,0.0,1.0,0.010071108127071682,18.0,0.0,0.35330373,1.2377728,1.4581664,0.40599111914634706,0.6,0.6
0.36169979945431063,0.42547173070759087,0.19619970575834034,28.259999999999998,196949.92695652164,1.7999999999999998,10941.662608695648,1.0,-0.21881771294290076,18.005,0.0,0.35330373,1.2377728,1.4581664,0.40599111914634706,0.6,0.6
0.3732299271198315,0.4322089520656292,0.1930005654831383,31.5,357619.6042105265,1.6199999999999999,-19867.75578947368,1.0,0.3762932218390276,18.01,0.0,0.35330373,1.2377728,1.4581664,0.40599111914634706,0.6,0.6
0.3857667702781062,0.4303712985026454,0.19214139878502884,34.74,377487.3600000002,1.7999999999999998,20971.519999999993,1.0,-0.46296578875087135,18.015,0.0,0.35330373,1.2377728,1.4581664,0.40599111914634706,0.6,0.6
0.396986379515605,0.42570090381624764,0.19117646194001242,37.8,401080.31999999937,2.16,47185.92000000004,1.0,0.2084414197210478,18.02,0.0,0.23036632,1.4908726,1.5564897,0.36910989582538606,0.6,0.6
0.4073390955808782,0.4396431427319328,0.1917177324754192,40.68,355282.2211764709,2.88,88820.55529411761,1.0,-0.3561510055848842,18.025000000000002,0.0,0.23036632,1.4908726,1.5564897,0.36910989582538606,0.6,0.6
0.4178775585272133,0.4367853820679263,0.19312386499934778,43.019999999999996,297414.28363636316,3.78,114390.10909090909,1.0,0.1626636555070533,18.03,0.0,0.23036632,1.4908726,1.5564897,0.36910989582538606,0.6,0.6
0.4264170801444939,0.43321209255441795,0.19342171041783549,45.18,301989.8880000005,5.58,251658.24000000005,1.0,-0.2035584582049026,18.035,0.0,0.23036632,1.4908726,1.5564897,0.36910989582538606,0.6,0.6
0.433988053744735,0.43852028757234596,0.19486747559754924,46.62,33.43814157430265,7.739999999999999,50.157212361454036,1.0,-0.18829920346690443,18.04,0.0,-0.12513088,1.7910098,2.0658977,0.2624607369303703,0.6,0.6
0.4421183908986071,0.4470154081786498,0.20001497267295187,47.699999999999996,73062.06967741923,10.62,194832.1858064516,1.0,-0.17303994872890627,18.045,0.0,-0.12513088,1.7910098,2.0658977,0.2624607369303703,0.6,0.6
0.44965135168990716,0.4474028359317938,0.2048635974775755,48.239999999999995,61214.16648648639,13.86,367284.99891891895,1.0,-0.24933622241889708,18.05,0.0,-0.12513088,1.7910098,2.0658977,0.2624607369303703,0.6,0.6
0.4530438254722033,0.4590389219065439,0.2107984620727391,48.239999999999995,0.0,17.46,141116.770093458,1.0,0.2084414197210478,18.055,0.0,-0.12513088,1.7910098,2.0658977,0.2624607369303703,0.6,0.6
0.4531201704275786,0.44942987875971036,0.22294462015889135,48.059999999999995,-24354.023225806413,21.24,511434.4877419352,1.0,-0.24933622241889708,18.06,0.0,-0.44799915,2.024909,2.3980799,0.1656002551317215,0.6,0.6
0.45455243282333535,0.4527845230338068,0.2388684652540988,47.699999999999996,-48708.04645161283,24.48,438372.4180645164,1.0,-0.035706656086922806,18.065,0.0,-0.44799915,2.024909,2.3980799,0.1656002551317215,0.6,0.6
0.45400910422735113,0.453628018705259,0.2522928894787227,47.699999999999996,0.0,26.64,266461.665882353,1.0,-0.05096591082492097,18.07,0.0,-0.44799915,2.024909,2.3980799,0.1656002551317215,0.6,0.6
0.45329269701969416,0.444439102978959,0.26889922052301923,47.699999999999996,0.0,27.36,97416.09290322565,1.0,0.010071108127071682,18.075,0.0,-0.44799915,2.024909,2.3980799,0.1656002551317215,0.6,0.6
0.4535107192265919,0.4483201967740897,0.28681137059876505,47.879999999999995,24354.023225806413,26.82,-73062.06967741923,1.0,0.05584887234106617,18.080000000000002,0.0,-1.2442054,1.3203806,2.329938,0.0,0.6,0.6
0.452067997017754,0.4545146844113274,0.3011145917706883,48.059999999999995,4.088192687575804,25.2,-36.79373418818231,1.0,0.025330362865069844,18.085,0.0,-1.2442054,1.3203806,2.329938,0.0,0.6,0.6
0.45162325583038426,0.45745306145902676,0.31333036228646427,48.059999999999995,0.0,23.22,-153791.1466666667,1.0,0.010071108127071682,18.09,0.0,-1.2442054,1.3203806,2.329938,0.0,0.6,0.6
0.4508554288081985,0.4598318073163928,0.32835685111071045,48.059999999999995,0.0,20.34,-129888.1238709677,1.0,-0.29511398663289157,18.095,0.0,-1.2442054,1.3203806,2.329938,0.0,0.6,0.6
0.4501089707241091,0.45865480357448796,0.3399958608992008,48.059999999999995,0.0,17.28,-414018.3948387095,1.0,-0.020447401348924643,18.1,0.0,-0.7657095,0.57014,2.2633908,0.07028714418411254,0.471042001247406,0.6
0.44888328838185937,0.459913783404119,0.3498839893476036,47.879999999999995,-26033.611034482718,13.5,-546705.8317241381,1.0,0.10162663655506066,18.105,0.0,-0.7657095,0.57014,2.2633908,0.07028714418411254,0.471042001247406,0.6
0.44832231026365094,0.45488597506926565,0.3613635038586051,47.699999999999996,-23592.959999999963,9.18,-566231.04,1.0,0.010071108127071682,18.11,0.0,-0.7657095,0.57014,2.2633908,0.07028714418411254,0.471042001247406,0.6
0.4478028300466977,0.4614450236210494,0.3717321360740306,47.519999999999996,-13981.01333333331,4.68,-349525.3333333333,1.0,-0.21881771294290076,18.115000000000002,0.0,-0.7657095,0.57014,2.2633908,0.07028714418411254,0.471042001247406,0.6
0.44576835000382803,0.4574870762614292,0.38033275927297655,46.62,-130168.05517241359,1.08,-520672.2206896551,1.0,-0.23407696768089892,18.12,0.0,0.82702935,0.25255,1.4109651,0.5481088042259216,0.3757650017738342,0.6
0.4418656800392635,0.4690045318051705,0.3911893847240796,44.28,-327155.7119999995,2.16,150994.94400000002,1.0,-0.035706656086922806,18.125,0.0,0.82702935,0.25255,1.4109651,0.5481088042259216,0.3757650017738342,0.6
0.4370398218656273,0.46097835309278556,0.403305519840655,42.12,-52.6757174254318,3.2399999999999998,26.337858712715846,1.0,0.010071108127071682,18.13,0.0,0.82702935,0.25255,1.4109651,0.5481088042259216,0.3757650017738342,0.6
0.4282673692127751,0.4709907548169746,0.4131895389828084,40.14,-110729.62559999982,2.88,-20132.659199999995,1.0,-0.38666951506088054,18.135,0.0,0.82702935,0.25255,1.4109651,0.5481088042259216,0.3757650017738342,0.6
0.4123439415845722,0.476914098855944,0.4218133637979369,38.339999999999996,-209715.2000000005,1.6199999999999999,-146800.64,1.0,-0.24933622241889708,18.14,8.522882461547852,0.21878302,1.098626,1.1551712,0.36563490629196166,0.6,0.6
0.39390857731039164,0.47655541650902844,0.4295786547802788,36.0,-98146.71359999984,1.7999999999999998,7549.747199999997,1.0,0.34577471236303126,18.145,8.522882461547852,0.21878302,1.098626,1.1551712,0.36563490629196166,0.6,0.6
0.3780040650582385,0.4835672219481899,0.4362491242790663,34.019999999999996,-237277.7691428576,1.7999999999999998,0.0,1.0,-0.12726218451491178,18.150000000000002,8.522882461547852,0.21878302,1.098626,1.1551712,0.36563490629196166,0.6,0.6
0.3583574535162887,0.4879359288594992,0.4421886892872662,31.5,-310871.9435294113,1.7999999999999998,0.0,1.0,0.04058961760306801,18.155,8.522882461547852,0.21878302,1.098626,1.1551712,0.36563490629196166,0.6,0.6
0.33668238791101246,0.4793269488076051,0.4478170366597452,29.34,-283115.52,1.6199999999999999,-23592.959999999992,1.0,-0.18829920346690443,18.16,20.0,-0.612242,1.4833729,0.15146698,0.11632740497589111,0.6,0.34544009417295457
0.31543848650915796,0.48007598398193196,0.45180382938466557,27.18,-292248.27870967746,1.6199999999999999,0.0,1.0,-0.020447401348924643,18.165,20.0,-0.612242,1.4833729,0.15146698,0.11632740497589111,0.6,0.34544009417295457
0.2948190004519102,0.4799393021483846,0.4561539713331058,25.02,-49.03574229934455,1.6199999999999999,0.0,1.0,0.010071108127071682,18.17,20.0,-0.612242,1.4833729,0.15146698,0.11632740497589111,0.6,0.34544009417295457
0.2759450740702106,0.48219107221620294,0.4603392383658546,22.86,-161780.29714285716,1.6199999999999999,0.0,1.0,-0.14252143925290994,18.175,20.0,-0.612242,1.4833729,0.15146698,0.11632740497589111,0.6,0.34544009417295457
0.26233903492883626,0.4780594227343037,0.4634738966624522,20.7,-283115.52,1.6199999999999999,0.0,1.0,-0.12726218451491178,18.18,8.522882461547852,0.2337106,0.25362474,1.1752435,0.37011318057775494,0.3760874211788177,0.6
0.2529976780413207,0.4825420561880833,0.46637112650038165,18.72,-267894.25548387103,1.6199999999999999,0.0,1.0,0.07110812707906433,18.185,8.522882461547852,0.2337106,0.25362474,1.1752435,0.37011318057775494,0.3760874211788177,0.6
0.24777208764528943,0.4830987059614799,0.46975276733379373,16.74,-276824.0640000001,1.6199999999999999,0.0,1.0,-0.1577806939909081,18.19,8.522882461547852,0.2337106,0.25362474,1.1752435,0.37011318057775494,0.3760874211788177,0.6
0.24534274534083575,0.4765721162803316,0.47218758339603645,14.94,-235929.59999999986,1.6199999999999999,0.0,1.0,-0.11200292977691362,18.195,8.522882461547852,0.2337106,0.25362474,1.1752435,0.37011318057775494,0.3760874211788177,0.6
0.24532013301477076,0.4785733887305746,0.4750784605761434,13.5,-188743.67999999993,1.6199999999999999,0.0,1.0,-0.06622516556291913,18.2,0.0,0.59812045,-0.58811486,1.511142,0.4794361352920532,0.12356554269790648,0.6
0.24886465138594654,0.48508446288361695,0.4779936842842427,12.24,-155435.97176470584,1.6199999999999999,0.0,1.0,-0.21881771294290076,18.205000000000002,0.0,0.59812045,-0.58811486,1.511142,0.4794361352920532,0.12356554269790648,0.6
0.2504079569351487,0.4859695058260784,0.4810379469915339,11.34,-45480.40481927713,1.6199999999999999,0.0,1.0,0.025330362865069844,18.21,0.0,0.59812045,-0.58811486,1.511142,0.4794361352920532,0.12356554269790648,0.6
0.2531505319307434,0.4761358844794629,0.48344719343707654,10.799999999999999,-12.971108451260811,1.6199999999999999,0.0,1.0,-0.2035584582049026,18.215,0.0,0.59812045,-0.58811486,1.511142,0.4794361352920532,0.12356554269790648,0.6
0.2553363483831948,0.4727682175693182,0.4869961386147614,10.44,-14803.425882352918,1.6199999999999999,0.0,1.0,-0.17303994872890627,18.22,0.0,0.8365358,-0.7991302,0.8931208,0.5509607434272766,0.06026093959808349,0.567936247587204
0.2564695268016915,0.47542848499514956,0.48984505506656967,10.62,20404.72216216213,1.6199999999999999,0.0,1.0,-0.05096591082492097,18.225,0.0,0.8365358,-0.7991302,0.8931208,0.5509607434272766,0.06026093959808349,0.567936247587204
0.2577259753594169,0.4729215401304825,0.4906536354825465,10.799999999999999,6740.845714285703,1.6199999999999999,0.0,1.0,-0.11200292977691362,18.23,0.0,0.8365358,-0.7991302,0.8931208,0.5509607434272766,0.06026093959808349,0.567936247587204
0.25780768722684844,0.47949632534471964,0.4893514400596815,11.52,88820.55529411773,1.6199999999999999,0.0,1.0,-0.09674367503891546,18.235,0.0,0.8365358,-0.7991302,0.8931208,0.5509607434272766,0.06026093959808349,0.567936247587204
0.25791704371600915,0.4782739849117073,0.4892446782289758,12.24,88820.55529411773,1.6199999999999999,0.0,1.0,-0.38666951506088054,18.240000000000002,8.522882461547852,1.0205569,0.02657906,-0.9282516,0.6,0.3079737178981304,0.021524512767791746
0.2576466624915026,0.48278408321849087,0.4891319034725203,13.139999999999999,104857.59999999983,1.6199999999999999,0.0,1.0,-0.1577806939909081,18.245,8.522882461547852,1.0205569,0.02657906,-0.9282516,0.6,0.3079737178981304,0.021524512767791746
0.2573662166365514,0.49455638840940075,0.4885497825259968,14.219999999999999,141557.76,1.6199999999999999,0.0,1.0,-0.09674367503891546,18.25,8.522882461547852,1.0205569,0.02657906,-0.9282516,0.6,0.3079737178981304,0.021524512767791746
0.25723028931042485,0.4902357306562733,0.48835196712949264,15.299999999999999,24.990060573963127,1.6199999999999999,0.0,1.0,0.010071108127071682,18.255,8.522882461547852,1.0205569,0.02657906,-0.9282516,0.6,0.3079737178981304,0.021524512767791746
0.25771282352056907,0.4911050162979726,0.4880534366513361,16.38,68634.06545454546,1.6199999999999999,0.0,1.0,-0.08148442030091729,18.26,20.0,0.5482438,0.38321075,-0.5091888,0.46447314620018004,0.41496322453022,0.14724336862564086
0.2659296935294465,0.4952074744982717,0.4876629800157124,17.46,137268.13090909115,1.6199999999999999,0.0,1.0,-0.14252143925290994,18.265,20.0,0.5482438,0.38321075,-0.5091888,0.46447314620018004,0.41496322453022,0.14724336862564086
0.2795196449934413,0.49130551031487,0.4876703270805258,18.72,165150.71999999974,1.6199999999999999,0.0,1.0,0.23895992919704412,18.27,20.0,0.5482438,0.38321075,-0.5091888,0.46447314620018004,0.41496322453022,0.14724336862564086
0.2893514564905767,0.48830270981717006,0.48739340533957115,19.8,150994.94400000025,1.6199999999999999,0.0,1.0,-0.11200292977691362,18.275000000000002,20.0,0.5482438,0.38321075,-0.5091888,0.46447314620018004,0.41496322453022,0.14724336862564086
0.2998321084763156,0.49101762289556866,0.4877822136200651,21.06,160146.15272727248,1.6199999999999999,0.0,1.0,-0.31037324137088973,18.28,8.522882461547852,0.72991323,0.54269123,0.86209667,0.518973970413208,0.4628073692321777,0.5586290001869202
0.3160887041213374,0.4827167539944909,0.48896202228080776,22.32,155435.97176470608,1.6199999999999999,0.0,1.0,-0.06622516556291913,18.285,8.522882461547852,0.72991323,0.54269123,0.86209667,0.518973970413208,0.4628073692321777,0.5586290001869202
0.32971739643803744,0.47855394539449453,0.48986433036929167,23.58,53382.05090909082,1.6199999999999999,0.0,1.0,-0.020447401348924643,18.29,8.522882461547852,0.72991323,0.54269123,0.86209667,0.518973970413208,0.4628073692321777,0.5586290001869202
0.3408357227431716,0.4738603860362715,0.4911547532183513,24.84,142833.0551351353,1.6199999999999999,0.0,1.0,-0.06622516556291913,18.295,8.522882461547852,0.72991323,0.54269123,0.86209667,0.518973970413208,0.4628073692321777,0.5586290001869202
0.35538769395813885,0.4559644782299182,0.49317410980430726,26.459999999999997,38.47658472776686,1.6199999999999999,0.0,1.0,0.1626636555070533,18.3,0.0,-0.18505678,1.4140382,1.7819283,0.24448296725749968,0.6,0.6
0.3687057025963568,0.43473355891484533,0.49493371532891267,28.08,36928.11130434785,1.6199999999999999,0.0,1.0,0.010071108127071682,18.305,0.0,-0.18505678,1.4140382,1.7819283,0.24448296725749968,0.6,0.6
0.37913379971300587,0.41495413404783,0.4948932494186912,29.7,183642.49945945956,1.6199999999999999,0.0,1.0,-0.18829920346690443,18.31,0.0,-0.18505678,1.4140382,1.7819283,0.24448296725749968,0.6,0.6
0.3909374262917302,0.4035296208269833,0.49328030092975084,31.68,276824.0640000001,1.6199999999999999,0.0,1.0,-0.11200292977691362,18.315,0.0,-0.18505678,1.4140382,1.7819283,0.24448296725749968,0.6,0.6
0.40226685550294,0.3886057385790045,0.4927555405831328,33.839999999999996,301989.8879999995,1.6199999999999999,0.0,1.0,-0.18829920346690443,18.32,0.0,-0.4599456,1.6895015,1.3575361,0.1620163232088089,0.6,0.6
0.41043171903936404,0.3844715024087164,0.492258403353398,36.0,266461.6658823534,1.6199999999999999,0.0,1.0,0.2084414197210478,18.325,0.0,-0.4599456,1.6895015,1.3575361,0.1620163232088089,0.6,0.6
0.41825365766434464,0.371852020967562,0.48953518556236414,38.339999999999996,306708.4799999995,1.6199999999999999,0.0,1.0,-0.2035584582049026,18.330000000000002,0.0,-0.4599456,1.6895015,1.3575361,0.1620163232088089,0.6,0.6
0.42468918047212156,0.37029834288307845,0.48762413593427484,40.5,292248.2787096779,1.6199999999999999,0.0,1.0,-0.14252143925290994,18.335,0.0,-0.4599456,1.6895015,1.3575361,0.1620163232088089,0.6,0.6
0.42888167644084607,0.37390392094119124,0.48547359475703916,42.66,49.757774995056934,1.6199999999999999,0.0,1.0,-0.035706656086922806,18.34,0.0,-1.1826719,1.7187775,1.2448359,0.0,0.6,0.6
0.43265605288949244,0.36881582808936353,0.4759638279017063,44.82,119206.53473684231,1.6199999999999999,0.0,1.0,0.025330362865069844,18.345,0.0,-1.1826719,1.7187775,1.2448359,0.0,0.6,0.6
0.43634252698450765,0.3607842619937613,0.4596110967934665,46.62,204047.2216216213,1.7999999999999998,20404.722162162154,1.0,-0.06622516556291913,18.35,0.0,-1.1826719,1.7187775,1.2448359,0.0,0.6,0.6
0.4394685672212543,0.3767646051454054,0.44588621897728886,48.42,209715.2000000005,1.7999999999999998,0.0,1.0,0.010071108127071682,18.355,0.0,-1.1826719,1.7187775,1.2448359,0.0,0.6,0.6
0.44279307229735915,0.3852056408234485,0.44010944351928005,49.68,89573.27186440663,1.7999999999999998,0.0,1.0,-0.08148442030091729,18.36,0.0,-1.1150817,0.7664052,1.0187387,0.0,0.5299215674400329,0.6
0.44729177058549296,0.3952290577768074,0.43724846034200043,50.94,150994.94399999976,1.7999999999999998,0.0,1.0,-0.09674367503891546,18.365000000000002,0.0,-1.1150817,0.7664052,1.0187387,0.0,0.5299215674400329,0.6
0.4501398082438453,0.39899566498015027,0.43400918748931994,51.66,88820.55529411751,1.7999999999999998,0.0,1.0,-0.17303994872890627,18.37,0.0,-1.1150817,0.7664052,1.0187387,0.0,0.5299215674400329,0.6
0.45034968482942545,0.3955806505681437,0.4335153377680491,52.019999999999996,48708.04645161283,1.7999999999999998,0.0,1.0,0.10162663655506066,18.375,0.0,-1.1150817,0.7664052,1.0187387,0.0,0.5299215674400329,0.6
0.44937282823986285,0.38768792772316557,0.43432000881760735,52.199999999999996,23592.959999999963,1.7999999999999998,0.0,1.0,-0.17303994872890627,18.38,0.0,-0.9523095,0.009408899,1.3123206,0.014307153224945067,0.30282266959547993,0.6
0.44947051665910326,0.3804152120214394,0.43334334012249626,52.019999999999996,-4.323579012472934,1.7999999999999998,0.0,1.0,-0.020447401348924643,18.385,0.0,-0.9523095,0.009408899,1.3123206,0.014307153224945067,0.30282266959547993,0.6
0.44774286483758374,0.3771336981821487,0.43399222823935674,51.66,-22536.558805970115,1.7999999999999998,0.0,1.0,-0.24933622241889708,18.39,0.0,-0.9523095,0.009408899,1.3123206,0.014307153224945067,0.30282266959547993,0.6
0.44585051599414277,0.3849929498020148,0.43575631306320806,50.94,-79471.02315789461,1.7999999999999998,0.0,1.0,-0.020447401348924643,18.395,0.0,-0.9523095,0.009408899,1.3123206,0.014307153224945067,0.30282266959547993,0.6
0.4461347432954638,0.39483082646226886,0.4352162841202377,50.22,-91512.08727272713,1.7999999999999998,0.0,1.0,-0.09674367503891546,18.400000000000002,0.0,1.3975576,-0.94048524,0.33154345,0.6,0.0178544282913208,0.39946303367614744
0.44546127216093334,0.4039866417931164,0.4355273708430459,49.14,-38065.9522689075,1.7999999999999998,0.0,1.0,0.0863673818170625,18.405,0.0,1.3975576,-0.94048524,0.33154345,0.6,0.0178544282913208,0.39946303367614744
0.4391256947797116,0.4131257742670241,0.4378880367006717,48.059999999999995,-137268.1309090916,1.7999999999999998,0.0,1.0,-0.14252143925290994,18.41,0.0,1.3975576,-0.94048524,0.33154345,0.6,0.0178544282913208,0.39946303367614744
0.42891293841681055,0.4340236551863375,0.43956909297565033,46.8,-165150.71999999974,1.7999999999999998,0.0,1.0,-0.05096591082492097,18.415,0.0,1.3975576,-0.94048524,0.33154345,0.6,0.0178544282913208,0.39946303367614744
0.41819960966994724,0.44486990957741557,0.4409462921889285,45.36,-56446.70803738309,1.7999999999999998,0.0,1.0,0.025330362865069844,18.42,8.522882461547852,1.4633411,-0.36492026,-1.2902793,0.6,0.1905239224433899,0.0
0.4028728583413639,0.45581275173628855,0.4453035115615633,43.559999999999995,-41.13541469155589,1.7999999999999998,0.0,1.0,-0.21881771294290076,18.425,8.522882461547852,1.4633411,-0.36492026,-1.2902793,0.6,0.1905239224433899,0.0
0.3789170494917238,0.45158001211212695,0.4524005103106572,41.58,-89298.08516129018,1.7999999999999998,0.0,1.0,-0.12726218451491178,18.43,8.522882461547852,1.4633411,-0.36492026,-1.2902793,0.6,0.1905239224433899,0.0
0.35243387438706547,0.4501955627907324,0.4579586012079701,39.42,-232299.91384615347,1.7999999999999998,0.0,1.0,-0.06622516556291913,18.435,8.522882461547852,1.4633411,-0.36492026,-1.2902793,0.6,0.1905239224433899,0.0
0.3228153134396673,0.44622459469715386,0.46355189015043036,36.9,-285666.1102702706,1.7999999999999998,0.0,1.0,-0.38666951506088054,18.44,20.0,1.3116204,-0.29834443,-0.17972669,0.6,0.2104966700077057,0.24608199298381805
0.29518473942764833,0.451126424526348,0.47018846982434553,34.199999999999996,-377487.3600000004,1.7999999999999998,0.0,1.0,0.025330362865069844,18.445,20.0,1.3116204,-0.29834443,-0.17972669,0.6,0.2104966700077057,0.24608199298381805
0.26780241322129095,0.4537109585140252,0.4752206510261151,31.32,-366048.34909090854,1.6199999999999999,-22878.02181818181,1.0,-0.06622516556291913,18.45,20.0,1.3116204,-0.29834443,-0.17972669,0.6,0.2104966700077057,0.24608199298381805
0.2431763339699476,0.4633317371233309,0.47972243528755354,28.08,-377487.3600000002,1.6199999999999999,0.0,1.0,0.025330362865069844,18.455000000000002,20.0,1.3116204,-0.29834443,-0.17972669,0.6,0.2104966700077057,0.24608199298381805
0.21871631144573123,0.4581023046355713,0.4849009551145313,25.02,-401080.31999999983,1.6199999999999999,0.0,1.0,-0.14252143925290994,18.46,8.522882461547852,0.9869456,-0.8760505,-1.5265836,0.5960836887359618,0.037184858322143556,0.0
0.19851151637100564,0.4516608262172966,0.4889613881826986,21.599999999999998,-122602.73230769236,1.6199999999999999,0.0,1.0,0.010071108127071682,18.465,8.522882461547852,0.9869456,-0.8760505,-1.5265836,0.5960836887359618,0.037184858322143556,0.0
0.18653458953361166,0.45064736151048546,0.490291079265996,18.36,-78.51143890461606,1.6199999999999999,0.0,1.0,-0.21881771294290076,18.47,8.522882461547852,0.9869456,-0.8760505,-1.5265836,0.5960836887359618,0.037184858322143556,0.0
0.18427756884532928,0.44158401778462075,0.49029848510273927,15.12,-183642.49945945948,1.6199999999999999,0.0,1.0,0.010071108127071682,18.475,8.522882461547852,0.9869456,-0.8760505,-1.5265836,0.5960836887359618,0.037184858322143556,0.0
0.18343713156064292,0.43766006963597465,0.49103838706104697,12.059999999999999,-337751.8484210527,1.6199999999999999,0.0,1.0,-0.035706656086922806,18.48,0.0,1.2524164,-0.966202,-1.0782064,0.6,0.010139393806457519,0.0
0.18506931491775572,0.43869323570102325,0.48977696799754117,9.18,-377487.35999999987,1.6199999999999999,0.0,1.0,0.05584887234106617,18.485,0.0,1.2524164,-0.966202,-1.0782064,0.6,0.010139393806457519,0.0
0.19705087074451413,0.4405932578967152,0.486931310780895,6.66,-340956.32516129024,1.44,-24354.023225806442,1.0,-0.24933622241889708,18.490000000000002,0.0,1.2524164,-0.966202,-1.0782064,0.6,0.010139393806457519,0.0
0.21581025400483622,0.43642305365257483,0.4865794501314908,4.859999999999999,-228780.21818181826,4.32,366048.3490909091,1.0,4.633625293740627,18.495,0.0,1.2524164,-0.966202,-1.0782064,0.6,0.010139393806457519,0.0
0.2304932593800677,0.43225389322451063,0.4868218500773142,4.859999999999999,0.0,4.859999999999999,68634.06545454534,1.0,-2.294076357310706,18.5,0.0,1.091224,-1.4230763,-1.7142134,0.6,0.0,0.0
0.2466781073901087,0.43437860227991876,0.48213828951812215,6.3,201326.59200000006,2.16,-377487.3599999999,1.0,6.8614764854884704,18.505,0.0,1.091224,-1.4230763,-1.7142134,0.6,0.0,0.0
0.267034857195333,0.41656138268466575,0.4679533283233368,7.92,212336.64,1.6199999999999999,-70778.88000000003,1.0,0.11688589129305882,18.51,0.0,1.091224,-1.4230763,-1.7142134,0.6,0.0,0.0
0.2827894760443645,0.39239817877247624,0.44935318521678064,10.26,53.98787286709132,1.6199999999999999,0.0,1.0,0.17792291024505147,18.515,0.0,1.091224,-1.4230763,-1.7142134,0.6,0.0,0.0
0.29746464984786875,0.37681110565553577,0.42887789863737197,12.78,67754.14153846152,1.6199999999999999,0.0,1.0,-0.26459547715689524,18.52,0.0,1.1464685,-1.8807024,-0.9263413,0.6,0.0,0.022097611427307127
0.315117819497433,0.3682066782730592,0.40888184194083155,15.66,294624.28097560984,1.6199999999999999,0.0,1.0,0.46784875026701656,18.525000000000002,0.0,1.1464685,-1.8807024,-0.9263413,0.6,0.0,0.022097611427307127
0.32957667499644555,0.3484173062912529,0.39309024843960927,18.9,388272.71314285696,1.6199999999999999,0.0,1.0,-0.5392620624408622,18.53,0.0,1.1464685,-1.8807024,-0.9263413,0.6,0.0,0.022097611427307127
0.34177378662174573,0.3500431764559986,0.3775707317841061,22.5,431414.1257142859,1.6199999999999999,0.0,1.0,0.11688589129305882,18.535,0.0,1.1464685,-1.8807024,-0.9263413,0.6,0.0,0.022097611427307127
0.3559613674549075,0.3353447829024545,0.359334462822983,26.099999999999998,444102.776470588,1.6199999999999999,0.0,1.0,-0.43244727927487503,18.54,0.0,0.7718767,-1.4696267,-1.4119041,0.5315630078315735,0.0,0.0
0.3680752205836801,0.3142214017801708,0.33815851857379164,30.24,542638.0800000001,1.6199999999999999,0.0,1.0,0.010071108127071682,18.545,0.0,0.7718767,-1.4696267,-1.4119041,0.5315630078315735,0.0,0.0
0.3778893102773985,0.29846463650827204,0.315230070750165,34.379999999999995,560142.534193548,1.6199999999999999,0.0,1.0,-0.29511398663289157,18.55,0.0,0.7718767,-1.4696267,-1.4119041,0.5315630078315735,0.0,0.0
0.38871804060920273,0.28490800864284355,0.29191369709178566,38.519999999999996,94.99862440230653,1.6199999999999999,0.0,1.0,-0.06622516556291913,18.555,0.0,0.7718767,-1.4696267,-1.4119041,0.5315630078315735,0.0,0.0
0.3982045542740131,0.27011495685843806,0.26832106557307767,43.019999999999996,343170.32727272727,1.7999999999999998,13726.813090909087,1.0,-0.12726218451491178,18.56,0.0,0.6157559,-1.3868062,-1.4269623,0.4847267746925354,0.0,0.0
0.40607278370823185,0.25735161700009884,0.24565742209350117,47.339999999999996,532923.331764706,1.7999999999999998,0.0,1.0,-0.1577806939909081,18.565,0.0,0.6157559,-1.3868062,-1.4269623,0.4847267746925354,0.0,0.0
0.41444502521761994,0.2580790614800164,0.22342085325640568,51.839999999999996,608850.5806451613,1.7999999999999998,0.0,1.0,-0.05096591082492097,18.57,0.0,0.6157559,-1.3868062,-1.4269623,0.4847267746925354,0.0,0.0
0.4219480933481745,0.24827043685634767,0.20334556376669827,56.16,175916.4396116505,1.98,7329.851650485443,1.0,-0.23407696768089892,18.575,0.0,0.6157559,-1.3868062,-1.4269623,0.4847267746925354,0.0,0.0
0.4279864606906951,0.2281145150323996,0.18382337416271552,60.3,526194.501818182,2.16,22878.021818181838,1.0,-0.1577806939909081,18.580000000000002,0.0,0.7595806,-1.6063423,-0.20801866,0.5278741836547851,0.0,0.23759440183639524
0.4347292215110275,0.21649553150038786,0.16617413602244654,64.44,542638.0800000001,2.52,47185.919999999984,1.0,-0.14252143925290994,18.585,0.0,0.7595806,-1.6063423,-0.20801866,0.5278741836547851,0.0,0.23759440183639524
0.4412407944796655,0.197407278070825,0.14969726908341932,68.22,480438.4581818183,3.2399999999999998,91512.08727272724,1.0,-0.11200292977691362,18.59,0.0,0.7595806,-1.6063423,-0.20801866,0.5278741836547851,0.0,0.23759440183639524
0.44695445161861624,0.17573479173314727,0.13484636270873576,71.64,448266.2400000002,4.32,141557.76000000007,1.0,-0.18829920346690443,18.595,0.0,0.7595806,-1.6063423,-0.20801866,0.5278741836547851,0.0,0.23759440183639524
0.45252170939492103,0.16096936425873512,0.12111451628874431,74.7,72.53464508545082,5.76,34.13395062844741,1.0,-0.2798547318948934,18.6,0.0,0.10924925,-1.1051005,-0.927112,0.3327747747302055,0.0,0.021866405010223387
0.45820988850569017,0.14575732880216902,0.10938167809600216,77.39999999999999,176947.19999999925,7.92,141557.76,1.0,-0.08148442030091729,18.605,0.0,0.10924925,-1.1051005,-0.927112,0.3327747747302055,0.0,0.021866405010223387
0.4630755070164213,0.13239157213599953,0.09755534895992707,79.74,272629.7600000004,10.44,293601.27999999997,1.0,-0.005188146610926481,18.61,0.0,0.10924925,-1.1051005,-0.927112,0.3327747747302055,0.0,0.021866405010223387
0.4676543290743124,0.1067771867776123,0.0871633220931654,81.53999999999999,243540.23225806412,13.68,438372.41806451615,1.0,-0.08148442030091729,18.615000000000002,0.0,0.10924925,-1.1051005,-0.927112,0.3327747747302055,0.0,0.021866405010223387
0.4715356839919857,0.09415740899540917,0.07902231212035109,82.8,165150.72000000067,17.46,495452.16000000015,1.0,-0.08148442030091729,18.62,0.0,-0.46693662,-0.71037006,0.43314904,0.15991901457309723,0.08688898086547851,0.42994471192359923
0.474812913483892,0.08112712079159179,0.0716314255514897,83.52,91512.08727272713,21.96,571950.5454545454,1.0,-0.05096591082492097,18.625,0.0,-0.46693662,-0.71037006,0.43314904,0.15991901457309723,0.08688898086547851,0.42994471192359923
0.4777345436639133,0.0737498136013944,0.06090942695114763,83.88,14659.70330097085,27.0,205235.8462135922,1.0,-0.12726218451491178,18.63,0.0,-0.46693662,-0.71037006,0.43314904,0.15991901457309723,0.08688898086547851,0.42994471192359923
0.47979821327973593,0.0757563602378332,0.05288298006288017,83.88,0.0,32.22,398077.57963636355,1.0,0.07110812707906433,18.635,0.0,-0.46693662,-0.71037006,0.43314904,0.15991901457309723,0.08688898086547851,0.42994471192359923
0.4810614503379502,0.04998879271004709,0.043187744108182484,83.52,-8.351259312519,37.44,121.09326003152565,1.0,-0.29511398663289157,18.64,0.0,-0.2668214,-0.74264574,-0.42425284,0.21995357573032379,0.07720627784729003,0.1727241486310959
0.4821292090782834,0.0497740021603572,0.035875203899693134,83.34,-13481.691428570875,42.3,364005.6685714285,1.0,-0.09674367503891546,18.645,0.0,-0.2668214,-0.74264574,-0.42425284,0.21995357573032379,0.07720627784729003,0.1727241486310959
0.482763441587609,0.04525638707853257,0.04455772253553764,83.16,-23592.960000000894,46.26,519045.1200000001,1.0,-0.34089175084688605,18.650000000000002,0.0,-0.2668214,-0.74264574,-0.42425284,0.21995357573032379,0.07720627784729003,0.1727241486310959
0.48334032998577975,0.027417546532935228,0.04858565481637544,83.16,0.0,49.14,389664.37161290355,1.0,-0.020447401348924643,18.655,0.0,-0.2668214,-0.74264574,-0.42425284,0.21995357573032379,0.07720627784729003,0.1727241486310959
0.4837868714661209,0.015279528484161392,0.04254726004276843,83.34,24354.023225807374,50.76,219186.20903225773,1.0,-0.12726218451491178,18.66,0.0,-0.6982491,-0.47160324,0.43007565,0.09052526950836182,0.15851902663707731,0.42902269363403317
0.4857820150910801,0.024953285342500877,0.05095593417977944,83.7,48708.04645161283,50.94,24354.023225806413,1.0,-0.06622516556291913,18.665,0.0,-0.6982491,-0.47160324,0.43007565,0.09052526950836182,0.15851902663707731,0.42902269363403317
0.4878277091634913,0.027456796187928696,0.06500814763406151,84.24,73062.06967741827,50.04,-121770.11612903206,1.0,-0.17303994872890627,18.67,0.0,-0.6982491,-0.47160324,0.43007565,0.09052526950836182,0.15851902663707731,0.42902269363403317
0.48779337545402657,0.029312309950833365,0.07840132852097996,84.78,68634.06545454625,48.42,-205902.19636363603,1.0,0.025330362865069844,18.675,0.0,-0.6982491,-0.47160324,0.43007565,0.09052526950836182,0.15851902663707731,0.42902269363403317
0.48643209859851844,0.015777606355762298,0.08329757199542855,85.32,70778.87999999896,46.44,-259522.56000000052,1.0,0.025330362865069844,18.68,0.0,-0.43564436,-0.6055442,-0.45259294,0.16930669248104094,0.1183367371559143,0.16422211825847624
0.486215722913311,0.025211322466701935,0.07906388298239547,85.32,0.0,44.64,-43.88673471760404,1.0,0.0863673818170625,18.685,0.0,-0.43564436,-0.6055442,-0.45259294,0.16930669248104094,0.1183367371559143,0.16422211825847624
0.4851836711991851,0.021661866943412218,0.07926820607434178,85.32,0.0,42.66,-60618.4081751826,1.0,-0.2798547318948934,18.69,0.0,-0.43564436,-0.6055442,-0.45259294,0.16930669248104094,0.1183367371559143,0.16422211825847624
0.48283844380052887,0.022997414297697465,0.08625234142031707,84.96,-38716.652307692246,40.86,-193583.26153846123,1.0,0.0863673818170625,18.695,0.0,-0.43564436,-0.6055442,-0.45259294,0.16930669248104094,0.1183367371559143,0.16422211825847624
0.48150264227418327,0.009761209506731426,0.10782049359140203,84.6,-41943.039999999935,38.879999999999995,-230686.72000000047,1.0,-0.1577806939909081,18.7,0.0,0.005471304,-0.66045654,-1.2740946,0.30164139121770855,0.10186303853988647,0.0
0.48128768223864926,0.001044494688119331,0.12799635935502812,84.06,-66615.41647058725,36.72,-266461.6658823525,1.0,-0.05096591082492097,18.705000000000002,0.0,0.005471304,-0.66045654,-1.2740946,0.30164139121770855,0.10186303853988647,0.0
0.4789979426318025,0.007778689767816896,0.14275285431709595,83.34,-91512.08727272713,34.56,-274536.2618181814,1.0,-0.06622516556291913,18.71,0.0,0.005471304,-0.66045654,-1.2740946,0.30164139121770855,0.10186303853988647,0.0
0.47217290529816114,-0.0003847719010727927,0.154038414005915,82.8,-70778.88000000082,32.4,-283115.5200000005,1.0,0.14740440076905514,18.715,0.0,0.005471304,-0.66045654,-1.2740946,0.30164139121770855,0.10186303853988647,0.0
0.4631828674355886,0.01070235649730284,0.16066833268259284,82.08,-97416.09290322565,30.06,-316602.3019354839,1.0,-0.23407696768089892,18.72,0.0,-0.12479675,-0.6620817,-1.2072871,0.26256097555160524,0.10137548446655273,0.0
0.45082061366811116,0.01185483095099711,0.1682601361910502,81.17999999999999,-20.39094449696164,27.54,-57.09464459149223,1.0,0.010071108127071682,18.725,0.0,-0.12479675,-0.6620817,-1.2072871,0.26256097555160524,0.10137548446655273,0.0
0.4341600831626551,0.025995603706641106,0.18126764563005535,80.28,-27354.15652173887,25.2,-71120.80695652173,1.0,-0.12726218451491178,18.73,0.0,-0.12479675,-0.6620817,-1.2072871,0.26256097555160524,0.10137548446655273,0.0
0.41569207023934357,0.05357823578663327,0.19357935368435175,79.2,-125829.1199999998,23.04,-251658.24000000002,1.0,-0.11200292977691362,18.735,0.0,-0.12479675,-0.6620817,-1.2072871,0.26256097555160524,0.10137548446655273,0.0
0.3988470261963661,0.054216876010548753,0.2032876330508624,78.11999999999999,-119206.53473684349,20.7,-258280.82526315787,1.0,-0.020447401348924643,18.740000000000002,0.0,0.30109107,-0.67775464,-1.35427,0.39032732248306273,0.09667360782623291,0.0
0.37969981160620897,0.05505932680515671,0.2184829630043078,76.86,-160146.15272727158,18.36,-297414.28363636363,1.0,0.04058961760306801,18.745,0.0,0.30109107,-0.67775464,-1.35427,0.39032732248306273,0.09667360782623291,0.0
0.36215400408940596,0.07661559016484863,0.23429473462879008,75.6,-142833.0551351357,16.02,-265261.3881081081,1.0,-0.1577806939909081,18.75,0.0,0.30109107,-0.67775464,-1.35427,0.39032732248306273,0.09667360782623291,0.0
0.34641569152812407,0.10030641437179719,0.2442093658248304,74.34,-92716.19368420985,13.68,-172187.21684210526,1.0,-0.1577806939909081,18.755,0.0,0.30109107,-0.67775464,-1.35427,0.39032732248306273,0.09667360782623291,0.0
0.3307576593185435,0.09652316279403866,0.2478803524171148,73.08,-176160.7680000007,11.34,-327155.712,1.0,-0.29511398663289157,18.76,0.0,0.18783292,-0.79828525,-1.0895015,0.35634987652301786,0.060514426231384276,0.0
0.31636907461027064,0.11398388874182931,0.2501599377975767,71.64,-194832.1858064513,9.0,-316602.3019354839,1.0,-0.17303994872890627,18.765,0.0,0.18783292,-0.79828525,-1.0895015,0.35634987652301786,0.060514426231384276,0.0
0.3057478233147526,0.10252718091550814,0.2513852018861622,70.02,-39.46617226297734,6.66,-57.006693268744876,1.0,0.04058961760306801,18.77,0.0,0.18783292,-0.79828525,-1.0895015,0.35634987652301786,0.060514426231384276,0.0
0.29823360268688515,0.09181613719143181,0.2500358703142273,68.58,-95869.80571428557,4.5,-143804.70857142858,1.0,-0.09674367503891546,18.775000000000002,0.0,0.18783292,-0.79828525,-1.0895015,0.35634987652301786,0.060514426231384276,0.0
0.2933854790330917,0.09911868475989485,0.24890209219194842,66.78,-222051.38823529377,2.34,-266461.665882353,1.0,-0.2798547318948934,18.78,0.0,0.6553744,-0.8481653,-0.5340439,0.4966123223304748,0.045550417900085446,0.1397868275642395
0.29033322030846404,0.11012438389030235,0.24736523107219102,64.44,-83886.08000000012,1.6199999999999999,-25811.10153846154,1.0,-0.020447401348924643,18.785,0.0,0.6553744,-0.8481653,-0.5340439,0.4966123223304748,0.045550417900085446,0.1397868275642395
0.2878082198534689,0.11422931764206014,0.23956334840718008,61.919999999999995,-301989.8880000004,2.52,107853.53142857144,1.0,-0.09674367503891546,18.79,0.0,0.6553744,-0.8481653,-0.5340439,0.4966123223304748,0.045550417900085446,0.1397868275642395
0.28627082436336404,0.11083844383677885,0.2265978374852296,59.22,-343170.32727272675,3.5999999999999996,137268.13090909086,1.0,-0.23407696768089892,18.795,0.0,0.6553744,-0.8481653,-0.5340439,0.4966123223304748,0.045550417900085446,0.1397868275642395
0.28510992227910403,0.10895427720998413,0.2100115982535892,56.16,-414018.39483870997,4.5,121770.1161290323,1.0,-0.1577806939909081,18.8,0.0,0.25854018,-1.0722548,-0.8493594,0.3775620549917221,0.0,0.045192182064056396
0.2849895782251006,0.11159251050273117,0.1924528761133167,53.1,-414018.39483870903,5.76,170478.16258064512,1.0,-0.06622516556291913,18.805,0.0,0.25854018,-1.0722548,-0.8493594,0.3775620549917221,0.0,0.045192182064056396
0.2856135699772288,0.10197442243559894,0.17376115601699466,50.04,-68.88603362030105,7.199999999999999,32.416956997788695,1.0,-0.26459547715689524,18.81,0.0,0.25854018,-1.0722548,-0.8493594,0.3775620549917221,0.0,0.045192182064056396
0.2865888906649105,0.0967663311398622,0.156194426514934,46.8,-156201.66620689665,8.28,52067.22206896552,1.0,0.07110812707906433,18.815,0.0,0.25854018,-1.0722548,-0.8493594,0.3775620549917221,0.0,0.045192182064056396
0.28845563849160766,0.09352915268452487,0.139408297985529,43.739999999999995,-298478.37767441885,9.54,122902.86139534881,1.0,-0.05096591082492097,18.82,0.0,0.8167031,-0.90899134,-0.021672912,0.5450109243392944,0.02730259895324707,0.2934981264173984
0.29192780501731386,0.08741188454309835,0.12421875366946085,40.68,-356515.83999999944,10.62,125829.12000000001,1.0,-0.17303994872890627,18.825,0.0,0.8167031,-0.90899134,-0.021672912,0.5450109243392944,0.02730259895324707,0.2934981264173984
0.29395214160713534,0.0852849302085693,0.1096405331452129,37.8,-416537.7765517245,11.52,130168.05517241385,1.0,-0.18829920346690443,18.830000000000002,0.0,0.8167031,-0.90899134,-0.021672912,0.5450109243392944,0.02730259895324707,0.2934981264173984
0.29725096436347453,0.08181300545201158,0.09741675995688076,35.1,-333077.08235294063,11.879999999999999,44410.277647058756,1.0,-0.020447401348924643,18.835,0.0,0.8167031,-0.90899134,-0.021672912,0.5450109243392944,0.02730259895324707,0.2934981264173984
0.3015547251666909,0.08231510789814463,0.08672122711283349,32.58,-310871.94352941215,12.059999999999999,22205.138823529378,1.0,-0.05096591082492097,18.84,0.0,0.3833524,-1.1702696,-1.0011772,0.4150057196617126,0.0,0.0
0.3047954280169006,0.093246772294472,0.07656680009081034,30.419999999999998,-74873.52595041323,11.52,-18718.381487603277,1.0,0.04058961760306801,18.845,0.0,0.3833524,-1.1702696,-1.0011772,0.4150057196617126,0.0,0.0
0.30872998770337806,0.09561424251869434,0.0681817487345651,28.799999999999997,-199846.24941176482,10.26,-155435.97176470584,1.0,-0.06622516556291913,18.85,0.0,0.3833524,-1.1702696,-1.0011772,0.4150057196617126,0.0,0.0
0.31237652128280446,0.08975787027934794,0.06684183553362304,27.54,-30.625115405789074,8.459999999999999,-43.75016486541305,1.0,-0.11200292977691362,18.855,0.0,0.3833524,-1.1702696,-1.0011772,0.4150057196617126,0.0,0.0
0.3164181330551214,0.09809179935660792,0.06585040892840509,26.82,-43766.65043478254,5.9399999999999995,-153183.2765217391,1.0,-0.29511398663289157,18.86,0.0,0.9184594,-1.2868304,-1.472181,0.5755378246307373,0.0,0.0
0.3188615959070215,0.09937980228798694,0.06530336990239702,26.64,-6801.574054054044,2.52,-129229.907027027,1.0,-0.05096591082492097,18.865000000000002,0.0,0.9184594,-1.2868304,-1.472181,0.5755378246307373,0.0,0.0
0.324613307254182,0.1039064307638034,0.06552624103655404,25.74,-104857.60000000025,1.44,-125829.12000000001,1.0,0.010071108127071682,18.87,0.0,0.9184594,-1.2868304,-1.472181,0.5755378246307373,0.0,0.0
0.33286002897633915,0.10350115440603057,0.06516060461174454,25.2,-75497.47199999988,2.52,150994.94400000002,1.0,-0.46296578875087135,18.875,0.0,0.9184594,-1.2868304,-1.472181,0.5755378246307373,0.0,0.0
0.338590317927335,0.12199484624863936,0.06531536404202495,25.02,-22205.138823529378,2.88,44410.27764705881,1.0,0.31525620288703493,18.88,0.0,1.0422628,-1.4639179,-1.2288945,0.6,0.0,0.0
0.3446996600275896,0.12089107977414633,0.06808648669957015,25.02,0.0,2.6999999999999997,-22205.138823529433,1.0,0.1626636555070533,18.885,0.0,1.0422628,-1.4639179,-1.2288945,0.6,0.0,0.0
0.3568855972507595,0.11651068805784622,0.06921287237982679,25.919999999999998,121770.11612903206,1.6199999999999999,-146124.1393548387,1.0,-0.18829920346690443,18.89,0.0,1.0422628,-1.4639179,-1.2288945,0.6,0.0,0.0
0.3666444759177566,0.12253158072144515,0.07068569396899059,26.64,16.621802149898507,1.6199999999999999,0.0,1.0,0.11688589129305882,18.895,0.0,1.0422628,-1.4639179,-1.2288945,0.6,0.0,0.0
0.3744911936976251,0.10960705706883314,0.07673585769866412,27.72,63800.68056338018,1.98,21266.893521126767,1.0,-0.5545213171788603,18.900000000000002,0.0,1.2042171,-1.6077819,-0.91722906,0.6,0.0,0.02483128309249878
0.38598922349734965,0.1129748293639951,0.09472825438463295,29.34,194136.35657142868,1.6199999999999999,-43141.412571428584,1.0,-0.09674367503891546,18.905,0.0,1.2042171,-1.6077819,-0.91722906,0.6,0.0,0.02483128309249878
0.3978779603806733,0.11984598956507654,0.11207441154170801,30.959999999999997,219186.20903225773,1.6199999999999999,0.0,1.0,-0.09674367503891546,18.91,0.0,1.2042171,-1.6077819,-0.91722906,0.6,0.0,0.02483128309249878
0.40517168565296785,0.10413794207529427,0.12158480799467396,33.12,323560.5942857143,1.6199999999999999,0.0,1.0,0.0863673818170625,18.915,0.0,1.2042171,-1.6077819,-0.91722906,0.6,0.0,0.02483128309249878
0.40947570858614546,0.10322115368826561,0.1254455191384326,35.46,327155.71200000047,1.6199999999999999,0.0,1.0,-0.29511398663289157,18.92,0.0,1.4530629,-1.884393,0.017208382,0.6,0.0,0.3051625147461891
0.41198319804617767,0.09477838249180662,0.12827652826132616,38.16,98474.96347826072,1.6199999999999999,0.0,1.0,0.4525894955290184,18.925,0.0,1.4530629,-1.884393,0.017208382,0.6,0.0,0.3051625147461891
0.41346029009107804,0.07429880904481007,0.12920361642929443,40.86,343170.3272727276,1.6199999999999999,0.0,1.0,-0.1577806939909081,18.93,0.0,1.4530629,-1.884393,0.017208382,0.6,0.0,0.3051625147461891
0.41787456183428207,0.07029410890134244,0.12661807442025821,43.92,427819.0080000003,1.6199999999999999,0.0,1.0,-0.1577806939909081,18.935,0.0,1.4530629,-1.884393,0.017208382,0.6,0.0,0.3051625147461891
0.42481700211567275,0.0810877905185397,0.12022803546402455,46.98,69.02755945658126,1.6199999999999999,0.0,1.0,-0.2035584582049026,18.94,0.0,1.2532164,-1.4746538,-0.1864694,0.6,0.0,0.24405917823314666
0.42985247459268117,0.06315897189590214,0.11060716027857188,50.04,233355.82254545472,1.6199999999999999,0.0,1.0,-0.2035584582049026,18.945,0.0,1.2532164,-1.4746538,-0.1864694,0.6,0.0,0.24405917823314666
0.4358385259985469,0.04242702402302378,0.0998025838972904,53.46,478150.65600000025,1.6199999999999999,0.0,1.0,0.10162663655506066,18.95,0.0,1.2532164,-1.4746538,-0.1864694,0.6,0.0,0.24405917823314666
0.4426326795496559,0.025339500818535324,0.08923165358722188,56.699999999999996,452984.8319999993,1.6199999999999999,0.0,1.0,-0.17303994872890627,18.955000000000002,0.0,1.2532164,-1.4746538,-0.1864694,0.6,0.0,0.24405917823314666
0.448988565444789,0.02936966655405703,0.07855355207022893,60.12,478150.65600000025,1.7999999999999998,25165.82399999999,1.0,-0.1577806939909081,18.96,0.0,1.412879,-1.735012,0.5655888,0.6,0.0,0.46967663168907164
0.45426964866167396,0.02155420000670346,0.052880366740385085,63.54,462726.4412903228,1.7999999999999998,0.0,1.0,0.1626636555070533,18.965,0.0,1.412879,-1.735012,0.5655888,0.6,0.0,0.46967663168907164
0.4611403178378961,0.027720501459599242,0.05044771254915667,66.96,434682.41454545385,1.7999999999999998,0.0,1.0,-0.12726218451491178,18.97,0.0,1.412879,-1.735012,0.5655888,0.6,0.0,0.46967663168907164
0.4655953444581442,0.020704129436374917,0.046796481328303614,70.2,438372.4180645174,1.7999999999999998,0.0,1.0,-0.23407696768089892,18.975,0.0,1.412879,-1.735012,0.5655888,0.6,0.0,0.46967663168907164
0.4708709674915866,0.017327176974856667,0.03521481270859932,73.44,438372.41806451546,1.98,24354.02322580647,1.0,0.10162663655506066,18.98,0.0,1.0493344,-1.1775829,0.07638515,0.6,0.0,0.32291554436087605
0.4746928536901792,-0.005169553868538046,0.031859362580636284,76.67999999999999,79.66015780156383,2.16,4.425564322309112,1.0,0.14740440076905514,18.985,0.0,1.0493344,-1.1775829,0.07638515,0.6,0.0,0.32291554436087605
0.4791646391189937,-0.010928018257033491,0.02425431055270644,79.56,172565.65028571486,2.52,21570.706285714277,1.0,-0.3256324961088879,18.990000000000002,0.0,1.0493344,-1.1775829,0.07638515,0.6,0.0,0.32291554436087605
0.48392157595125657,-0.012105715100498026,0.01995522910173393,82.25999999999999,96791.63076923037,3.2399999999999998,25811.10153846153,1.0,-0.005188146610926481,18.995,0.0,1.0493344,-1.1775829,0.07638515,0.6,0.0,0.32291554436087605
0.4885295001001541,0.003563264560212632,0.030222107471914176,84.6,288666.8047058828,4.5,155435.9717647059,1.0,0.0863673818170625,19.0,0.0,0.67421544,-1.1706223,0.84677845,0.5022646307945251,0.0,0.5540335357189178
0.49219706246146505,-0.003557021159145711,0.03968680678377076,86.58,286369.72137931094,6.12,234302.49931034484,1.0,-0.09674367503891546,19.005,0.0,0.67421544,-1.1706223,0.84677845,0.5022646307945251,0.0,0.5540335357189178
0.49576648124056283,0.016122305316420303,0.04581194402522092,88.02,177641.11058823502,8.459999999999999,288666.8047058822,1.0,-0.11200292977691362,19.01,0.0,0.67421544,-1.1706223,0.84677845,0.5022646307945251,0.0,0.5540335357189178
0.4983472669582237,0.013676811752440687,0.06267535595297535,88.92,111025.69411764776,11.52,377487.36000000004,1.0,0.07110812707906433,19.015,0.0,0.67421544,-1.1706223,0.84677845,0.5022646307945251,0.0,0.5540335357189178
0.5012895054593682,-0.0012788087535370984,0.08416057577995989,89.28,48708.04645161283,15.299999999999999,511434.4877419354,1.0,0.1626636555070533,19.02,0.0,0.63940597,-0.90359986,0.14199765,0.4918217897415161,0.028920042514801025,0.3425992950797081
0.5029780947159899,-0.006713142290352131,0.10358233074375968,89.1,-4.072491261381935,19.8,101.81228153454455,1.0,-0.18829920346690443,19.025000000000002,0.0,0.63940597,-0.90359986,0.14199765,0.4918217897415161,0.028920042514801025,0.3425992950797081
0.5035267958226936,-0.01753165539395985,0.1207408169611829,88.74,-18414.017560975582,24.48,239382.2282926829,1.0,-0.035706656086922806,19.03,0.0,0.63940597,-0.90359986,0.14199765,0.4918217897415161,0.028920042514801025,0.3425992950797081
0.504797553458671,0.0042072395510112295,0.13689391591106195,88.02,-70230.2065116278,29.16,456496.34232558135,1.0,-0.11200292977691362,19.035,0.0,0.63940597,-0.90359986,0.14199765,0.4918217897415161,0.028920042514801025,0.3425992950797081
0.5061510482305097,0.017357177741633756,0.15069901086794596,87.3,-21417.722553191456,33.48,128506.33531914884,1.0,-0.005188146610926481,19.04,0.0,-0.3212013,-0.081792384,1.4553277,0.20363961160182953,0.2754622846841812,0.6
0.5061605146071502,0.022488554057453158,0.1664080188535586,86.58,-88820.55529411751,36.9,421897.63764705905,1.0,-0.020447401348924643,19.045,0.0,-0.3212013,-0.081792384,1.4553277,0.20363961160182953,0.2754622846841812,0.6
0.5067238675537405,0.03224485231706373,0.18616984292392766,86.39999999999999,-20971.520000000794,38.699999999999996,209715.19999999966,1.0,-0.26459547715689524,19.05,0.0,-0.3212013,-0.081792384,1.4553277,0.20363961160182953,0.2754622846841812,0.6
0.506481007598288,-0.0025471930560508837,0.2017172595071636,86.39999999999999,0.0,39.059999999999995,25165.82399999996,1.0,0.010071108127071682,19.055,0.0,-0.3212013,-0.081792384,1.4553277,0.20363961160182953,0.2754622846841812,0.6
0.5052263437080099,-0.004687778129538234,0.2160475246884591,86.58,22878.021818182686,37.98,-137268.1309090907,1.0,-0.2035584582049026,19.06,0.0,0.30068454,-0.5469084,0.12073327,0.39020536243915555,0.13592748641967772,0.3362199805676937
0.5056805400955692,0.007818918576880168,0.2283151900477216,86.94,48708.04645161283,36.18,-243540.23225806412,1.0,0.025330362865069844,19.065,0.0,0.30068454,-0.5469084,0.12073327,0.39020536243915555,0.13592748641967772,0.3362199805676937
0.5045980732169523,-0.0027007644983505965,0.2361347554988587,87.11999999999999,4.339034920342819,33.839999999999996,-56.40745396445904,1.0,-0.08148442030091729,19.07,0.0,0.30068454,-0.5469084,0.12073327,0.39020536243915555,0.13592748641967772,0.3362199805676937
0.5031913086883396,-0.010160729276496262,0.2437620248028728,87.11999999999999,0.0,31.5,-116841.32571428553,1.0,0.05584887234106617,19.075,0.0,0.30068454,-0.5469084,0.12073327,0.39020536243915555,0.13592748641967772,0.3362199805676937
0.5028944107659037,-0.023062731101464312,0.2572828933528542,87.11999999999999,0.0,28.799999999999997,-290374.8923076926,1.0,-0.12726218451491178,19.080000000000002,0.0,0.8307408,-0.6803932,-0.84549063,0.5492222428321838,0.0958820343017578,0.04635280966758728
0.5023019944648995,-0.029534705639542604,0.2718003922278035,86.94,-22205.1388235285,25.74,-377487.35999999987,1.0,0.05584887234106617,19.085,0.0,0.8307408,-0.6803932,-0.84549063,0.5492222428321838,0.0958820343017578,0.04635280966758728
0.5021192918175083,-0.012085971542419964,0.2835241714269637,86.75999999999999,-25165.824000000954,22.32,-478150.6559999997,1.0,0.010071108127071682,19.09,0.0,0.8307408,-0.6803932,-0.84549063,0.5492222428321838,0.0958820343017578,0.04635280966758728
0.5026451024545999,-0.00012789621349065816,0.29372761690829924,86.58,-22878.021818180878,18.72,-457560.4363636365,1.0,-0.005188146610926481,19.095,0.0,0.8307408,-0.6803932,-0.84549063,0.5492222428321838,0.0958820343017578,0.04635280966758728
0.5030794599558083,0.0035217901130998575,0.3008360946651079,86.39999999999999,-6088.5058064518435,14.94,-127858.62193548385,1.0,-0.21881771294290076,19.1,0.0,0.66956055,-0.79511786,-1.2133245,0.5008681654930115,0.06146464347839355,0.0
0.5032248685496079,-0.01271942683863163,0.30572673286812485,86.03999999999999,-39735.511578947306,10.98,-437090.62736842094,1.0,0.07110812707906433,19.105,0.0,0.66956055,-0.79511786,-1.2133245,0.5008681654930115,0.06146464347839355,0.0
0.5012426066903457,-0.019510836799086596,0.31459571028548217,85.5,-12.44511690010037,7.02,-91.26419060073741,1.0,-0.23407696768089892,19.11,0.0,0.66956055,-0.79511786,-1.2133245,0.5008681654930115,0.06146464347839355,0.0
0.5008156622425333,-0.004754024412434761,0.32607058350500395,85.14,-19609.732987012954,3.06,-215707.06285714282,1.0,0.05584887234106617,19.115000000000002,0.0,0.66956055,-0.79511786,-1.2133245,0.5008681654930115,0.06146464347839355,0.0
0.5009821026767157,0.011945275982485185,0.33601084869181663,83.34,-193583.26153846123,1.44,-174224.93538461538,1.0,-0.2798547318948934,19.12,0.0,0.95619595,-0.87719667,-1.315181,0.5868587851524353,0.03684099912643433,0.0
0.5000746572903929,0.04121527390698419,0.34810521342279604,81.36,-224451.94378378423,3.2399999999999998,204047.2216216216,1.0,-0.3561510055848842,19.125,0.0,0.95619595,-0.87719667,-1.315181,0.5868587851524353,0.03684099912643433,0.0
0.4999217340766929,0.049581983312364394,0.3609154532694917,79.02,-288666.8047058828,4.32,133230.83294117654,1.0,-0.08148442030091729,19.13,0.0,0.95619595,-0.87719667,-1.315181,0.5868587851524353,0.03684099912643433,0.0
0.500773904768985,0.06605058648154878,0.37070195875295614,77.03999999999999,-237277.7691428576,4.68,43141.412571428504,1.0,-0.2035584582049026,19.135,0.0,0.95619595,-0.87719667,-1.315181,0.5868587851524353,0.03684099912643433,0.0
0.49680218772994017,0.0586048730173676,0.3754964880453105,75.6,-177641.11058823502,3.96,-88820.55529411761,1.0,0.17792291024505147,19.14,0.0,0.5902641,-1.1464812,-1.3347768,0.47707922458648677,0.0,0.0
0.4887175428731505,0.07665244294969903,0.37726319575512735,74.16,-177641.11058823502,2.6999999999999997,-155435.9717647059,1.0,0.2084414197210478,19.145,0.0,0.5902641,-1.1464812,-1.3347768,0.47707922458648677,0.0,0.0
0.4818427291911941,0.08604836814451823,0.37787906982843017,72.72,-194832.1858064513,1.6199999999999999,-146124.1393548387,1.0,-0.1577806939909081,19.150000000000002,0.0,0.5902641,-1.1464812,-1.3347768,0.47707922458648677,0.0,0.0
0.47843846354006364,0.0771529128109271,0.3759410580289909,70.74,-47.232347250422386,1.7999999999999998,4.2938497500383885,1.0,0.04058961760306801,19.155,0.0,0.5902641,-1.1464812,-1.3347768,0.47707922458648677,0.0,0.0
0.47723846045345153,0.06709467720745656,0.3739777294471555,69.3,-111848.10666666648,1.6199999999999999,-13981.013333333329,1.0,-0.26459547715689524,19.16,0.0,0.6699319,-1.1341292,-1.1173705,0.5009795665740967,0.0,0.0
0.4770938694711345,0.07642103726873431,0.37321184741406926,67.67999999999999,-205902.19636363693,1.6199999999999999,0.0,1.0,-0.17303994872890627,19.165,0.0,0.6699319,-1.1341292,-1.1173705,0.5009795665740967,0.0,0.0
0.4773665285173822,0.08195195337723118,0.3719762213496501,66.42,-165150.7199999988,1.6199999999999999,0.0,1.0,-0.3256324961088879,19.17,0.0,0.6699319,-1.1341292,-1.1173705,0.5009795665740967,0.0,0.0
0.4784866147919464,0.0781915993638574,0.3680916227607892,65.34,-156201.6662068963,1.6199999999999999,0.0,1.0,-0.14252143925290994,19.175,0.0,0.6699319,-1.1341292,-1.1173705,0.5009795665740967,0.0,0.0
0.4795886979982335,0.08778911188014059,0.3579589583663782,64.25999999999999,-137268.1309090925,1.6199999999999999,0.0,1.0,-0.31037324137088973,19.18,0.0,0.32430795,-1.2934331,-1.3453804,0.3972923845052719,0.0,0.0
0.4816973385972708,0.08373849753265093,0.34022324860589204,63.36,-111025.69411764601,1.6199999999999999,0.0,1.0,-0.05096591082492097,19.185,0.0,0.32430795,-1.2934331,-1.3453804,0.3972923845052719,0.0,0.0
0.4833110395346498,0.08095949779612838,0.3188608694574581,62.64,-97416.09290322565,1.6199999999999999,0.0,1.0,-0.17303994872890627,19.19,0.0,0.32430795,-1.2934331,-1.3453804,0.3972923845052719,0.0,0.0
0.48392179978401134,0.08851045791076653,0.2954745554376676,62.099999999999994,-12.51788852350306,1.6199999999999999,0.0,1.0,-0.11200292977691362,19.195,0.0,0.32430795,-1.2934331,-1.3453804,0.3972923845052719,0.0,0.0
0.484817602637685,0.09652812659807332,0.2708899900499528,61.919999999999995,-13245.17052631577,1.6199999999999999,0.0,1.0,-0.26459547715689524,19.2,0.0,0.22304024,-1.2835202,-1.4421513,0.3669120714068413,0.0,0.0
0.4859003693969568,0.10389924466664412,0.24689337230962122,61.919999999999995,0.0,1.6199999999999999,0.0,1.0,0.010071108127071682,19.205000000000002,0.0,0.22304024,-1.2835202,-1.4421513,0.3669120714068413,0.0,0.0
0.4864480204048503,0.08925022844949904,0.22340741485307936,62.099999999999994,21570.706285714252,1.6199999999999999,0.0,1.0,-0.1577806939909081,19.21,0.0,0.22304024,-1.2835202,-1.4421513,0.3669120714068413,0.0,0.0
0.48666393420626974,0.10151452110361764,0.20147259129133643,62.28,13481.69142857194,1.6199999999999999,0.0,1.0,-0.06622516556291913,19.215,0.0,0.22304024,-1.2835202,-1.4421513,0.3669120714068413,0.0,0.0
0.4862553539797811,0.08957675502989876,0.18075277741303547,62.64,44410.277647058756,1.7999999999999998,22205.138823529403,1.0,0.025330362865069844,19.22,0.0,0.098410144,-1.2368517,-1.378509,0.32952304333448407,0.0,0.0
0.48572273809853905,0.10034120656663353,0.16222317149226373,63.18,68634.06545454534,1.7999999999999998,0.0,1.0,-0.2035584582049026,19.225,0.0,0.098410144,-1.2368517,-1.378509,0.32952304333448407,0.0,0.0
0.4850476216981169,0.09654055620106412,0.1449172159408208,63.72,70778.87999999989,1.7999999999999998,0.0,1.0,-0.06622516556291913,19.23,0.0,0.098410144,-1.2368517,-1.378509,0.32952304333448407,0.0,0.0
0.48412639462152113,0.07415409314957817,0.12976161529513272,64.44,94371.83999999985,1.7999999999999998,0.0,1.0,-0.05096591082492097,19.235,0.0,0.098410144,-1.2368517,-1.378509,0.32952304333448407,0.0,0.0
0.48329393921942665,0.073135470700718,0.11568627379611551,65.34,21.885735820177434,1.7999999999999998,0.0,1.0,-0.2798547318948934,19.240000000000002,0.0,-0.0013534874,-1.1467751,-1.2920882,0.29959395378828046,0.0,0.0
0.4816672703209289,0.06299681202338608,0.10381702491522021,66.06,36384.32385542163,1.7999999999999998,0.0,1.0,-0.08148442030091729,19.245,0.0,-0.0013534874,-1.1467751,-1.2920882,0.29959395378828046,0.0,0.0
0.4802518716637563,0.0394353482757305,0.09231062424657085,66.96,89877.942857142,1.7999999999999998,0.0,1.0,-0.11200292977691362,19.25,0.0,-0.0013534874,-1.1467751,-1.2920882,0.29959395378828046,0.0,0.0
0.4791338455276446,0.032108988566207315,0.0799264509645575,67.86,114390.10909090981,1.7999999999999998,0.0,1.0,-0.09674367503891546,19.255,0.0,-0.0013534874,-1.1467751,-1.2920882,0.29959395378828046,0.0,0.0
0.47750071388133153,0.026193338684888805,0.071171247110661,68.75999999999999,117964.79999999888,1.7999999999999998,0.0,1.0,-0.34089175084688605,19.26,0.0,-0.020418756,-1.0846279,-0.964622,0.2938743732869625,0.0,0.010613393783569335
0.4741839725613945,0.01644779486125767,0.06679175514538305,69.66,28382.50827067687,1.7999999999999998,0.0,1.0,-0.2798547318948934,19.265,0.0,-0.020418756,-1.0846279,-0.964622,0.2938743732869625,0.0,0.010613393783569335
0.46790868937694957,0.00610583752211908,0.058699996632794835,70.56,102023.61081081146,1.7999999999999998,0.0,1.0,0.05584887234106617,19.27,0.0,-0.020418756,-1.0846279,-0.964622,0.2938743732869625,0.0,0.010613393783569335
0.4610055412308945,0.00823364982637276,0.050771423400687965,71.46,62914.5599999994,1.98,12582.912000000011,1.0,0.010071108127071682,19.275000000000002,0.0,-0.020418756,-1.0846279,-0.964622,0.2938743732869625,0.0,0.010613393783569335
0.4543010327497654,0.007587239077722593,0.04939634619829338,72.17999999999999,16.198480295658957,2.16,4.04962007391475,1.0,-0.1577806939909081,19.28,0.0,-0.17249137,-0.9151416,-0.8905145,0.2482525885105133,0.025457525253295896,0.03284565210342407
0.444906333576967,0.010521215064181818,0.033280301114110906,72.72,32356.059428571803,2.52,21570.706285714277,1.0,-0.11200292977691362,19.285,0.0,-0.17249137,-0.9151416,-0.8905145,0.2482525885105133,0.025457525253295896,0.03284565210342407
0.4348851485953721,0.0005072470841154816,0.03558359157245462,73.25999999999999,58074.978461537605,2.88,38716.6523076923,1.0,-0.3561510055848842,19.29,0.0,-0.17249137,-0.9151416,-0.8905145,0.2482525885105133,0.025457525253295896,0.03284565210342407
0.4273047381905532,-0.015131837023712059,0.025532339951149084,73.61999999999999,45756.04363636357,3.42,68634.06545454546,1.0,-0.12726218451491178,19.295,0.0,-0.17249137,-0.9151416,-0.8905145,0.2482525885105133,0.025457525253295896,0.03284565210342407
0.41802589525881517,-0.012223742329748353,0.022085298577396325,73.98,50331.64800000191,4.14,100663.29599999996,1.0,-0.24933622241889708,19.3,0.0,-0.4486275,-0.7278714,-0.33396542,0.16541174948215484,0.08163857460021973,0.19981037378311156
0.40882286511056165,-0.0047191196975902554,0.01725604884810724,74.16,24354.023225805453,4.859999999999999,97416.09290322577,1.0,-0.1577806939909081,19.305,0.0,-0.4486275,-0.7278714,-0.33396542,0.16541174948215484,0.08163857460021973,0.19981037378311156
0.40069073923026877,-0.008748058565351397,0.012424537636166662,74.16,0.0,5.76,107853.53142857147,1.0,-0.21881771294290076,19.31,0.0,-0.4486275,-0.7278714,-0.33396542,0.16541174948215484,0.08163857460021973,0.19981037378311156
0.39293955250047313,-0.003858461394011218,0.0036827803995311678,74.16,0.0,6.84,141557.76,1.0,0.26947843867304044,19.315,0.0,-0.4486275,-0.7278714,-0.33396542,0.16541174948215484,0.08163857460021973,0.19981037378311156
0.3835365738412792,-0.007776365366184432,0.0019389324672191733,73.98,-6239.460495867513,7.92,37436.76297520661,1.0,-0.09674367503891546,19.32,0.0,-0.25721627,-0.7141453,-0.43375656,0.22283511757850646,0.08575640916824341,0.1698730319738388
0.3761804300183759,-0.002941324815608937,0.004963776322536831,73.8,-4.159846603963991,9.18,29.118926227746826,1.0,-0.06622516556291913,19.325,0.0,-0.25721627,-0.7141453,-0.43375656,0.22283511757850646,0.08575640916824341,0.1698730319738388
0.369257915594252,-0.00991314563886591,0.014871896564150704,73.44,-16777.215999999975,10.44,58720.25599999999,1.0,-0.11200292977691362,19.330000000000002,0.0,-0.25721627,-0.7141453,-0.43375656,0.22283511757850646,0.08575640916824341,0.1698730319738388
0.3613611684250093,-0.013897825304083006,0.0023383587031572317,72.89999999999999,-50331.64800000058,11.879999999999999,134217.72799999994,1.0,0.05584887234106617,19.335,0.0,-0.25721627,-0.7141453,-0.43375656,0.22283511757850646,0.08575640916824341,0.1698730319738388
0.35489389600513865,-0.012951930547392125,-0.014687892801618498,72.36,-61214.166486485585,13.32,163237.77729729743,1.0,-0.18829920346690443,19.34,0.0,-0.54027617,-0.4117105,0.80038035,0.13791714906692504,0.17648684978485107,0.5401141047477722
0.3490221729147776,-0.0157169212122079,-0.012444012177921512,71.82,-70778.88000000082,14.76,188743.67999999993,1.0,-0.035706656086922806,19.345,0.0,-0.54027617,-0.4117105,0.80038035,0.13791714906692504,0.17648684978485107,0.5401141047477722
0.3414610714046046,-0.020323972031548596,-0.018688295547168814,71.1,-88820.55529411751,16.2,177641.11058823523,1.0,-0.1577806939909081,19.35,0.0,-0.54027617,-0.4117105,0.80038035,0.13791714906692504,0.17648684978485107,0.5401141047477722
0.3345342312441099,-0.015975820482770423,-0.009358260838978309,70.38,-91512.08727272713,17.82,205902.1963636365,1.0,-0.09674367503891546,19.355,0.0,-0.54027617,-0.4117105,0.80038035,0.13791714906692504,0.17648684978485107,0.5401141047477722
0.32890067808465007,-0.013760254259332751,-0.005522609044541775,69.48,-117964.79999999888,19.439999999999998,212336.63999999966,1.0,-0.11200292977691362,19.36,0.0,-0.34501106,-0.5829278,-0.15536135,0.1964966833591461,0.12512165307998657,0.2533915936946869
0.32170891390624873,-0.015753456315174528,-0.00015779114974973538,68.39999999999999,-150994.94400000173,21.24,251658.2400000001,1.0,0.10162663655506066,19.365000000000002,0.0,-0.34501106,-0.5829278,-0.15536135,0.1964966833591461,0.12512165307998657,0.2533915936946869
0.31543601994357534,-0.00572500210984555,-0.004069567037084478,67.5,-21.491984217807712,22.86,38.68557159205427,1.0,-0.23407696768089892,19.37,0.0,-0.34501106,-0.5829278,-0.15536135,0.1964966833591461,0.12512165307998657,0.2533915936946869
0.3095156205405395,-0.009469436848026319,0.006169227130711769,66.42,-74259.80852459004,24.66,123766.34754098365,1.0,-0.17303994872890627,19.375,0.0,-0.34501106,-0.5829278,-0.15536135,0.1964966833591461,0.12512165307998657,0.2533915936946869
0.30142329423671194,-0.0175475090522721,0.012907710597349166,65.16,-150994.9440000006,26.459999999999997,215707.0628571425,1.0,-0.12726218451491178,19.38,0.0,-0.23525468,-0.48965517,0.7830782,0.22942359745502472,0.15310344994068145,0.5349234580993653
0.29377879840084115,0.0031436421551991837,0.032344176423279865,63.9,-176160.76799999972,28.08,226492.41600000014,1.0,-0.05096591082492097,19.385,0.0,-0.23525468,-0.48965517,0.7830782,0.22942359745502472,0.15310344994068145,0.5349234580993653
0.2862825465679783,0.0027466357176023745,0.04357215128411187,62.64,-54482.711752577234,29.7,70049.20082474231,1.0,0.025330362865069844,19.39,0.0,-0.23525468,-0.48965517,0.7830782,0.22942359745502472,0.15310344994068145,0.5349234580993653
0.2796079136448715,0.012605217884633122,0.051026974285665,61.379999999999995,-160146.15272727338,31.14,183024.1745454547,1.0,-0.020447401348924643,19.395,0.0,-0.23525468,-0.48965517,0.7830782,0.22942359745502472,0.15310344994068145,0.5349234580993653
0.2732935399458303,0.03056509819778058,0.066709668236683,60.12,-165150.71999999974,32.22,141557.75999999978,1.0,-0.23407696768089892,19.400000000000002,0.0,-0.28549144,-0.72715044,-0.5929008,0.21435256898403168,0.08185486793518067,0.12212975621223449
0.2689955411519647,0.032572347434374045,0.07799515821003716,59.04,-146124.13935483847,33.12,121770.11612903206,1.0,-0.12726218451491178,19.405,0.0,-0.28549144,-0.72715044,-0.5929008,0.21435256898403168,0.08185486793518067,0.12212975621223449
0.26405933251033314,0.03290061090483004,0.09042580860168259,57.78,-29.300875119203344,33.48,8.37167860548667,1.0,-0.11200292977691362,19.41,0.0,-0.28549144,-0.72715044,-0.5929008,0.21435256898403168,0.08185486793518067,0.12212975621223449
0.25810816955438987,0.03527425310377934,0.11537560354859486,56.699999999999996,-83886.08000000042,33.66,13981.01333333331,1.0,0.11688589129305882,19.415,0.0,-0.28549144,-0.72715044,-0.5929008,0.21435256898403168,0.08185486793518067,0.12212975621223449
0.2525169302819087,0.0622433582954686,0.12867954421973446,55.44,-52848.23039999991,33.3,-15099.494399999976,1.0,-0.2035584582049026,19.42,0.0,0.28595155,-0.99675596,-1.0413564,0.3857854664325714,0.000973212718963623,0.0
0.24770308104457642,0.05936597698377382,0.1411549367778806,54.36,-150994.94399999976,32.58,-100663.29599999984,1.0,-0.08148442030091729,19.425,0.0,0.28595155,-0.99675596,-1.0413564,0.3857854664325714,0.000973212718963623,0.0
0.24225024281888594,0.0781813603183798,0.1595449245300164,53.46,-125829.1199999998,31.68,-125829.1199999998,1.0,-0.12726218451491178,19.43,0.0,0.28595155,-0.99675596,-1.0413564,0.3857854664325714,0.000973212718963623,0.0
0.23803150801170558,0.0844563125378072,0.17625424279030408,52.379999999999995,-141557.7600000007,30.24,-188743.68000000017,1.0,-0.020447401348924643,19.435,0.0,0.28595155,-0.99675596,-1.0413564,0.3857854664325714,0.000973212718963623,0.0
0.23491533236209666,0.09013673496270846,0.1888626637174553,51.48,-117964.79999999981,28.259999999999998,-259522.56000000006,1.0,-0.1577806939909081,19.44,0.0,0.45093122,-1.0989558,-1.5089921,0.4352793663740158,0.0,0.0
0.23156862784176152,0.09774777399096429,0.20012465335610868,50.58,-121770.11612903206,26.279999999999998,-267894.25548387103,1.0,-0.08148442030091729,19.445,0.0,0.45093122,-1.0989558,-1.5089921,0.4352793663740158,0.0,0.0
0.22902654587944118,0.11136392795360003,0.2073390572728558,49.68,-71224.03018867913,23.939999999999998,-185182.47849056602,1.0,-0.11200292977691362,19.45,0.0,0.45093122,-1.0989558,-1.5089921,0.4352793663740158,0.0,0.0
0.2275023228491103,0.09995002901932329,0.21193989312586248,48.78,-21.44327198364005,21.599999999999998,-55.75250715746421,1.0,0.10162663655506066,19.455000000000002,0.0,0.45093122,-1.0989558,-1.5089921,0.4352793663740158,0.0,0.0
0.22680873829372164,0.11716647000614541,0.22297317714306394,47.699999999999996,-79471.02315789514,19.08,-185432.387368421,1.0,-0.31037324137088973,19.46,0.0,0.88958275,-1.0076433,-1.3312305,0.5668748259544373,0.0,0.0
0.22688401890225157,0.12793977733121814,0.23787356069339172,46.8,-117964.79999999981,16.56,-330301.43999999994,1.0,0.010071108127071682,19.465,0.0,0.88958275,-1.0076433,-1.3312305,0.5668748259544373,0.0,0.0
0.22659178123372764,0.1286975179376862,0.24984849507931156,45.9,-125829.1199999998,13.68,-402653.18399999983,1.0,0.04058961760306801,19.47,0.0,0.88958275,-1.0076433,-1.3312305,0.5668748259544373,0.0,0.0
0.2264561108759838,0.12832691746041092,0.253942243996655,44.64,-182235.27724137902,10.98,-390504.1655172413,1.0,0.04058961760306801,19.475,0.0,0.88958275,-1.0076433,-1.3312305,0.5668748259544373,0.0,0.0
0.22619800807251095,0.12820388834138274,0.2553960596433021,43.559999999999995,-50897.172134831715,8.1,-135725.7923595506,1.0,-0.14252143925290994,19.48,0.0,0.69123507,-1.2186307,-0.91478693,0.5073705196380615,0.0,0.02556391954421997
0.22625836836652757,0.12448798851933292,0.25664264467764,42.3,-160146.15272727248,5.58,-320292.3054545454,1.0,0.05584887234106617,19.485,0.0,0.69123507,-1.2186307,-0.91478693,0.5073705196380615,0.0,0.02556391954421997
0.22729672284907115,0.12565482766717637,0.2554138110197306,40.86,-188743.6799999997,2.88,-353894.4,1.0,-0.11200292977691362,19.490000000000002,0.0,0.69123507,-1.2186307,-0.91478693,0.5073705196380615,0.0,0.02556391954421997
0.22911218400900232,0.1260304071343797,0.2540244019038258,38.879999999999995,-45.8740777648275,1.44,-33.362965647147206,1.0,0.1626636555070533,19.495,0.0,0.69123507,-1.2186307,-0.91478693,0.5073705196380615,0.0,0.02556391954421997
0.22994941525000573,0.1296759241654528,0.2541445471251744,36.54,-142241.61391304326,2.16,43766.65043478262,1.0,-0.3714102603228824,19.5,0.0,0.7543515,-0.73546946,-0.654945,0.5263054490089416,0.07935916185379029,0.10351649522781371
0.23149591830265354,0.1353182342387107,0.2530127526407031,34.019999999999996,-49390.86953271034,3.42,24695.434766355134,1.0,0.2084414197210478,19.505,0.0,0.7543515,-0.73546946,-0.654945,0.5263054490089416,0.07935916185379029,0.10351649522781371
0.2354754051964952,0.13336850419726368,0.24973800525080725,31.32,-323560.5942857138,4.32,107853.53142857147,1.0,-0.3256324961088879,19.51,0.0,0.7543515,-0.73546946,-0.654945,0.5263054490089416,0.07935916185379029,0.10351649522781371
0.24063486040218565,0.12035428427928925,0.2409934915344167,28.98,-327155.712,5.04,100663.29599999996,1.0,0.19318216498304963,19.515,0.0,0.7543515,-0.73546946,-0.654945,0.5263054490089416,0.07935916185379029,0.10351649522781371
0.24570617260297736,0.11268894945787061,0.22719240738929533,26.82,-266461.665882353,5.22,22205.138823529378,1.0,-0.29511398663289157,19.52,0.0,0.98135364,-0.34201387,-0.024416849,0.5944060921669007,0.19739584028720855,0.292674945294857
0.2576964416049532,0.10513925727647155,0.2100328517043399,24.84,-259522.56000000006,5.22,0.0,1.0,-0.17303994872890627,19.525000000000002,0.0,0.98135364,-0.34201387,-0.024416849,0.5944060921669007,0.19739584028720855,0.292674945294857
0.2759209006310929,0.08204549626197888,0.1921961856691514,23.58,-165150.7200000002,4.32,-117964.79999999993,1.0,-0.1577806939909081,19.53,0.0,0.98135364,-0.34201387,-0.024416849,0.5944060921669007,0.19739584028720855,0.292674945294857
0.2897522991317974,0.07115980281654842,0.173757702173473,22.5,-73062.06967741923,2.6999999999999997,-109593.10451612907,1.0,-0.06622516556291913,19.535,0.0,0.98135364,-0.34201387,-0.024416849,0.5944060921669007,0.19739584028720855,0.292674945294857
0.3031284451335617,0.06581357569938849,0.1564857530938755,21.96,-12.864501647165719,1.44,-30.017170510053386,1.0,0.10162663655506066,19.54,0.0,0.7195884,-0.28727448,-0.21477982,0.5158765196800231,0.21381765604019165,0.23556605279445647
0.32169479264751616,0.06159508577833854,0.1397466981233875,21.24,-59213.70352941196,1.7999999999999998,29606.851764705872,1.0,0.17792291024505147,19.545,0.0,0.7195884,-0.28727448,-0.21477982,0.5158765196800231,0.21381765604019165,0.23556605279445647
0.337755390762185,0.04934636559307826,0.12465821148104686,21.06,-24354.023225806413,1.6199999999999999,-24354.023225806442,1.0,-0.035706656086922806,19.55,0.0,0.7195884,-0.28727448,-0.21477982,0.5158765196800231,0.21381765604019165,0.23556605279445647
0.3504556001528161,0.017184845197187198,0.11094121026506325,21.24,23592.959999999963,1.6199999999999999,0.0,1.0,-0.09674367503891546,19.555,0.0,0.7195884,-0.28727448,-0.21477982,0.5158765196800231,0.21381765604019165,0.23556605279445647
0.36512174418350557,0.006571013817958285,0.09864633736373953,21.96,23778.73133858276,1.6199999999999999,0.0,1.0,-0.18829920346690443,19.56,0.0,0.6987499,-0.25431085,-0.71672684,0.509624969959259,0.2237067461013794,0.08498194813728333
0.3752717196641091,0.017867724611556807,0.08835209075586566,23.04,122428.33297297278,1.6199999999999999,0.0,1.0,-0.12726218451491178,19.565,0.0,0.6987499,-0.25431085,-0.71672684,0.509624969959259,0.2237067461013794,0.08498194813728333
0.38238401165784824,0.007156469488616866,0.08419677705465309,24.48,183024.1745454547,1.6199999999999999,0.0,1.0,-0.46296578875087135,19.57,0.0,0.6987499,-0.25431085,-0.71672684,0.509624969959259,0.2237067461013794,0.08498194813728333
0.3912813860616351,0.01074272428480729,0.08126770378586175,26.459999999999997,259522.5599999996,1.6199999999999999,0.0,1.0,-0.035706656086922806,19.575,0.0,0.6987499,-0.25431085,-0.71672684,0.509624969959259,0.2237067461013794,0.08498194813728333
0.3984465030181254,0.01602074664670611,0.07857668536661164,28.619999999999997,50.181104685942174,1.6199999999999999,0.0,1.0,-0.14252143925290994,19.580000000000002,0.0,0.8648274,-0.6303526,-0.8976221,0.5594482183456421,0.11089421510696411,0.030713367462158202
0.40336870005827674,0.016672061801644267,0.07825293736237042,31.14,203262.42461538487,1.6199999999999999,0.0,1.0,-0.11200292977691362,19.585,0.0,0.8648274,-0.6303526,-0.8976221,0.5594482183456421,0.11089421510696411,0.030713367462158202
0.41047961658720955,0.013681590509725556,0.07949587107472268,33.839999999999996,333077.08235294063,1.6199999999999999,0.0,1.0,-0.14252143925290994,19.59,0.0,0.8648274,-0.6303526,-0.8976221,0.5594482183456421,0.11089421510696411,0.030713367462158202
0.4176355952788817,0.0338293042014325,0.07900318055116085,37.08,438372.4180645164,1.6199999999999999,0.0,1.0,-0.020447401348924643,19.595,0.0,0.8648274,-0.6303526,-0.8976221,0.5594482183456421,0.11089421510696411,0.030713367462158202
0.42258360067801715,0.052806714939133775,0.08287526252745511,40.32,452984.8320000003,1.6199999999999999,0.0,1.0,-0.2798547318948934,19.6,0.0,1.0414866,-1.1580696,0.21474287,0.6,0.0,0.3644228607416153
0.4280530945942277,0.055453336860261083,0.09776538858291108,43.739999999999995,421897.6376470582,1.6199999999999999,0.0,1.0,0.010071108127071682,19.605,0.0,1.0414866,-1.1580696,0.21474287,0.6,0.0,0.3644228607416153
0.4344272674658505,0.06927668707237968,0.11290639651783071,47.339999999999996,457560.4363636365,1.6199999999999999,0.0,1.0,0.0863673818170625,19.61,0.0,1.0414866,-1.1580696,0.21474287,0.6,0.0,0.3644228607416153
0.43904438395200596,0.10167520091366282,0.12530918183786308,51.12,511434.48774193565,1.6199999999999999,0.0,1.0,-0.11200292977691362,19.615000000000002,0.0,1.0414866,-1.1580696,0.21474287,0.6,0.0,0.3644228607416153
0.4425365643353027,0.09837837867856379,0.13944231063499773,54.9,511434.48774193565,1.6199999999999999,0.0,1.0,-0.2035584582049026,19.62,0.0,0.50940365,-0.32443908,-0.46638379,0.4528210937976837,0.20266827642917631,0.16008486449718476
0.44460723839396105,0.09417909592512079,0.1506662113759201,58.86,93.88215919239424,1.7999999999999998,4.267370872381554,1.0,0.010071108127071682,19.625,0.0,0.50940365,-0.32443908,-0.46638379,0.4528210937976837,0.20266827642917631,0.16008486449718476
0.44629653600283303,0.10636246462596523,0.15647589281862576,62.64,93261.58305882355,1.7999999999999998,0.0,1.0,-0.17303994872890627,19.63,0.0,0.50940365,-0.32443908,-0.46638379,0.4528210937976837,0.20266827642917631,0.16008486449718476
0.44802714514549696,0.11884906410125509,0.1589248771638252,66.42,396361.7280000001,1.7999999999999998,0.0,1.0,0.025330362865069844,19.635,0.0,0.50940365,-0.32443908,-0.46638379,0.4528210937976837,0.20266827642917631,0.16008486449718476
0.4495485726345871,0.13205403073452893,0.16091972590797074,70.02,431414.125714285,1.98,21570.706285714306,1.0,-0.17303994872890627,19.64,0.0,0.80864155,-0.389222,0.49579358,0.542592465877533,0.18323340117931367,0.4487380743026733
0.4512388935476027,0.14252088245382522,0.16169003985627142,73.44,434682.4145454548,2.52,68634.06545454546,1.0,-0.020447401348924643,19.645,0.0,0.80864155,-0.389222,0.49579358,0.542592465877533,0.18323340117931367,0.4487380743026733
0.45353031004181105,0.15671009504151062,0.16122184122791797,76.5,388926.3709090912,3.42,114390.10909090909,1.0,0.05584887234106617,19.650000000000002,0.0,0.80864155,-0.389222,0.49579358,0.542592465877533,0.18323340117931367,0.4487380743026733
0.45551033090763543,0.16499185558147295,0.16155570971309557,79.2,343170.3272727276,4.68,160146.1527272727,1.0,-0.020447401348924643,19.655,0.0,0.80864155,-0.389222,0.49579358,0.542592465877533,0.18323340117931367,0.4487380743026733
0.45792974918418167,0.16388773801291223,0.16132656173010632,81.36,301989.8879999995,6.66,276824.0640000001,1.0,-0.2035584582049026,19.66,0.0,0.9299967,0.43872815,0.7334854,0.5789990186691284,0.43161844611167904,0.5200456202030181
0.46033254993440087,0.16447077922688638,0.16105473902993117,82.8,33.361675651789604,9.54,66.72335130357929,1.0,-0.17303994872890627,19.665,0.0,0.9299967,0.43872815,0.7334854,0.5789990186691284,0.43161844611167904,0.5200456202030181
0.46313877255313335,0.15883266765033094,0.1611786576112819,83.7,69905.0666666671,13.32,293601.2800000001,1.0,-0.11200292977691362,19.67,0.0,0.9299967,0.43872815,0.7334854,0.5789990186691284,0.43161844611167904,0.5200456202030181
0.466286984601738,0.16117834208625423,0.16106481515720297,83.88,8118.007741935151,17.82,202950.1935483871,1.0,0.10162663655506066,19.675,0.0,0.9299967,0.43872815,0.7334854,0.5789990186691284,0.43161844611167904,0.5200456202030181
0.4686474562968418,0.16968488397756867,0.1624585950121227,83.52,-44410.277647058756,23.04,643949.0258823528,1.0,-0.24933622241889708,19.68,0.0,-0.0115033835,0.85542464,2.439231,0.2965489849448204,0.5566273927688599,0.6
0.4714006253142068,0.15937387689424054,0.1687027787686778,82.98,-44410.27764705817,28.259999999999998,429299.3505882352,1.0,-0.06622516556291913,19.685,0.0,-0.0115033835,0.85542464,2.439231,0.2965489849448204,0.5566273927688599,0.6
0.47473230511513415,0.1609079025741773,0.17667341768441608,82.08,-117964.80000000075,33.12,637009.9199999999,1.0,-0.21881771294290076,19.69,0.0,-0.0115033835,0.85542464,2.439231,0.2965489849448204,0.5566273927688599,0.6
0.47667806739383883,0.1631827058071153,0.1816215184010243,81.36,-88820.55529411751,37.08,488513.0541176472,1.0,0.07110812707906433,19.695,0.0,-0.0115033835,0.85542464,2.439231,0.2965489849448204,0.5566273927688599,0.6
0.47782171339299345,0.16063692729821497,0.1842323799816016,80.82,-75497.47200000087,39.78,377487.3600000004,1.0,-0.26459547715689524,19.7,0.0,0.15902308,0.4717931,1.4880937,0.34770692288875577,0.4415379256010055,0.6
0.47854905516287705,0.15230387914050675,0.18687675860588995,80.46,-50331.64799999992,41.04,176160.76799999972,1.0,-0.11200292977691362,19.705000000000002,0.0,0.15902308,0.4717931,1.4880937,0.34770692288875577,0.4415379256010055,0.6
0.47910483261160103,0.1513773159060043,0.18881677483499423,80.46,0.0,40.86,-4.358146080712098,1.0,-0.2035584582049026,19.71,0.0,0.15902308,0.4717931,1.4880937,0.34770692288875577,0.4415379256010055,0.6
0.47924940207688654,0.15613619333543957,0.19880202815450518,80.64,8778.775813953822,39.6,-61451.430697674325,1.0,-0.035706656086922806,19.715,0.0,0.15902308,0.4717931,1.4880937,0.34770692288875577,0.4415379256010055,0.6
0.479265185935875,0.15219235878842213,0.21560994788737206,80.82,19358.32615384536,37.44,-232299.91384615423,1.0,-0.11200292977691362,19.72,0.0,0.09227763,0.11613315,0.26127103,0.32768328934907914,0.3348399460315704,0.3783813089132309
0.47916851002261984,0.1486417172517454,0.22853663792842324,80.82,0.0,34.74,-365310.3483870962,1.0,-0.1577806939909081,19.725,0.0,0.09227763,0.11613315,0.26127103,0.32768328934907914,0.3348399460315704,0.3783813089132309
0.4795824152563822,0.1485420272427744,0.24302388185545612,80.82,0.0,31.86,-402653.18400000036,1.0,-0.21881771294290076,19.73,0.0,0.09227763,0.11613315,0.26127103,0.32768328934907914,0.3348399460315704,0.3783813089132309
0.4808823429562307,0.1576091218594628,0.2602584778685895,80.64,-22878.021818180878,28.619999999999997,-411804.392727273,1.0,0.10162663655506066,19.735,0.0,0.09227763,0.11613315,0.26127103,0.32768328934907914,0.3348399460315704,0.3783813089132309
0.48230440517350165,0.18769925853415773,0.273730977951157,80.28,-12177.011612903207,25.2,-115681.61032258059,1.0,-0.29511398663289157,19.740000000000002,0.0,0.24405414,-0.79062927,-0.5453283,0.3732162415981293,0.06281121969223022,0.13640150427818298
0.4823484523205235,0.2108904132656487,0.28735576887471537,79.74,-39050.41655172459,21.599999999999998,-260336.1103448277,1.0,0.04058961760306801,19.745,0.0,0.24405414,-0.79062927,-0.5453283,0.3732162415981293,0.06281121969223022,0.13640150427818298
0.482295655299274,0.2235337189640362,0.302488104352491,78.84,-114390.10909090801,18.0,-457560.4363636361,1.0,-0.035706656086922806,19.75,0.0,0.24405414,-0.79062927,-0.5453283,0.3732162415981293,0.06281121969223022,0.13640150427818298
0.48296806511106,0.22864431225851473,0.3151952927371493,77.58,-28.644958860450863,14.58,-77.75060262122345,1.0,-0.1577806939909081,19.755,0.0,0.24405414,-0.79062927,-0.5453283,0.3732162415981293,0.06281121969223022,0.13640150427818298
0.482870026808996,0.24656123028581173,0.32611389606118074,76.32,-92716.1936842109,11.34,-238413.0694736842,1.0,-0.24933622241889708,19.76,0.0,0.43373802,-0.9154788,-0.52136433,0.43012140691280365,0.02535635232925415,0.14359070062637327
0.4823703258140281,0.2582904113600703,0.33860945816814025,74.7,-199846.2494117635,8.1,-399692.49882352946,1.0,0.05584887234106617,19.765,0.0,0.43373802,-0.9154788,-0.52136433,0.43012140691280365,0.02535635232925415,0.14359070062637327
0.4837123320217839,0.27053948410798445,0.3490931118721901,72.72,-276824.06400000054,4.859999999999999,-452984.83200000005,1.0,0.10162663655506066,19.77,0.0,0.43373802,-0.9154788,-0.52136433,0.43012140691280365,0.02535635232925415,0.14359070062637327
0.4841667128712712,0.2843968157343443,0.35845937361433344,70.74,-267894.2554838715,1.7999999999999998,-414018.3948387096,1.0,0.14740440076905514,19.775000000000002,0.0,0.43373802,-0.9154788,-0.52136433,0.43012140691280365,0.02535635232925415,0.14359070062637327
0.48486900257938664,0.29089544683720375,0.3680858711339142,67.32,-448266.2400000002,1.7999999999999998,0.0,1.0,-0.005188146610926481,19.78,0.0,0.30842313,-1.0413042,-0.97876763,0.39252693951129913,0.0,0.0063697099685668945
0.48763905896828375,0.3024165495219531,0.37826037638309457,64.25999999999999,-401080.3200000003,2.6999999999999997,117964.79999999999,1.0,-0.38666951506088054,19.785,0.0,0.30842313,-1.0413042,-0.97876763,0.39252693951129913,0.0,0.0063697099685668945
0.48948000561565813,0.30946817826892775,0.3860294622954927,61.379999999999995,-377487.3599999994,2.52,-23592.959999999963,1.0,0.04058961760306801,19.79,0.0,0.30842313,-1.0413042,-0.97876763,0.39252693951129913,0.0,0.0063697099685668945
0.48698263064129893,0.31720029271492933,0.391549858596548,58.68,-61.53949419091186,1.6199999999999999,-20.513164730303988,1.0,0.14740440076905514,19.795,0.0,0.30842313,-1.0413042,-0.97876763,0.39252693951129913,0.0,0.0063697099685668945
0.48017281515495347,0.33355128243037,0.39466235017791285,55.8,-142112.88847058837,1.6199999999999999,0.0,1.0,-0.035706656086922806,19.8,0.0,0.117850125,-1.0304548,-0.41706237,0.33535503745079037,0.0,0.1748812884092331
0.47379264991480285,0.3380223662315924,0.39568908776472855,53.28,-278148.58105263114,1.6199999999999999,0.0,1.0,-0.14252143925290994,19.805,0.0,0.117850125,-1.0304548,-0.41706237,0.33535503745079037,0.0,0.1748812884092331
0.46349159779655463,0.3341517349159722,0.39460803046083737,50.76,-330301.4400000004,1.6199999999999999,0.0,1.0,-0.2035584582049026,19.81,0.0,0.117850125,-1.0304548,-0.41706237,0.33535503745079037,0.0,0.1748812884092331
0.451715709981093,0.332721221984469,0.39392313544354896,48.6,-312403.3324137926,1.6199999999999999,0.0,1.0,0.11688589129305882,19.815,0.0,0.117850125,-1.0304548,-0.41706237,0.33535503745079037,0.0,0.1748812884092331
0.4423031996468571,0.32628677033384135,0.39337829993750484,46.62,-259522.56000000052,1.6199999999999999,0.0,1.0,0.025330362865069844,19.82,0.0,0.63796926,-1.0321479,0.18878374,0.49139077663421626,0.0,0.356635120511055
0.43402518551441516,0.3199228419903508,0.39095281403547166,45.0,-219186.20903225773,1.6199999999999999,0.0,1.0,0.04058961760306801,19.825,0.0,0.63796926,-1.0321479,0.18878374,0.49139077663421626,0.0,0.356635120511055
0.42674262327363915,0.3160504066508326,0.38946913465820354,43.559999999999995,-183024.17454545517,1.6199999999999999,0.0,1.0,-0.3561510055848842,19.830000000000002,0.0,0.63796926,-1.0321479,0.18878374,0.49139077663421626,0.0,0.356635120511055
0.42157255184268816,0.31152167583819207,0.3890825994924797,42.48,-141557.75999999978,1.6199999999999999,0.0,1.0,0.11688589129305882,19.835,0.0,0.63796926,-1.0321479,0.18878374,0.49139077663421626,0.0,0.356635120511055
0.41860382123479034,0.3040858429322396,0.3831967689669411,41.76,-17.475154243653442,1.6199999999999999,0.0,1.0,-0.3561510055848842,19.84,0.0,-0.15200305,-1.3953235,-1.0452242,0.2543990850448608,0.0,0.0
0.41758055731154253,0.31061324088754955,0.3712491174546202,41.58,-11268.279402985057,1.6199999999999999,0.0,1.0,0.10162663655506066,19.845,0.0,-0.15200305,-1.3953235,-1.0452242,0.2543990850448608,0.0,0.0
0.4167482417243451,0.30113222476110774,0.3592095651381716,41.4,-6740.845714285703,1.6199999999999999,0.0,1.0,-0.5545213171788603,19.85,0.0,-0.15200305,-1.3953235,-1.0452242,0.2543990850448608,0.0,0.0
0.415265655446183,0.2901439734937328,0.34706415935340096,41.58,22878.021818181784,1.6199999999999999,0.0,1.0,0.2542191839350423,19.855,0.0,-0.15200305,-1.3953235,-1.0452242,0.2543990850448608,0.0,0.0
0.413051524678844,0.2901044612476191,0.3305525958514992,41.94,45756.04363636357,1.6199999999999999,0.0,1.0,-0.2035584582049026,19.86,0.0,-0.7017273,-0.9782702,-1.6556133,0.08948181867599488,0.006518948078155518,0.0
0.41097265571950375,0.27543886534060075,0.3127091831617797,42.48,62914.5599999999,1.6199999999999999,0.0,1.0,-0.005188146610926481,19.865000000000002,0.0,-0.7017273,-0.9782702,-1.6556133,0.08948181867599488,0.006518948078155518,0.0
0.4080816327546574,0.2653924919724242,0.2940482376395424,43.379999999999995,114390.10909090891,1.6199999999999999,0.0,1.0,0.04058961760306801,19.87,0.0,-0.7017273,-0.9782702,-1.6556133,0.08948181867599488,0.006518948078155518,0.0
0.4021934554429771,0.24346174099142537,0.2771479833866062,44.28,114390.10909090981,1.6199999999999999,0.0,1.0,-0.05096591082492097,19.875,0.0,-0.7017273,-0.9782702,-1.6556133,0.08948181867599488,0.006518948078155518,0.0
0.39613108311419193,0.21066476865119854,0.26361806319367537,45.36,24.316111009715996,1.6199999999999999,0.0,1.0,-0.035706656086922806,19.88,0.0,-0.77968454,-0.82207274,-1.6271442,0.06609463691711426,0.053378176689147946,0.0
0.39171525678474706,0.18360198492705496,0.2553675185259923,46.62,105696.46079999983,1.6199999999999999,0.0,1.0,0.11688589129305882,19.885,0.0,-0.77968454,-0.82207274,-1.6271442,0.06609463691711426,0.053378176689147946,0.0
0.3894760452382022,0.16837131325478347,0.25232362690799515,47.699999999999996,146124.13935483847,1.6199999999999999,0.0,1.0,-0.17303994872890627,19.89,0.0,-0.77968454,-0.82207274,-1.6271442,0.06609463691711426,0.053378176689147946,0.0
0.3874891811127145,0.14490031779900492,0.2504503237911997,49.14,208268.88827586276,1.7999999999999998,26033.61103448275,1.0,-0.08148442030091729,19.895,0.0,-0.77968454,-0.82207274,-1.6271442,0.06609463691711426,0.053378176689147946,0.0
0.38518125893294375,0.12457388739366815,0.24921845892285888,50.4,60745.092413793005,1.7999999999999998,0.0,1.0,-0.2798547318948934,19.900000000000002,0.0,0.17229195,-0.47187045,-1.1416892,0.3516875848174095,0.1584388643503189,0.0
0.3835687377871491,0.12724552323719424,0.24979693671649117,51.66,160146.15272727248,1.7999999999999998,0.0,1.0,-0.005188146610926481,19.905,0.0,0.17229195,-0.47187045,-1.1416892,0.3516875848174095,0.1584388643503189,0.0
0.3817861110959019,0.1103494448786313,0.2499726356587454,53.1,105961.36421052668,1.7999999999999998,0.0,1.0,-0.11200292977691362,19.91,0.0,0.17229195,-0.47187045,-1.1416892,0.3516875848174095,0.1584388643503189,0.0
0.3799911228290955,0.08926636671123546,0.24985579023696272,54.36,165150.71999999974,1.7999999999999998,0.0,1.0,0.025330362865069844,19.915,0.0,0.17229195,-0.47187045,-1.1416892,0.3516875848174095,0.1584388643503189,0.0
0.3776429994261552,0.07312504701512478,0.24993582140636472,55.62,170478.1625806449,1.7999999999999998,0.0,1.0,-0.06622516556291913,19.92,0.0,0.12901263,0.2638536,-0.990368,0.33870378881692886,0.37915608286857605,0.0028895974159240724
0.37586573366483367,0.0766610654315295,0.24819316385304113,56.879999999999995,30.506846462010873,1.7999999999999998,0.0,1.0,-0.035706656086922806,19.925,0.0,0.12901263,0.2638536,-0.990368,0.33870378881692886,0.37915608286857605,0.0028895974159240724
0.3737121468510989,0.06484833176125963,0.24278555454359027,58.14,86636.44327868888,1.98,12376.634754098372,1.0,-0.5850398266548567,19.93,0.0,0.12901263,0.2638536,-0.990368,0.33870378881692886,0.37915608286857605,0.0028895974159240724
0.37072190257155224,0.056951220603504916,0.2317959280028932,59.22,129424.23771428551,2.16,21570.706285714306,1.0,0.26947843867304044,19.935,0.0,0.12901263,0.2638536,-0.990368,0.33870378881692886,0.37915608286857605,0.0028895974159240724
0.36062673294676273,0.0588188653972039,0.2171269902801135,60.12,107853.53142857125,2.34,21570.706285714252,1.0,0.0863673818170625,19.94,0.0,-0.52967894,0.6104764,-0.4098238,0.14109631776809692,0.4831429123878479,0.1770528584718704
0.348268704108186,0.053162695640767116,0.20062911816597037,61.019999999999996,121770.11612903206,2.6999999999999997,48708.046451612885,1.0,0.11688589129305882,19.945,0.0,-0.52967894,0.6104764,-0.4098238,0.14109631776809692,0.4831429123878479,0.1770528584718704
0.3363257872505908,0.04468107355142521,0.1831410411490674,61.739999999999995,91512.08727272713,3.2399999999999998,68634.06545454546,1.0,-0.11200292977691362,19.95,0.0,-0.52967894,0.6104764,-0.4098238,0.14109631776809692,0.4831429123878479,0.1770528584718704
0.32317662874112296,0.04713275152092936,0.16554254466897464,62.46,27705.494311926836,3.78,20779.120733944954,1.0,0.010071108127071682,19.955000000000002,0.0,-0.52967894,0.6104764,-0.4098238,0.14109631776809692,0.4831429123878479,0.1770528584718704
0.3081396991469363,0.03179893858780978,0.1489717212910631,63.0,73062.06967741923,4.5,97416.09290322583,1.0,-0.08148442030091729,19.96,0.0,-0.5820148,0.50961936,0.039621912,0.1253955602645874,0.45288580656051636,0.3118865735828876
0.29596365776771977,0.027546910765988163,0.1333077438625133,63.36,8.318455690344747,5.3999999999999995,20.796139225861886,1.0,-0.11200292977691362,19.965,0.0,-0.5820148,0.50961936,0.039621912,0.1253955602645874,0.45288580656051636,0.3118865735828876
0.28883381656482043,0.015955735947968203,0.11917034459753703,63.72,22878.021818181784,6.4799999999999995,68634.06545454546,1.0,-0.12726218451491178,19.97,0.0,-0.5820148,0.50961936,0.039621912,0.1253955602645874,0.45288580656051636,0.3118865735828876
0.2856003219065188,0.025312448773768658,0.10547863317777399,63.9,22205.138823529378,7.56,133230.8329411765,1.0,0.1626636555070533,19.975,0.0,-0.5820148,0.50961936,0.039621912,0.1253955602645874,0.45288580656051636,0.3118865735828876
0.28343778035779615,0.034145252698347194,0.09388076631279171,63.9,0.0,8.82,176160.7680000001,1.0,-0.035706656086922806,19.98,0.0,-0.35272464,0.091005646,0.5171828,0.19418260753154754,0.3273016937077045,0.45515484809875484
0.2835924902559741,0.031802921690145855,0.0833139583205427,63.9,0.0,10.26,201326.59199999992,1.0,0.0863673818170625,19.985,0.0,-0.35272464,0.091005646,0.5171828,0.19418260753154754,0.3273016937077045,0.45515484809875484
0.28388887435411087,0.06465923772290887,0.07129102850129895,63.72,-22878.021818181784,11.7,183024.17454545447,1.0,-0.11200292977691362,19.990000000000002,0.0,-0.35272464,0.091005646,0.5171828,0.19418260753154754,0.3273016937077045,0.45515484809875484
0.28390515485465856,0.08076021815497528,0.06791638054647546,63.36,-45756.04363636357,13.32,205902.1963636365,1.0,0.26947843867304044,19.995,0.0,-0.35272464,0.091005646,0.5171828,0.19418260753154754,0.3273016937077045,0.45515484809875484
0.2852149697495896,0.10169139744624363,0.066281817858407,63.0,-50331.64799999992,14.94,226492.41599999988,1.0,-0.3561510055848842,20.0,0.0,0.14670715,-0.3157941,-0.4259856,0.3440121442079544,0.20526176691055298,0.17220431864261626
0.286192785567821,0.11862910288281774,0.05519407938785407,62.46,-73062.06967741923,16.74,243540.23225806438,1.0,0.2084414197210478,20.005,0.0,0.14670715,-0.3157941,-0.4259856,0.3440121442079544,0.20526176691055298,0.17220431864261626
0.28625375020556565,0.13957344162004756,0.051432795643291375,61.919999999999995,-13.093333795806675,18.54,43.644445986021765,1.0,-0.17303994872890627,20.01,0.0,0.14670715,-0.3157941,-0.4259856,0.3440121442079544,0.20526176691055298,0.17220431864261626
0.2862878410447025,0.15678861193499508,0.05133592771633267,61.199999999999996,-33554.43199999995,20.52,92274.68800000002,1.0,-0.020447401348924643,20.015,0.0,0.14670715,-0.3157941,-0.4259856,0.3440121442079544,0.20526176691055298,0.17220431864261626
0.286153379071591,0.16030677580159358,0.04673925629694932,60.3,-89877.94285714271,22.5,197731.47428571433,1.0,-0.38666951506088054,20.02,0.0,-0.24767998,-0.19799188,0.9322522,0.22569600641727447,0.24060243666172026,0.5796756684780121
0.2862320726038759,0.17918705002678612,0.0540943462810722,59.4,-15282.889068825887,24.66,36678.93376518219,1.0,-0.05096591082492097,20.025000000000002,0.0,-0.24767998,-0.19799188,0.9322522,0.22569600641727447,0.24060243666172026,0.5796756684780121
0.2868553516212924,0.20260616319979788,0.043978407679588195,58.32,-96379.75148936154,26.64,176696.21106382983,1.0,-0.1577806939909081,20.03,0.0,-0.24767998,-0.19799188,0.9322522,0.22569600641727447,0.24060243666172026,0.5796756684780121
0.28621053267431873,0.2197569672493141,0.06024268938734834,57.239999999999995,-129424.23771428636,28.619999999999997,237277.76914285676,1.0,0.17792291024505147,20.035,0.0,-0.24767998,-0.19799188,0.9322522,0.22569600641727447,0.24060243666172026,0.5796756684780121
0.2859118591692579,0.24094667348441576,0.0751738060774908,56.16,-129424.23771428551,30.419999999999998,215707.06285714294,1.0,-0.29511398663289157,20.04,0.0,-0.48823968,-0.37038943,-0.016753905,0.15352809727191924,0.18888317048549652,0.2949738286435604
0.28489392847838546,0.2597487372925872,0.08951694300845689,54.9,-165150.71999999974,32.04,212336.64000000013,1.0,-0.035706656086922806,20.045,0.0,-0.48823968,-0.37038943,-0.016753905,0.15352809727191924,0.18888317048549652,0.2949738286435604
0.28115452315164413,0.2708275855354395,0.11604213728868519,53.82,-24.55135806617703,33.12,24.55135806617703,1.0,-0.2035584582049026,20.05,0.0,-0.48823968,-0.37038943,-0.016753905,0.15352809727191924,0.18888317048549652,0.2949738286435604
0.27617325373675683,0.2883603523778227,0.13653447632455723,52.739999999999995,-35668.097007874196,33.66,17834.04850393698,1.0,-0.08148442030091729,20.055,0.0,-0.48823968,-0.37038943,-0.016753905,0.15352809727191924,0.18888317048549652,0.2949738286435604
0.2723643722762537,0.28607610127418887,0.15151006016479385,51.66,-133230.83294117625,33.839999999999996,22205.138823529378,1.0,0.025330362865069844,20.06,0.0,-0.096617624,-0.29530838,-0.44273886,0.2710147127509117,0.21140748560428618,0.16717834174633026
0.2690082672054556,0.2881228478931674,0.16852209877947255,50.58,-150994.94399999976,33.3,-75497.47199999988,1.0,-0.11200292977691362,20.065,0.0,-0.096617624,-0.29530838,-0.44273886,0.2710147127509117,0.21140748560428618,0.16717834174633026
0.2659965065310932,0.28556894770790686,0.1871901158173273,49.68,-125829.1199999998,32.22,-150994.94399999976,1.0,-0.2035584582049026,20.07,0.0,-0.096617624,-0.29530838,-0.44273886,0.2710147127509117,0.21140748560428618,0.16717834174633026
0.26398477186184305,0.28013385197330287,0.19942898663042694,48.78,-114390.10909090891,30.599999999999998,-205902.1963636365,1.0,0.10162663655506066,20.075,0.0,-0.096617624,-0.29530838,-0.44273886,0.2710147127509117,0.21140748560428618,0.16717834174633026
0.2633108904898781,0.27864358840583414,0.20421203336615318,48.059999999999995,-91512.08727272804,28.799999999999997,-228780.21818181826,1.0,-0.14252143925290994,20.080000000000002,0.0,0.9659356,-0.30439124,-1.3837764,0.5897806763648986,0.2086826294660568,0.0
0.26386600076653755,0.2915264708014001,0.20674201979442253,47.339999999999996,-94371.83999999985,26.64,-283115.51999999955,1.0,0.04058961760306801,20.085,0.0,0.9659356,-0.30439124,-1.3837764,0.5897806763648986,0.2086826294660568,0.0
0.26425573659322477,0.29225383768785307,0.2079637691018386,46.44,-66225.85263157885,24.3,-172187.21684210526,1.0,-0.09674367503891546,20.09,0.0,0.9659356,-0.30439124,-1.3837764,0.5897806763648986,0.2086826294660568,0.0
0.26477201629822317,0.29485092837764565,0.2117609139834964,45.54,-21.991305715600625,21.779999999999998,-61.57565600368192,1.0,-0.08148442030091729,20.095,0.0,0.9659356,-0.30439124,-1.3837764,0.5897806763648986,0.2086826294660568,0.0
0.2653388154310229,0.2970998619730235,0.2250371609286455,44.82,-53926.765714285626,19.259999999999998,-188743.67999999996,1.0,-0.1577806939909081,20.1,0.0,1.1737025,-0.2075009,-1.8749566,0.6,0.23774972856044768,0.0
0.26571819443030104,0.29784411487063817,0.23809649664807342,44.1,-94371.83999999985,16.38,-377487.35999999987,1.0,0.04058961760306801,20.105,0.0,1.1737025,-0.2075009,-1.8749566,0.6,0.23774972856044768,0.0
0.2658707166975098,0.2807954940346971,0.2504040157389312,43.379999999999995,-97416.09290322661,13.32,-414018.3948387095,1.0,-0.06622516556291913,20.11,0.0,1.1737025,-0.2075009,-1.8749566,0.6,0.23774972856044768,0.0
0.2656946169684554,0.2824942480088989,0.2609844980682205,42.66,-33931.448089887585,10.08,-152691.51640449438,1.0,0.26947843867304044,20.115000000000002,0.0,1.1737025,-0.2075009,-1.8749566,0.6,0.23774972856044768,0.0
0.2653458421119764,0.2864303189666886,0.2680165240538479,41.94,-94371.83999999985,6.84,-424673.28,1.0,-0.020447401348924643,20.12,0.0,1.3537966,-0.018860169,-1.5219483,0.6,0.2943419493734836,0.0
0.26459581921558895,0.27914058407364883,0.2710411657159379,41.22,-91512.08727272713,3.5999999999999996,-411804.39272727276,1.0,0.10162663655506066,20.125,0.0,1.3537966,-0.018860169,-1.5219483,0.6,0.2943419493734836,0.0
0.26335229272902566,0.27971133021287653,0.27181433197479415,39.96,-165150.71999999974,1.26,-306708.48,1.0,-0.11200292977691362,20.13,0.0,1.3537966,-0.018860169,-1.5219483,0.6,0.2943419493734836,0.0
0.26224110223379726,0.2740731585969821,0.2727580420709378,37.98,-44.34080248594457,2.16,20.15491022088386,1.0,0.19318216498304963,20.135,0.0,1.3537966,-0.018860169,-1.5219483,0.6,0.2943419493734836,0.0
0.2618430709929023,0.2770176180398849,0.2724318146407145,35.82,-113246.20799999982,3.5999999999999996,75497.47199999998,1.0,-0.08148442030091729,20.14,0.0,1.71088,0.19754992,-0.4918461,0.6,0.3592649772763252,0.15244616568088531
0.2635434550186759,0.28339310637430554,0.27139753199556005,33.66,-226492.41600000038,4.68,113246.20800000001,1.0,-0.3561510055848842,20.145,0.0,1.71088,0.19754992,-0.4918461,0.6,0.3592649772763252,0.15244616568088531
0.2662110337187901,0.2854985190836381,0.2713838595039603,31.86,-243540.23225806412,5.22,73062.06967741936,1.0,-0.18829920346690443,20.150000000000002,0.0,1.71088,0.19754992,-0.4918461,0.6,0.3592649772763252,0.15244616568088531
0.2677195171148118,0.29200176040918197,0.2706360425424677,30.419999999999998,-208268.88827586226,5.22,0.0,1.0,0.23895992919704412,20.155,0.0,1.71088,0.19754992,-0.4918461,0.6,0.3592649772763252,0.15244616568088531
0.2709529500034208,0.28458007007929176,0.26883777368463585,29.16,-88080.38399999986,4.859999999999999,-25165.824000000022,1.0,-0.41718802453687687,20.16,0.0,2.092714,-0.113854766,0.18104252,0.6,0.26584357023239136,0.35431275665760037
0.2745676249437814,0.28158640381898226,0.2662135615400644,28.08,-133230.8329411767,3.78,-133230.83294117643,1.0,-0.11200292977691362,20.165,0.0,2.092714,-0.113854766,0.18104252,0.6,0.26584357023239136,0.35431275665760037
0.2763425608039797,0.2831359320460409,0.259467863309669,27.36,-97416.09290322565,2.34,-194832.1858064516,1.0,-0.23407696768089892,20.17,0.0,2.092714,-0.113854766,0.18104252,0.6,0.26584357023239136,0.35431275665760037
0.28034166047235926,0.2843940585116083,0.24658753718295348,26.64,-94371.83999999985,1.44,-117964.79999999999,1.0,-0.020447401348924643,20.175,0.0,2.092714,-0.113854766,0.18104252,0.6,0.26584357023239136,0.35431275665760037
0.2931009777176477,0.2751987436492171,0.22971160116253214,25.919999999999998,-16.701410155018667,1.7999999999999998,8.350705077509302,1.0,-0.11200292977691362,20.18,0.0,1.6017605,0.034107976,0.72031075,0.6,0.31023239269852637,0.5160932242870331
0.31119972172389365,0.27957349526368125,0.21067287785698968,25.74,-14244.806037735827,1.6199999999999999,-14244.806037735843,1.0,0.14740440076905514,20.185,0.0,1.6017605,0.034107976,0.72031075,0.6,0.31023239269852637,0.5160932242870331
0.3245602399837297,0.2664560724632232,0.1918711055869952,25.56,-22205.138823529378,1.6199999999999999,0.0,1.0,-0.17303994872890627,20.19,0.0,1.6017605,0.034107976,0.72031075,0.6,0.31023239269852637,0.5160932242870331
0.3408555671202915,0.2664280753648297,0.1726414071244535,25.919999999999998,50331.64799999992,1.6199999999999999,0.0,1.0,-0.020447401348924643,20.195,0.0,1.6017605,0.034107976,0.72031075,0.6,0.31023239269852637,0.5160932242870331
0.35841726137761426,0.25725481784167353,0.15485865096162177,26.64,30815.294693877655,1.6199999999999999,0.0,1.0,-0.18829920346690443,20.2,0.0,0.96784425,0.094784565,0.56070155,0.590353274345398,0.3284353695809841,0.4682104647159576
0.37137275390540225,0.26407461258859927,0.13804332429422747,27.54,114390.10909090891,1.6199999999999999,0.0,1.0,-0.09674367503891546,20.205000000000002,0.0,0.96784425,0.094784565,0.56070155,0.590353274345398,0.3284353695809841,0.4682104647159576
0.38327791410144796,0.257989579903394,0.12347899230522733,28.98,183024.1745454547,1.6199999999999999,0.0,1.0,0.07110812707906433,20.21,0.0,0.96784425,0.094784565,0.56070155,0.590353274345398,0.3284353695809841,0.4682104647159576
0.39750040590335495,0.25314664105674795,0.10985671600450451,30.779999999999998,251658.2399999996,1.6199999999999999,0.0,1.0,-0.08148442030091729,20.215,0.0,0.96784425,0.094784565,0.56070155,0.590353274345398,0.3284353695809841,0.4682104647159576
0.4075178336002959,0.25702443066385966,0.10189206918897337,32.76,156692.86641509438,1.6199999999999999,0.0,1.0,-0.14252143925290994,20.22,0.0,0.41042364,0.3329241,0.7336392,0.4231270909309387,0.39987722933292386,0.5200917541980743
0.41604785952851925,0.25908802345672693,0.09968324926295212,35.1,56.51724285664936,1.6199999999999999,0.0,1.0,-0.09674367503891546,20.225,0.0,0.41042364,0.3329241,0.7336392,0.4231270909309387,0.39987722933292386,0.5200917541980743
0.4249319681989604,0.2636550566691347,0.09815027883777934,37.62,110100.47999999982,1.6199999999999999,0.0,1.0,-0.3256324961088879,20.23,0.0,0.41042364,0.3329241,0.7336392,0.4231270909309387,0.39987722933292386,0.5200917541980743
0.4320375573323287,0.26752468416322106,0.09721318710383034,40.5,274536.2618181821,1.6199999999999999,0.0,1.0,-0.21881771294290076,20.235,0.0,0.41042364,0.3329241,0.7336392,0.4231270909309387,0.39987722933292386,0.5200917541980743
0.4372855080516406,0.2695604829760346,0.1016310717180795,43.559999999999995,388926.37090909027,1.6199999999999999,0.0,1.0,-0.29511398663289157,20.240000000000002,0.0,0.8286722,-0.16115008,1.2257582,0.5486016511917114,0.2516549751162529,0.6
0.44395368945134805,0.2762950513851759,0.1124708715058488,46.8,411804.392727273,1.6199999999999999,0.0,1.0,0.11688589129305882,20.245,0.0,0.8286722,-0.16115008,1.2257582,0.5486016511917114,0.2516549751162529,0.6
0.44917764816414607,0.26930291905363124,0.12286729081715804,50.04,377487.3600000002,1.6199999999999999,0.0,1.0,-0.3561510055848842,20.25,0.0,0.8286722,-0.16115008,1.2257582,0.5486016511917114,0.2516549751162529,0.6
0.4532174424244368,0.27452929932794357,0.1377739205473602,53.46,434682.4145454548,1.7999999999999998,22878.02181818181,1.0,0.34577471236303126,20.255,0.0,0.8286722,-0.16115008,1.2257582,0.5486016511917114,0.2516549751162529,0.6
0.4577462681021241,0.2680304160709396,0.15680886514927211,56.699999999999996,99193.75883211663,1.7999999999999998,0.0,1.0,-0.31037324137088973,20.26,0.0,-0.39599177,1.0925263,1.7090974,0.18120246827602385,0.6,0.6
0.4615749340567078,0.2710561774925744,0.17312204409148194,59.76,69.36630657313032,2.16,8.160741949780038,1.0,0.1626636555070533,20.265,0.0,-0.39599177,1.0925263,1.7090974,0.18120246827602385,0.6,0.6
0.4643650406223579,0.27417256301970855,0.18937524755604976,62.64,161061.27360000013,2.88,40265.31839999999,1.0,-0.24933622241889708,20.27,0.0,-0.39599177,1.0925263,1.7090974,0.18120246827602385,0.6,0.6
0.4665634312702759,0.2822378193096076,0.20779956706185268,65.16,301989.8879999995,3.96,129424.23771428573,1.0,-0.08148442030091729,20.275000000000002,0.0,-0.39599177,1.0925263,1.7090974,0.18120246827602385,0.6,0.6
0.46862135082773027,0.28188210940531544,0.22384003696502874,67.14,237277.7691428576,5.58,194136.3565714286,1.0,-0.4019287697988787,20.28,0.0,-0.8460213,1.696062,1.8789803,0.04619361162185669,0.6,0.6
0.46974659827756227,0.2803577340089174,0.23811113391241892,68.58,188743.6799999997,7.739999999999999,283115.5199999999,1.0,-0.12726218451491178,20.285,0.0,-0.8460213,1.696062,1.8789803,0.04619361162185669,0.6,0.6
0.4697087002967604,0.28256207043903475,0.25518201373586413,69.48,117964.80000000075,10.62,377487.36,1.0,-0.26459547715689524,20.29,0.0,-0.8460213,1.696062,1.8789803,0.04619361162185669,0.6,0.6
0.47006292795463767,0.2950123708210141,0.27002817247659555,69.84,45756.04363636357,13.86,411804.39272727276,1.0,0.04058961760306801,20.295,0.0,-0.8460213,1.696062,1.8789803,0.04619361162185669,0.6,0.6
0.4700390061504385,0.29661122883517493,0.28373277395493796,69.84,0.0,17.28,448266.2400000002,1.0,-0.035706656086922806,20.3,0.0,-1.2959092,1.6147267,1.3574612,0.0,0.6,0.6
0.47010681131777876,0.30022482609818274,0.29853558342695713,69.48,-47185.919999999925,20.16,377487.35999999987,1.0,-0.09674367503891546,20.305,0.0,-1.2959092,1.6147267,1.3574612,0.0,0.6,0.6
0.4704346971205682,0.3073782219476153,0.3138477635043063,69.12,-8.759271157828774,21.96,43.79635578914396,1.0,-0.2798547318948934,20.31,0.0,-1.2959092,1.6147267,1.3574612,0.0,0.6,0.6
0.47036047233946854,0.31661859010975146,0.32549391299834013,69.12,0.0,22.5,13726.813090909069,1.0,0.11688589129305882,20.315,0.0,-1.2959092,1.6147267,1.3574612,0.0,0.6,0.6
0.4701201239844828,0.3207790375564475,0.3385687572951731,69.12,0.0,21.599999999999998,-104857.60000000025,1.0,0.07110812707906433,20.32,0.0,-1.3053817,0.31759953,1.1264945,0.0,0.395279860496521,0.6
0.47001039313406795,0.3254955602626336,0.3508748326786736,69.12,0.0,19.98,-117151.24965517223,1.0,0.07110812707906433,20.325,0.0,-1.3053817,0.31759953,1.1264945,0.0,0.395279860496521,0.6
0.46987647908098257,0.3173745503868375,0.3593556016165717,69.12,0.0,17.64,-327155.712,1.0,0.04058961760306801,20.330000000000002,0.0,-1.3053817,0.31759953,1.1264945,0.0,0.395279860496521,0.6
0.46902094538702327,0.31435456895405084,0.3677636717999672,69.12,0.0,14.76,-377487.3600000001,1.0,0.04058961760306801,20.335,0.0,-1.3053817,0.31759953,1.1264945,0.0,0.395279860496521,0.6
0.46759642247958516,0.31990002337596074,0.3773807840656031,69.12,0.0,11.34,-421897.6376470588,1.0,-0.09674367503891546,20.34,0.0,-0.16330025,-1.0691772,0.98884773,0.251009926199913,0.0,0.5966543197631836
0.4672500990828332,0.3276235432541515,0.3846514457712337,68.75999999999999,-50331.64800000191,7.739999999999999,-503316.4800000001,1.0,0.10162663655506066,20.345,0.0,-0.16330025,-1.0691772,0.98884773,0.251009926199913,0.0,0.5966543197631836
0.46575687364361107,0.3294103382696514,0.39200771570904586,68.03999999999999,-16.349318015711003,4.14,-81.74659007855514,1.0,-0.2035584582049026,20.35,0.0,-0.16330025,-1.0691772,0.98884773,0.251009926199913,0.0,0.5966543197631836
0.464603835508465,0.3481501842036098,0.39967969194368463,66.96,-33554.43199999995,1.44,-83886.07999999999,1.0,0.04058961760306801,20.355,0.0,-0.16330025,-1.0691772,0.98884773,0.251009926199913,0.0,0.5966543197631836
0.46607496248612135,0.3514126835930617,0.4071994630750554,64.08,-309733.21846153797,2.16,77433.30461538464,1.0,-0.14252143925290994,20.36,0.0,1.194234,-1.0060123,0.3155568,0.6,0.0,0.394667038321495
0.4661704152768563,0.3572311358302861,0.41480907067286066,61.379999999999995,-343170.3272727276,3.06,114390.10909090909,1.0,-0.08148442030091729,20.365000000000002,0.0,1.194234,-1.0060123,0.3155568,0.6,0.0,0.394667038321495
0.4554979254704733,0.36874632557941467,0.42278059982532373,58.86,-352321.53599999944,3.06,0.0,1.0,-0.29511398663289157,20.37,0.0,1.194234,-1.0060123,0.3155568,0.6,0.0,0.394667038321495
0.43956769886936237,0.3790621787917853,0.42882977249913506,56.339999999999996,-100663.29600000012,1.98,-43141.41257142858,1.0,-0.005188146610926481,20.375,0.0,1.194234,-1.0060123,0.3155568,0.6,0.0,0.394667038321495
0.4241119352448943,0.39608300985014383,0.4331026327451059,53.46,-227916.89660377323,1.6199999999999999,-28489.612075471705,1.0,-0.020447401348924643,20.38,0.0,1.2813915,-1.3030276,-1.343459,0.6,0.0,0.0
0.4067886879516964,0.39241347375073227,0.43802286280000163,50.4,-388926.3709090912,1.7999999999999998,22878.02181818181,1.0,-0.24933622241889708,20.385,0.0,1.2813915,-1.3030276,-1.343459,0.6,0.0,0.0
0.38331380126366416,0.40041247170062855,0.44202751743791463,47.16,-452984.8320000003,1.6199999999999999,-25165.82399999999,1.0,-0.09674367503891546,20.39,0.0,1.2813915,-1.3030276,-1.343459,0.6,0.0,0.0
0.3568642816270507,0.40446578748747397,0.4447947536506031,43.739999999999995,-82.83968399168403,1.6199999999999999,0.0,1.0,-0.020447401348924643,20.395,0.0,1.2813915,-1.3030276,-1.343459,0.6,0.0,0.0
0.3279869942387854,0.4045543767204788,0.44767192755645624,40.32,-150994.94399999976,1.6199999999999999,0.0,1.0,-0.5087435529648658,20.400000000000002,20.0,0.9206028,-0.70037925,-0.30463105,0.5761808395385742,0.08988622426986694,0.2086106836795807
0.2999433024583531,0.40995422340703563,0.45043357483161833,36.9,-341536.18285714305,1.6199999999999999,0.0,1.0,0.07110812707906433,20.405,20.0,0.9206028,-0.70037925,-0.30463105,0.5761808395385742,0.08988622426986694,0.2086106836795807
0.2726580878398722,0.4056156334257644,0.4522973896250281,33.3,-408094.4432432434,1.6199999999999999,0.0,1.0,-0.2035584582049026,20.41,20.0,0.9206028,-0.70037925,-0.30463105,0.5761808395385742,0.08988622426986694,0.2086106836795807
0.24723253875281373,0.3969718926001228,0.45499004627658324,29.7,-471859.1999999997,1.6199999999999999,0.0,1.0,0.11688589129305882,20.415,20.0,0.9206028,-0.70037925,-0.30463105,0.5761808395385742,0.08988622426986694,0.2086106836795807
0.22284287250976947,0.3961187847093422,0.4579160487587555,25.919999999999998,-466307.91529411776,1.6199999999999999,0.0,1.0,-0.11200292977691362,20.42,8.522882461547852,0.18483995,-0.9965879,-1.4008794,0.3554519847035408,0.0010236382484436035,0.0
0.2021614147727599,0.40363948827552115,0.4595477639040267,22.32,-431414.1257142855,1.6199999999999999,0.0,1.0,0.0863673818170625,20.425,8.522882461547852,0.18483995,-0.9965879,-1.4008794,0.3554519847035408,0.0010236382484436035,0.0
0.18964335818796277,0.3996676844317819,0.45943784174265667,18.72,-503316.4800000002,1.6199999999999999,0.0,1.0,-0.06622516556291913,20.43,8.522882461547852,0.18483995,-0.9965879,-1.4008794,0.3554519847035408,0.0010236382484436035,0.0
0.18737529528150973,0.39634402762552823,0.45925850923208567,15.12,-82.6522653500249,1.6199999999999999,0.0,1.0,-0.11200292977691362,20.435,8.522882461547852,0.18483995,-0.9965879,-1.4008794,0.3554519847035408,0.0010236382484436035,0.0
0.18728386686837006,0.3823707806396809,0.4587311789768625,11.879999999999999,-183642.49945945948,1.6199999999999999,0.0,1.0,-0.23407696768089892,20.44,0.0,0.26373357,-1.1496952,-1.7594628,0.37912006974220275,0.0,0.0
0.18910878719983373,0.34979626836728933,0.4566735426444567,8.82,-346880.2767567566,1.6199999999999999,0.0,1.0,-0.11200292977691362,20.445,0.0,0.26373357,-1.1496952,-1.7594628,0.37912006974220275,0.0,0.0
0.1978112173175203,0.3226200629907593,0.4555935413265309,6.12,-314572.80000000005,1.44,-20971.519999999993,1.0,26.72902615436263,20.45,0.0,0.26373357,-1.1496952,-1.7594628,0.37912006974220275,0.0,0.0
0.21219649949354003,0.2935611953110358,0.4556106141987375,4.5,-205902.19636363638,5.9399999999999995,571950.5454545454,1.0,-3.041779839472616,20.455000000000002,0.0,0.26373357,-1.1496952,-1.7594628,0.37912006974220275,0.0,0.0
0.22360493532445175,0.2649695338704481,0.45493567862127415,4.5,0.0,6.3,43141.41257142861,1.0,-0.6460768456068493,20.46,0.0,0.41697353,-1.1430346,-1.3323362,0.4250920593738556,0.0,0.0
0.23776618978352468,0.24386227991355502,0.4514704155837587,5.9399999999999995,172565.65028571422,3.78,-301989.888,1.0,-0.7223731192968401,20.465,0.0,0.41697353,-1.1430346,-1.3323362,0.4250920593738556,0.0,0.0
0.2575787335733694,0.2197915932525684,0.4426707897618984,8.1,274536.26181818184,0.8999999999999999,-366048.34909090906,1.0,0.05584887234106617,20.47,0.0,0.41697353,-1.1430346,-1.3323362,0.4250920593738556,0.0,0.0
0.2735590530725132,0.18546087341715042,0.42976180158824356,9.0,117964.80000000005,2.34,188743.68,1.0,-0.5392620624408622,20.475,0.0,0.41697353,-1.1430346,-1.3323362,0.4250920593738556,0.0,0.0
0.2892032479460142,0.18435535553814814,0.41140151713570244,10.98,48.157553363603164,2.6999999999999997,8.755918793382389,1.0,-1.0428174687948015,20.48,0.0,0.35409325,-1.3561358,-1.4453031,0.4062279760837555,0.0,0.0
0.30643268525340217,0.17006752456282315,0.39427329546166434,13.86,79997.32132450328,1.6199999999999999,-29998.995496688738,1.0,0.5288857692190092,20.485,0.0,0.35409325,-1.3561358,-1.4453031,0.4062279760837555,0.0,0.0
0.3208303367486442,0.16573386039000876,0.37934435957569995,16.38,157755.91164179103,1.6199999999999999,0.0,1.0,-0.5392620624408622,20.490000000000002,0.0,0.35409325,-1.3561358,-1.4453031,0.4062279760837555,0.0,0.0
0.33102447477489383,0.15646434004313245,0.36334874287779817,19.62,357619.6042105265,1.6199999999999999,0.0,1.0,0.8340708639790293,20.495,0.0,0.35409325,-1.3561358,-1.4453031,0.4062279760837555,0.0,0.0
0.33840694660825543,0.14825550005062577,0.3473722829460639,23.04,421897.6376470586,1.6199999999999999,0.0,1.0,-0.9665211951048107,20.5,0.0,0.83691585,-1.7004161,-0.44122478,0.5510747551918029,0.0,0.1676325649023056
0.3422109167582647,0.14628815500348225,0.3341071966931658,26.459999999999997,409843.4194285712,1.6199999999999999,0.0,1.0,0.6814783165989908,20.505,0.0,0.83691585,-1.7004161,-0.44122478,0.5510747551918029,0.0,0.1676325649023056
0.3449063380034874,0.14116099980154487,0.31910890008662407,30.24,466307.91529411776,1.6199999999999999,0.0,1.0,-0.7376323740348383,20.51,0.0,0.83691585,-1.7004161,-0.44122478,0.5510747551918029,0.0,0.1676325649023056
0.3480595375429996,0.13020334186861182,0.30200304498254166,34.199999999999996,535788.5109677416,1.6199999999999999,0.0,1.0,0.3762932218390276,20.515,0.0,0.83691585,-1.7004161,-0.44122478,0.5510747551918029,0.0,0.1676325649023056
0.35005133346357115,0.12116847569193608,0.282135009133154,38.16,89.46306274473898,1.6199999999999999,0.0,1.0,-0.46296578875087135,20.52,0.0,0.37356472,-1.26108,-0.7402419,0.41206941604614256,0.0,0.07792743444442748
0.35231676848432436,0.11374702091481348,0.2618796127921587,42.12,240716.5773913044,1.7999999999999998,10941.662608695648,1.0,0.07110812707906433,20.525000000000002,0.0,0.37356472,-1.26108,-0.7402419,0.41206941604614256,0.0,0.07792743444442748
0.35683707363711015,0.09369322960835826,0.23993062220332195,46.26,482344.9600000001,1.7999999999999998,0.0,1.0,-0.11200292977691362,20.53,0.0,0.37356472,-1.26108,-0.7402419,0.41206941604614256,0.0,0.07792743444442748
0.36095736347830615,0.08092434926197754,0.21886941418031183,50.22,144429.94643478264,1.7999999999999998,0.0,1.0,-0.06622516556291913,20.535,0.0,0.37356472,-1.26108,-0.7402419,0.41206941604614256,0.0,0.07792743444442748
0.3644184235886873,0.07801138035011661,0.19833842519393244,54.18,535788.5109677421,1.7999999999999998,0.0,1.0,0.11688589129305882,20.54,0.0,0.8949326,-1.5475323,0.27084693,0.5684797883033752,0.0,0.38125407993793486
0.3695097042554708,0.07106304119757703,0.17929953385271272,57.96,310871.94352941186,1.7999999999999998,0.0,1.0,-0.17303994872890627,20.545,0.0,0.8949326,-1.5475323,0.27084693,0.5684797883033752,0.0,0.38125407993793486
0.3747560094090058,0.056847285667047456,0.16134766388525665,61.739999999999995,452984.8319999993,1.98,21570.706285714306,1.0,0.22370067445904596,20.55,0.0,0.8949326,-1.5475323,0.27084693,0.5684797883033752,0.0,0.38125407993793486
0.379234110411647,0.04413317647118742,0.14491801295980344,65.52,495452.16000000015,2.16,23592.96000000002,1.0,-0.23407696768089892,20.555,0.0,0.8949326,-1.5475323,0.27084693,0.5684797883033752,0.0,0.38125407993793486
0.383206088975599,0.026746016126081303,0.13035244512972838,68.94,462726.4412903228,2.52,48708.046451612885,1.0,-0.06622516556291913,20.56,0.0,0.34239095,-1.0188881,-0.12634614,0.40271728634834286,0.0,0.26209615767002103
0.3875267665829339,0.020413776699912983,0.11673602420859146,72.36,78.98051260592116,3.06,12.470607253566493,1.0,-0.2798547318948934,20.565,0.0,0.34239095,-1.0188881,-0.12634614,0.40271728634834286,0.0,0.26209615767002103
0.3908452005722914,0.03040127317400801,0.10742478000283495,75.6,219186.20903225773,3.78,48708.046451612885,1.0,-0.09674367503891546,20.57,0.0,0.34239095,-1.0188881,-0.12634614,0.40271728634834286,0.0,0.26209615767002103
0.3943755941043289,0.017524857351865344,0.10563693223834099,78.66,366702.00685714313,4.5,86282.82514285717,1.0,-0.035706656086922806,20.575,0.0,0.34239095,-1.0188881,-0.12634614,0.40271728634834286,0.0,0.26209615767002103
0.40172165408138827,0.008551080786494757,0.10377528634697819,81.36,353894.4000000004,5.76,165150.71999999997,1.0,-0.05096591082492097,20.580000000000002,0.0,0.3889204,-1.0718933,0.8765479,0.4166761189699173,0.0,0.5629643619060516
0.4094699487674584,0.018773384900563288,0.10266449911244041,83.88,352321.53599999944,7.38,226492.41600000003,1.0,0.22370067445904596,20.585,0.0,0.3889204,-1.0718933,0.8765479,0.4166761189699173,0.0,0.5629643619060516
0.415472379407113,0.011883891005224002,0.10335940749140939,85.86,251658.24000000051,9.36,251658.23999999993,1.0,-0.05096591082492097,20.59,0.0,0.3889204,-1.0718933,0.8765479,0.4166761189699173,0.0,0.5629643619060516
0.42016092182539905,0.01687195555311567,0.10346183735726429,87.47999999999999,194136.3565714274,12.059999999999999,323560.5942857142,1.0,0.23895992919704412,20.595,0.0,0.3889204,-1.0718933,0.8765479,0.4166761189699173,0.0,0.5629643619060516
0.42316421295360146,0.006622023305136327,0.10384782548712203,88.56,156201.66620689837,15.479999999999999,494638.6096551724,1.0,-0.3561510055848842,20.6,0.0,0.28518918,-0.8273462,0.24774227,0.38555675446987153,0.051796138286590576,0.3743226796388626
0.4263709472035022,0.017417178679393602,0.1053404117617249,88.92,52067.222068965435,19.62,598773.0537931038,1.0,0.010071108127071682,20.605,0.0,0.28518918,-0.8273462,0.24774227,0.38555675446987153,0.051796138286590576,0.3743226796388626
0.43052855158804165,0.009376639121515354,0.10616678841026868,88.92,0.0,24.119999999999997,109.70599552442667,1.0,-0.21881771294290076,20.61,0.0,0.28518918,-0.8273462,0.24774227,0.38555675446987153,0.051796138286590576,0.3743226796388626
0.43548453368226586,-0.0037663208612452514,0.10666745278333477,88.56,-18641.351111111082,28.98,251658.24000000017,1.0,0.05584887234106617,20.615000000000002,0.0,0.28518918,-0.8273462,0.24774227,0.38555675446987153,0.051796138286590576,0.3743226796388626
0.43909278725818185,0.0006842120136990326,0.11223576991930373,88.2,-32126.583829787185,33.66,417645.5897872337,1.0,-0.17303994872890627,20.62,0.0,-0.4517716,-0.034341224,1.5256966,0.1644685238599777,0.28969763293862344,0.6
0.4450456576463778,0.008310474482649415,0.12957893642932766,87.47999999999999,-20543.52979591874,37.62,112989.41387755105,1.0,0.2542191839350423,20.625,0.0,-0.4517716,-0.034341224,1.5256966,0.1644685238599777,0.28969763293862344,0.6
0.45118955466596683,0.0030602843200649038,0.1465225709025227,87.11999999999999,-38716.652307692246,40.5,309733.2184615387,1.0,-0.08148442030091729,20.63,0.0,-0.4517716,-0.034341224,1.5256966,0.1644685238599777,0.28969763293862344,0.6
0.4545969941268329,-0.003598472355388632,0.1632872233234572,86.94,-19358.32615384536,41.76,135508.28307692287,1.0,0.22370067445904596,20.635,0.0,-0.4517716,-0.034341224,1.5256966,0.1644685238599777,0.28969763293862344,0.6
0.4560967106058849,-0.008279497473834035,0.17855062373474193,87.11999999999999,20971.51999999914,41.4,-41943.039999999935,1.0,-0.24933622241889708,20.64,0.0,0.2500224,-0.48206237,0.47615364,0.37500672340393065,0.15538128912448881,0.44284609258174895
0.4577347501888679,-0.0045665955077286826,0.1875777062542097,87.47999999999999,23967.451428571392,39.96,-95869.80571428557,1.0,0.025330362865069844,20.645,0.0,0.2500224,-0.48206237,0.47615364,0.37500672340393065,0.15538128912448881,0.44284609258174895
0.4575344838985234,-0.0040270175063991664,0.1952382238762811,87.47999999999999,0.0,38.16,-40.91782125630057,1.0,-0.1577806939909081,20.650000000000002,0.0,0.2500224,-0.48206237,0.47615364,0.37500672340393065,0.15538128912448881,0.44284609258174895
0.4565753117281207,-0.011511578306267789,0.2110345252683181,87.66,14244.806037736389,35.82,-185182.47849056576,1.0,0.07110812707906433,20.655,0.0,0.2500224,-0.48206237,0.47615364,0.37500672340393065,0.15538128912448881,0.44284609258174895
0.4572444437797341,-0.010890986461915603,0.22791321169918993,87.47999999999999,-9437.184000000358,33.3,-132120.57600000018,1.0,-0.38666951506088054,20.66,0.0,0.9113281,-0.63765204,-0.4513267,0.5733984231948852,0.10870438814163208,0.16460199058055877
0.4565314401154453,-0.02705476100441722,0.2416298904645752,87.3,-20971.51999999914,30.24,-356515.83999999985,1.0,0.11688589129305882,20.665,0.0,0.9113281,-0.63765204,-0.4513267,0.5733984231948852,0.10870438814163208,0.16460199058055877
0.45452850232450936,-0.027098400308362146,0.2576846646701661,87.11999999999999,-23592.960000000894,26.82,-448266.23999999976,1.0,-0.17303994872890627,20.67,0.0,0.9113281,-0.63765204,-0.4513267,0.5733984231948852,0.10870438814163208,0.16460199058055877
0.45514454090722756,-0.026182163967468548,0.27132874642004096,86.75999999999999,-47185.919999999925,23.04,-495452.16000000015,1.0,0.025330362865069844,20.675,0.0,0.9113281,-0.63765204,-0.4513267,0.5733984231948852,0.10870438814163208,0.16460199058055877
0.4545510673024518,-0.025334989905688644,0.28183101354272494,86.39999999999999,-45756.04363636357,19.08,-503316.4800000001,1.0,-0.09674367503891546,20.68,0.0,0.95984197,-0.7570803,-0.6410564,0.5879525899887085,0.07287590503692627,0.10768307447433471
0.4531130923587633,-0.027065406329306877,0.2929108138550159,86.03999999999999,-50331.64799999992,14.94,-578813.9519999998,1.0,-0.11200292977691362,20.685,0.0,0.95984197,-0.7570803,-0.6410564,0.5879525899887085,0.07287590503692627,0.10768307447433471
0.4522825950102313,-0.0014942901360032942,0.3032623227609768,85.5,-70778.87999999896,10.62,-566231.04,1.0,-0.09674367503891546,20.69,0.0,0.95984197,-0.7570803,-0.6410564,0.5879525899887085,0.07287590503692627,0.10768307447433471
0.4523183695935115,0.020777978043416166,0.3106691187306107,84.78,-17.20161814546674,6.66,-94.60889980006719,1.0,0.11688589129305882,20.695,0.0,0.95984197,-0.7570803,-0.6410564,0.5879525899887085,0.07287590503692627,0.10768307447433471
0.4513511148126384,0.036812301982082386,0.31987923874598473,83.88,-72593.72307692353,2.6999999999999997,-319412.38153846154,1.0,-0.11200292977691362,20.7,0.0,1.2493193,-0.8091742,-0.5657431,0.6,0.05724774599075317,0.1302770733833313
0.4455390657343826,0.03858094399854124,0.3324651482775886,81.36,-330301.4399999995,1.6199999999999999,-141557.75999999998,1.0,0.11688589129305882,20.705000000000002,0.0,1.2493193,-0.8091742,-0.5657431,0.6,0.05724774599075317,0.1302770733833313
0.43732498585405183,0.06504282475839104,0.3450994442406262,79.02,-316602.30193548434,3.5999999999999996,267894.2554838709,1.0,-0.6613361003448475,20.71,0.0,1.2493193,-0.8091742,-0.5657431,0.6,0.05724774599075317,0.1302770733833313
0.42724902209236904,0.0781331411164702,0.35668780783334014,76.14,-416537.7765517235,4.68,156201.66620689657,1.0,0.17792291024505147,20.715,0.0,1.2493193,-0.8091742,-0.5657431,0.6,0.05724774599075317,0.1302770733833313
0.4169651724978719,0.0994538154106121,0.3676269668226547,73.44,-365310.3483870972,5.22,73062.06967741936,1.0,-0.4934842982268677,20.72,0.0,1.1135998,-1.1973486,-0.83616084,0.6,0.0,0.04915174841880798
0.40839301082478807,0.1091793303046725,0.37486556759821466,71.1,-106681.21043478277,5.04,-8206.246956521727,1.0,-0.020447401348924643,20.725,0.0,1.1135998,-1.1973486,-0.83616084,0.6,0.0,0.04915174841880798
0.40318436780344646,0.10325877943546484,0.3769758313817475,68.94,-283115.51999999955,3.96,-141557.76,1.0,0.22370067445904596,20.73,0.0,1.1135998,-1.1973486,-0.83616084,0.6,0.0,0.04915174841880798
0.4012572009417789,0.11694970440101717,0.3767540883152364,66.78,-50.019305227357975,2.52,-33.34620348490537,1.0,0.0863673818170625,20.735,0.0,1.1135998,-1.1973486,-0.83616084,0.6,0.0,0.04915174841880798
0.40139800866199427,0.10303782390503281,0.37657062966004673,64.25999999999999,-160146.15272727338,1.6199999999999999,-57195.05454545456,1.0,-0.21881771294290076,20.740000000000002,0.0,1.1327171,-1.3433776,-0.9314703,0.6,0.0,0.020558917522430418
0.40161508011376307,0.11836264037180563,0.37521539068375365,61.739999999999995,-301989.8879999995,1.7999999999999998,21570.706285714277,1.0,-0.005188146610926481,20.745,0.0,1.1327171,-1.3433776,-0.9314703,0.6,0.0,0.020558917522430418
0.40386891478327197,0.1077197298745477,0.37249281590873723,59.4,-55450.12067796601,1.7999999999999998,0.0,1.0,-0.06622516556291913,20.75,0.0,1.1327171,-1.3433776,-0.9314703,0.6,0.0,0.020558917522430418
0.40709821143995767,0.10286647454945828,0.3715179861497419,56.879999999999995,-340956.32516129076,1.6199999999999999,-24354.023225806442,1.0,-0.08148442030091729,20.755,0.0,1.1327171,-1.3433776,-0.9314703,0.6,0.0,0.020558917522430418
0.40960874562167754,0.11483508543198048,0.37024434796920785,54.72,-274536.2618181814,1.6199999999999999,0.0,1.0,-0.3561510055848842,20.76,0.0,1.256073,-1.0013072,-0.5233406,0.6,0.0,0.14299782514572143
0.4131406278841414,0.11315218479799968,0.3633190169150244,52.739999999999995,-259522.56000000052,1.6199999999999999,0.0,1.0,0.05584887234106617,20.765,0.0,1.256073,-1.0013072,-0.5233406,0.6,0.0,0.14299782514572143
0.41625761912828146,0.10739436222162901,0.3523318388913105,50.94,-228780.21818181782,1.6199999999999999,0.0,1.0,-0.18829920346690443,20.77,0.0,1.256073,-1.0013072,-0.5233406,0.6,0.0,0.14299782514572143
0.4186095470624408,0.11466450522181763,0.34135265382641844,49.14,-251658.2399999996,1.6199999999999999,0.0,1.0,0.07110812707906433,20.775000000000002,0.0,1.256073,-1.0013072,-0.5233406,0.6,0.0,0.14299782514572143
0.4216562191563178,0.11599299000332106,0.3285759309170427,47.879999999999995,-30.736079840876698,1.6199999999999999,0.0,1.0,-0.05096591082492097,20.78,0.0,0.95177007,-1.4064459,-1.0665531,0.5855310201644898,0.0,0.0
0.4251527216284465,0.12238015015892789,0.3148985986974868,46.8,-82360.87854545441,1.6199999999999999,0.0,1.0,0.10162663655506066,20.785,0.0,0.95177007,-1.4064459,-1.0665531,0.5855310201644898,0.0,0.0
0.4272593732348428,0.12335805449807133,0.3032565095109424,45.9,-36649.25825242713,1.6199999999999999,0.0,1.0,-0.2035584582049026,20.79,0.0,0.95177007,-1.4064459,-1.0665531,0.5855310201644898,0.0,0.0
0.4294806897856491,0.11601083369785915,0.29097731056485737,45.36,-68634.06545454534,1.6199999999999999,0.0,1.0,-0.09674367503891546,20.795,0.0,0.95177007,-1.4064459,-1.0665531,0.5855310201644898,0.0,0.0
0.4339593179462641,0.10711751016305684,0.2776488052170388,45.18,-25165.82399999996,1.6199999999999999,0.0,1.0,-0.31037324137088973,20.8,0.0,0.9557787,-1.4640148,-1.266187,0.586733615398407,0.0,0.0
0.4401699710840648,0.11122650675331285,0.2660539886421957,45.36,23592.959999999963,1.6199999999999999,0.0,1.0,-0.2035584582049026,20.805,0.0,0.9557787,-1.4640148,-1.266187,0.586733615398407,0.0,0.0
0.4449724462968427,0.12318994933889424,0.25504905750167456,45.72,47185.919999999925,1.6199999999999999,0.0,1.0,-0.14252143925290994,20.81,0.0,0.9557787,-1.4640148,-1.266187,0.586733615398407,0.0,0.0
0.4510641148612789,0.12071025240873276,0.242633785895314,46.26,73062.06967741923,1.6199999999999999,0.0,1.0,-0.1577806939909081,20.815,0.0,0.9557787,-1.4640148,-1.266187,0.586733615398407,0.0,0.0
0.45877141632515744,0.09945061378189426,0.23222421305439395,47.339999999999996,24.2935505703544,1.6199999999999999,0.0,1.0,-0.005188146610926481,20.82,0.0,0.8753942,-1.5598469,-1.3486513,0.5626182675361633,0.0,0.0
0.46480535623090224,0.0836066581959032,0.22258154929005242,48.42,62052.71671232908,1.6199999999999999,0.0,1.0,0.07110812707906433,20.825,0.0,0.8753942,-1.5598469,-1.3486513,0.5626182675361633,0.0,0.0
0.47039298339113556,0.07751905910101338,0.21359813510888861,49.86,163237.77729729703,1.6199999999999999,0.0,1.0,-0.24933622241889708,20.830000000000002,0.0,0.8753942,-1.5598469,-1.3486513,0.5626182675361633,0.0,0.0
0.47704875775851174,0.08050092474064754,0.20656334979651078,51.66,59446.8283464566,1.6199999999999999,0.0,1.0,0.19318216498304963,20.835,0.0,0.8753942,-1.5598469,-1.3486513,0.5626182675361633,0.0,0.0
0.48142505240288835,0.07216818778767631,0.2018229731244882,53.46,243540.23225806508,1.6199999999999999,0.0,1.0,-0.3256324961088879,20.84,0.0,0.8786615,-1.7174244,-0.5895072,0.5635984539985657,0.0,0.12314783334732055
0.485426729777811,0.05584188613865824,0.1969428708903758,55.44,230686.71999999962,1.6199999999999999,0.0,1.0,0.0863673818170625,20.845,0.0,0.8786615,-1.7174244,-0.5895072,0.5635984539985657,0.0,0.12314783334732055
0.4899587138823264,0.06352369333057396,0.1935374309069809,57.78,316602.30193548434,1.6199999999999999,0.0,1.0,-0.29511398663289157,20.85,0.0,0.8786615,-1.7174244,-0.5895072,0.5635984539985657,0.0,0.12314783334732055
0.4927166489519517,0.040433480030067116,0.19134963914064185,60.12,175261.9885714283,1.6199999999999999,0.0,1.0,0.1626636555070533,20.855,0.0,0.8786615,-1.7174244,-0.5895072,0.5635984539985657,0.0,0.12314783334732055
0.49576320092217224,0.039668911290851885,0.18617438883487156,62.46,327155.71200000047,1.6199999999999999,0.0,1.0,-0.21881771294290076,20.86,0.0,0.42369273,-1.3169879,-1.058539,0.4271078199148178,0.0,0.0
0.4990554186192872,0.028125592589913775,0.17677844093811781,64.98,61.44428601325435,1.7999999999999998,4.3888775723753035,1.0,-0.18829920346690443,20.865000000000002,0.0,0.42369273,-1.3169879,-1.058539,0.4271078199148178,0.0,0.0
0.5012544910605751,0.00960417721321934,0.16571507064683247,67.67999999999999,169024.19104477542,1.7999999999999998,0.0,1.0,-0.23407696768089892,20.87,0.0,0.42369273,-1.3169879,-1.058539,0.4271078199148178,0.0,0.0
0.5036852641516926,0.005399500400906473,0.15203012177601713,70.2,89573.27186440714,1.7999999999999998,0.0,1.0,-0.06622516556291913,20.875,0.0,0.42369273,-1.3169879,-1.058539,0.4271078199148178,0.0,0.0
0.5069577172840127,0.0007487786323453034,0.13767283905846184,72.72,285666.1102702698,1.7999999999999998,0.0,1.0,-0.2798547318948934,20.88,0.0,0.6001221,-1.4184539,-0.123608805,0.48003662824630733,0.0,0.2629173584282398
0.5095773617526961,0.011009309370269012,0.12434536959387264,75.42,377487.3600000004,1.7999999999999998,0.0,1.0,0.0863673818170625,20.885,0.0,0.6001221,-1.4184539,-0.123608805,0.48003662824630733,0.0,0.2629173584282398
0.5117161512618488,0.0032805299471930674,0.11133455576189816,77.75999999999999,297414.2836363623,1.98,22878.021818181838,1.0,-0.06622516556291913,20.89,0.0,0.6001221,-1.4184539,-0.123608805,0.48003662824630733,0.0,0.2629173584282398
0.5141638571058424,-0.0044103572877849,0.09935937041853106,80.1,169218.4717241382,2.34,26033.61103448275,1.0,0.07110812707906433,20.895,0.0,0.6001221,-1.4184539,-0.123608805,0.48003662824630733,0.0,0.2629173584282398
0.5163747978880047,-0.010187682547186916,0.08723664247742274,82.08,267894.2554838715,2.88,73062.06967741936,1.0,-0.3256324961088879,20.900000000000002,0.0,-0.004686229,-0.95418084,-0.78432965,0.29859413132071494,0.013745748996734619,0.06470110416412353
0.5192815494212153,-0.0026218441625122752,0.07994062385923144,83.88,41.34899280339121,3.78,20.674496401695638,1.0,-0.005188146610926481,20.905,0.0,-0.004686229,-0.95418084,-0.78432965,0.29859413132071494,0.013745748996734619,0.06470110416412353
0.5211348784268249,-0.0008004331892224637,0.06928558166887673,85.32,59213.70352941167,5.22,59213.70352941176,1.0,-0.2798547318948934,20.91,0.0,-0.004686229,-0.95418084,-0.78432965,0.29859413132071494,0.013745748996734619,0.06470110416412353
0.5227652052903238,-0.002995022973200187,0.060114961125575614,86.39999999999999,110484.10536585348,7.199999999999999,202554.19317073165,1.0,0.11688589129305882,20.915,0.0,-0.004686229,-0.95418084,-0.78432965,0.29859413132071494,0.013745748996734619,0.06470110416412353
0.5249263222448621,0.0023967199755917904,0.057182544709778606,86.94,70778.88000000082,9.54,306708.48,1.0,-0.18829920346690443,20.92,0.0,-0.7636322,-0.328478,0.7638199,0.07091034650802612,0.20145659744739533,0.5291459619998932
0.525229457468824,-0.00492297281843887,0.05663790495910409,87.11999999999999,25165.823999998967,12.6,427819.0080000001,1.0,0.14740440076905514,20.925,0.0,-0.7636322,-0.328478,0.7638199,0.07091034650802612,0.20145659744739533,0.5291459619998932
0.5254232816791247,-0.011320661171798453,0.05613497033090024,87.11999999999999,0.0,16.2,444102.7764705882,1.0,-0.09674367503891546,20.93,0.0,-0.7636322,-0.328478,0.7638199,0.07091034650802612,0.20145659744739533,0.5291459619998932
0.5256016943921876,-0.011878190766163881,0.05547434534781719,86.58,-62914.55999999907,20.16,461373.4400000001,1.0,-0.14252143925290994,20.935,0.0,-0.7636322,-0.328478,0.7638199,0.07091034650802612,0.20145659744739533,0.5291459619998932
0.5244127072615946,-0.01330727366082447,0.055120920890691934,86.03999999999999,-70778.88000000082,24.119999999999997,519045.11999999965,1.0,-0.26459547715689524,20.94,0.0,-0.3116631,-0.57882357,-0.21414298,0.20650107264518738,0.12635293006896972,0.23575710654258727
0.5240436669299487,-0.004464447282014252,0.054557564054756105,85.32,-100663.29599999984,28.08,553648.1280000001,1.0,-0.05096591082492097,20.945,0.0,-0.3116631,-0.57882357,-0.21414298,0.20650107264518738,0.12635293006896972,0.23575710654258727
0.5237545274441373,-0.022375236027697545,0.05341196610276099,84.42,-21.86317307525217,31.86,91.82532691606,1.0,-0.29511398663289157,20.95,0.0,-0.3116631,-0.57882357,-0.21414298,0.20650107264518738,0.12635293006896972,0.23575710654258727
0.5229980494278996,-0.039600333941111954,0.0552653139740691,83.88,-29037.489230769566,35.28,183904.09846153855,1.0,-0.09674367503891546,20.955000000000002,0.0,-0.3116631,-0.57882357,-0.21414298,0.20650107264518738,0.12635293006896972,0.23575710654258727
0.523104793871221,-0.044260656381611634,0.059857512233319324,83.52,-13245.17052631577,37.8,92716.19368421038,1.0,-0.08148442030091729,20.96,0.0,-0.6155033,-0.4930217,0.3018966,0.11534900665283203,0.1520934909582138,0.3905689805746078
0.5242422699606855,-0.0144934187259057,0.06426858182063218,83.16,-40809.44432432426,39.6,204047.2216216221,1.0,-0.12726218451491178,20.965,0.0,-0.6155033,-0.4930217,0.3018966,0.11534900665283203,0.1520934909582138,0.3905689805746078
0.5234289685826702,-0.025327444492578382,0.07081318259312351,83.34,6188.317377049415,40.5,30941.58688524585,1.0,0.10162663655506066,20.97,0.0,-0.6155033,-0.4930217,0.3018966,0.11534900665283203,0.1520934909582138,0.3905689805746078
0.5217673148909014,-0.02574946519727817,0.0752441587206187,83.52,19358.32615384536,40.68,19358.326153846123,1.0,0.2084414197210478,20.975,0.0,-0.6155033,-0.4930217,0.3018966,0.11534900665283203,0.1520934909582138,0.3905689805746078
0.5214065746926861,-0.012667120271801982,0.0776291999790043,83.7,22205.138823530255,40.32,-44410.277647058756,1.0,-0.29511398663289157,20.98,0.0,-0.44478008,-0.61038864,-0.54367334,0.16656597554683686,0.11688340902328491,0.13689799904823302
0.5203100335785315,-0.010982268938196805,0.08387647926902062,83.88,24354.023225805453,39.42,-121770.11612903206,1.0,0.2084414197210478,20.985,0.0,-0.44478008,-0.61038864,-0.54367334,0.16656597554683686,0.11688340902328491,0.13689799904823302
0.5153818231880978,-0.02135121740344994,0.10112216073350812,84.06,24354.023225807374,38.339999999999996,-146124.13935483943,1.0,-0.14252143925290994,20.990000000000002,0.0,-0.44478008,-0.61038864,-0.54367334,0.16656597554683686,0.11688340902328491,0.13689799904823302
0.5037517120479993,-0.009843533280606744,0.11554625732497145,84.24,4.046277675054099,37.26,-24.27766605032555,1.0,-0.035706656086922806,20.995,0.0,-0.44478008,-0.61038864,-0.54367334,0.16656597554683686,0.11688340902328491,0.13689799904823302
0.49046732139256444,-0.012737088871434028,0.1268134284398168,84.24,0.0,36.0,-74434.12732394354,1.0,-0.3561510055848842,21.0,0.0,-0.021860436,-0.6731769,-1.3140955,0.29344186931848526,0.09804693460464477,0.0
0.4753769538643828,-0.007975115962806499,0.14568098581085723,84.06,-19867.755789472867,34.56,-158942.04631578922,1.0,0.0863673818170625,21.005,0.0,-0.021860436,-0.6731769,-1.3140955,0.29344186931848526,0.09804693460464477,0.0
0.4555415578462771,0.012324514505125173,0.16563505784052202,83.7,-12079.59551999998,32.94,-54358.17984000015,1.0,-0.23407696768089892,21.01,0.0,-0.021860436,-0.6731769,-1.3140955,0.29344186931848526,0.09804693460464477,0.0
0.4377585661983277,0.021069481008804406,0.1805305739184043,83.34,-41943.039999999935,30.959999999999997,-230686.72000000006,1.0,0.14740440076905514,21.015,0.0,-0.021860436,-0.6731769,-1.3140955,0.29344186931848526,0.09804693460464477,0.0
0.4193860964814015,0.05512619538536968,0.19335314605851645,82.8,-68634.06545454625,29.16,-228780.21818181782,1.0,-0.31037324137088973,21.02,0.0,-0.15269488,-0.6648104,-1.1593963,0.25419153571128844,0.10055687427520751,0.0
0.40059692346504283,0.07227397397977159,0.20147657474024888,82.25999999999999,-73062.06967742021,27.18,-267894.25548387103,1.0,-0.21881771294290076,21.025000000000002,0.0,-0.15269488,-0.6648104,-1.1593963,0.25419153571128844,0.10055687427520751,0.0
0.38364443767807,0.06792930910131527,0.20614392701791798,81.36,-121770.1161290311,25.2,-267894.25548387103,1.0,-0.020447401348924643,21.03,0.0,-0.15269488,-0.6648104,-1.1593963,0.25419153571128844,0.10055687427520751,0.0
0.3685598220195997,0.0860381542411389,0.21627450629412037,80.46,-20.79407720782668,23.22,-45.74696985721841,1.0,0.10162663655506066,21.035,0.0,-0.15269488,-0.6648104,-1.1593963,0.25419153571128844,0.10055687427520751,0.0
0.35219153973008666,0.08898162082245714,0.22964956222335473,79.38,-48708.04645161283,21.24,-89298.08516129034,1.0,-0.4477065340128732,21.04,0.0,-0.17676792,-0.68876135,-0.925946,0.24696962535381317,0.09337159395217895,0.022216200828552246
0.33678000480872333,0.08384318095266054,0.23903015451522894,78.48,-92070.08780487717,19.259999999999998,-202554.19317073174,1.0,-0.035706656086922806,21.045,0.0,-0.17676792,-0.68876135,-0.925946,0.24696962535381317,0.09337159395217895,0.022216200828552246
0.3229437043784721,0.08552973846927621,0.24238417975695267,77.22,-150994.9440000006,17.28,-237277.76914285676,1.0,-0.1577806939909081,21.05,0.0,-0.17676792,-0.68876135,-0.925946,0.24696962535381317,0.09337159395217895,0.022216200828552246
0.30891924771645296,0.09385149291330434,0.24394106916597624,75.96,-170478.16258064585,15.299999999999999,-267894.25548387127,1.0,0.04058961760306801,21.055,0.0,-0.17676792,-0.68876135,-0.925946,0.24696962535381317,0.09337159395217895,0.022216200828552246
0.29705683649650017,0.09902830510595127,0.24496930972380304,74.52,-183024.17454545427,13.32,-251658.23999999982,1.0,-0.26459547715689524,21.06,0.0,0.33722305,-0.7187984,-1.146642,0.4011669158935547,0.08436048030853271,0.0
0.28831122867033326,0.10420100767363273,0.2436930355969987,73.08,-188743.6799999997,11.34,-259522.56000000006,1.0,0.05584887234106617,21.065,0.0,0.33722305,-0.7187984,-1.146642,0.4011669158935547,0.08436048030853271,0.0
0.2819803708359234,0.10658100445709924,0.24251404684352468,71.46,-27288.24289156634,9.54,-30320.269879518084,1.0,0.05584887234106617,21.07,0.0,0.33722305,-0.7187984,-1.146642,0.4011669158935547,0.08436048030853271,0.0
0.27803506469905986,0.09288413861768842,0.24238169523705488,69.84,-97068.1782857137,7.739999999999999,-107853.53142857141,1.0,0.010071108127071682,21.075,0.0,0.33722305,-0.7187984,-1.146642,0.4011669158935547,0.08436048030853271,0.0
0.2762284774492436,0.0875159981319609,0.24094445528779132,68.22,-39.597037727712554,5.9399999999999995,-43.996708586347154,1.0,-0.3561510055848842,21.080000000000002,0.0,0.2606792,-0.8494345,-0.87404615,0.3782037556171417,0.0451696515083313,0.03778615593910217
0.27557760283568555,0.09265133392908616,0.23867339566937557,66.42,-127961.81694915234,4.32,-115165.63525423723,1.0,-0.14252143925290994,21.085,0.0,0.2606792,-0.8494345,-0.87404615,0.3782037556171417,0.0451696515083313,0.03778615593910217
0.2751231470318282,0.08870700229776646,0.23459583693797004,64.44,-244256.52705882402,2.88,-177641.11058823534,1.0,-0.12726218451491178,21.09,0.0,0.2606792,-0.8494345,-0.87404615,0.3782037556171417,0.0451696515083313,0.03778615593910217
0.2749063633126328,0.10006918485611566,0.2245945011400188,62.46,-286369.7213793099,1.6199999999999999,-182235.2772413793,1.0,-0.1577806939909081,21.095,0.0,0.2606792,-0.8494345,-0.87404615,0.3782037556171417,0.0451696515083313,0.03778615593910217
0.27501569637951717,0.09110559616768973,0.20988597261737993,59.76,-377487.3600000004,1.98,50331.648000000016,1.0,-0.18829920346690443,21.1,0.0,0.7191019,-0.8382822,-0.40862682,0.5157305717468261,0.0485153317451477,0.17741195261478424
0.2750503948636222,0.09784320137772345,0.19357624250619238,57.059999999999995,-343170.3272727276,2.6999999999999997,91512.08727272724,1.0,0.14740440076905514,21.105,0.0,0.7191019,-0.8382822,-0.40862682,0.5157305717468261,0.0485153317451477,0.17741195261478424
0.2752622067962946,0.10177891513531472,0.17586031068697033,54.18,-377487.3599999994,3.42,94371.84000000003,1.0,-0.23407696768089892,21.11,0.0,0.7191019,-0.8382822,-0.40862682,0.5157305717468261,0.0485153317451477,0.17741195261478424
0.27495071310932695,0.09108360111331285,0.15859186980551507,51.3,-377487.36000000034,4.32,117964.80000000005,1.0,-0.05096591082492097,21.115000000000002,0.0,0.7191019,-0.8382822,-0.40862682,0.5157305717468261,0.0485153317451477,0.17741195261478424
0.27426261647741695,0.08634762966845963,0.14209514640864881,48.239999999999995,-68.63993839045057,5.22,20.188217173661904,1.0,-0.2035584582049026,21.12,0.0,0.4222944,-1.1135335,-0.7920303,0.4266883224248886,0.0,0.06239091753959655
0.2749199471228271,0.10087778119318967,0.12639972209278105,45.18,-156519.14926829244,6.12,46035.04390243904,1.0,0.11688589129305882,21.125,0.0,0.4222944,-1.1135335,-0.7920303,0.4266883224248886,0.0,0.06239091753959655
0.27563303783639276,0.11116390851333328,0.11176382272714377,42.12,-320864.2560000002,7.02,94371.83999999994,1.0,-0.14252143925290994,21.13,0.0,0.4222944,-1.1135335,-0.7920303,0.4266883224248886,0.0,0.06239091753959655
0.27836620373122595,0.11131813127745895,0.09922635118335661,39.059999999999995,-337751.84842105285,7.739999999999999,79471.02315789471,1.0,-0.09674367503891546,21.135,0.0,0.4222944,-1.1135335,-0.7920303,0.4266883224248886,0.0,0.06239091753959655
0.28089715087023187,0.10878942152034436,0.08999856959651173,36.36,-343170.32727272675,8.28,68634.06545454546,1.0,-0.2798547318948934,21.14,0.0,0.8937162,-0.9025495,-0.06775371,0.5681148648262023,0.029235148429870603,0.2796738870441913
0.2834710040746832,0.10028254622585016,0.08307013858196773,33.66,-323560.5942857146,8.28,0.0,1.0,0.025330362865069844,21.145,0.0,0.8937162,-0.9025495,-0.06775371,0.5681148648262023,0.029235148429870603,0.2796738870441913
0.28779492889661207,0.1176675644826137,0.07776323553462924,31.32,-316602.30193548335,8.1,-24354.023225806413,1.0,-0.24933622241889708,21.150000000000002,0.0,0.8937162,-0.9025495,-0.06775371,0.5681148648262023,0.029235148429870603,0.2796738870441913
0.29117346616091944,0.13001085782338667,0.07390020659994134,29.34,-267894.25548387103,7.199999999999999,-121770.1161290323,1.0,-0.08148442030091729,21.155,0.0,0.8937162,-0.9025495,-0.06775371,0.5681148648262023,0.029235148429870603,0.2796738870441913
0.2941962800663213,0.13504790181974927,0.06994825961344331,27.72,-226492.41600000014,5.76,-201326.59199999992,1.0,-0.17303994872890627,21.16,0.0,0.6012882,-1.2492223,-0.9700948,0.48038645982742306,0.0,0.00897156000137329
0.29818642104037396,0.12699974294323044,0.06906865862879816,26.64,-26.146612486146985,3.5999999999999996,-52.293224972294055,1.0,0.04058961760306801,21.165,0.0,0.6012882,-1.2492223,-0.9700948,0.48038645982742306,0.0,0.00897156000137329
0.30078191757988804,0.12278700855205028,0.06863566170666441,25.919999999999998,-16592.850989011044,1.44,-49778.55296703296,1.0,-0.21881771294290076,21.17,0.0,0.6012882,-1.2492223,-0.9700948,0.48038645982742306,0.0,0.00897156000137329
0.3034112363324824,0.1138572285005734,0.06779276479477032,24.3,-161780.2971428569,1.7999999999999998,35951.17714285713,1.0,0.2542191839350423,21.175,0.0,0.6012882,-1.2492223,-0.9700948,0.48038645982742306,0.0,0.00897156000137329
0.30767165457519613,0.10451648962398957,0.06803802639193747,23.4,-111025.69411764732,2.34,66615.41647058824,1.0,-0.34089175084688605,21.18,0.0,1.025862,-1.4000437,-1.2984725,0.6,0.0,0.0
0.3204920277567765,0.09940654401196529,0.06866108205963944,23.04,-27453.626181818137,1.98,-27453.626181818174,1.0,-0.34089175084688605,21.185,0.0,1.025862,-1.4000437,-1.2984725,0.6,0.0,0.0
0.3335148156493647,0.0919660628491831,0.06893888124978197,23.04,0.0,1.44,-70778.88,1.0,-0.12726218451491178,21.19,0.0,1.025862,-1.4000437,-1.2984725,0.6,0.0,0.0
0.34395048199921746,0.09052025797249047,0.07132450310939621,23.22,22205.138823529378,1.6199999999999999,22205.138823529403,1.0,0.04058961760306801,21.195,0.0,1.025862,-1.4000437,-1.2984725,0.6,0.0,0.0
0.3552936461907325,0.0865443697388981,0.07173866398187978,24.119999999999997,125829.1199999998,1.6199999999999999,0.0,1.0,0.05584887234106617,21.2,0.0,1.1941197,-1.6089131,-1.1880293,0.6,0.0,0.0
0.3639025754776159,0.08922040081473209,0.07176597201095401,25.02,20.76182556182561,1.6199999999999999,0.0,1.0,0.04058961760306801,21.205000000000002,0.0,1.1941197,-1.6089131,-1.1880293,0.6,0.0,0.0
0.36891824542639556,0.0970550634922588,0.0807535142560296,26.459999999999997,82736.95561643822,1.6199999999999999,0.0,1.0,-0.29511398663289157,21.21,0.0,1.1941197,-1.6089131,-1.1880293,0.6,0.0,0.0
0.3791677035854859,0.08917981150902031,0.09511074279479105,28.259999999999998,188743.68000000008,1.6199999999999999,0.0,1.0,-0.05096591082492097,21.215,0.0,1.1941197,-1.6089131,-1.1880293,0.6,0.0,0.0
0.39108155581187704,0.08559142871747492,0.1056792886996084,30.419999999999998,258848.47542857146,1.6199999999999999,0.0,1.0,-0.14252143925290994,21.22,0.0,1.4482474,-1.9673558,-0.19026816,0.6,0.0,0.24291955232620238
0.39933311736369026,0.07168545449239756,0.11675610279725708,32.76,83175.18101694915,1.6199999999999999,0.0,1.0,0.10162663655506066,21.225,0.0,1.4482474,-1.9673558,-0.19026816,0.6,0.0,0.24291955232620238
0.4066618336610866,0.05900218059354576,0.1268140074968423,35.46,314572.80000000034,1.6199999999999999,0.0,1.0,-0.09674367503891546,21.23,0.0,1.4482474,-1.9673558,-0.19026816,0.6,0.0,0.24291955232620238
0.41394496673106235,0.0652924050987695,0.1322085769523886,38.339999999999996,345131.30057142803,1.6199999999999999,0.0,1.0,0.0863673818170625,21.235,0.0,1.4482474,-1.9673558,-0.19026816,0.6,0.0,0.24291955232620238
0.41858039415242326,0.06362874268625976,0.1344506548089679,41.58,424673.28000000026,1.6199999999999999,0.0,1.0,-0.2798547318948934,21.240000000000002,0.0,1.2564609,-1.5169797,-0.44375488,0.6,0.0,0.16687353551387787
0.4228825377823235,0.075007727946412,0.13633266295269686,44.82,247082.6356363638,1.6199999999999999,0.0,1.0,-0.09674367503891546,21.245,0.0,1.2564609,-1.5169797,-0.44375488,0.6,0.0,0.16687353551387787
0.4279936089904326,0.049480287166491964,0.13732906546442206,48.239999999999995,82.83298693799287,1.6199999999999999,0.0,1.0,-0.1577806939909081,21.25,0.0,1.2564609,-1.5169797,-0.44375488,0.6,0.0,0.16687353551387787
0.43198003054117984,0.04640086262501658,0.1370966450267666,51.839999999999996,290374.89230769244,1.6199999999999999,0.0,1.0,0.07110812707906433,21.255,0.0,1.2564609,-1.5169797,-0.44375488,0.6,0.0,0.16687353551387787
0.4361408118006543,0.044027754465961806,0.1365071515794988,55.44,157286.40000000005,1.6199999999999999,0.0,1.0,-0.2035584582049026,21.26,0.0,1.392218,-1.7899326,0.41497943,0.6,0.0,0.42449382841587063
0.44224883537067283,0.03498776112206877,0.13584664513824138,59.22,466307.91529411776,1.6199999999999999,0.0,1.0,0.17792291024505147,21.265,0.0,1.392218,-1.7899326,0.41497943,0.6,0.0,0.42449382841587063
0.44733143122309044,0.02644181132144797,0.13327270747016248,62.82,503316.4800000002,1.6199999999999999,0.0,1.0,-0.11200292977691362,21.27,0.0,1.392218,-1.7899326,0.41497943,0.6,0.0,0.42449382841587063
0.4524843096400862,0.02363570477473382,0.12551413317615043,66.6,480438.45818181743,1.7999999999999998,22878.02181818181,1.0,0.2084414197210478,21.275000000000002,0.0,1.392218,-1.7899326,0.41497943,0.6,0.0,0.42449382841587063
0.45835745900752306,0.015788861353998755,0.11559703775557105,70.2,279620.2666666673,1.7999999999999998,0.0,1.0,-0.18829920346690443,21.28,0.0,1.0282124,-1.2195543,-0.08267104,0.6,0.0,0.27519868835806843
0.46341309072932424,-0.0006600437462747427,0.1066249630484151,73.61999999999999,478150.6559999983,1.98,25165.824000000022,1.0,-0.17303994872890627,21.285,0.0,1.0282124,-1.2195543,-0.08267104,0.6,0.0,0.27519868835806843
0.4676826492575429,0.005928240895524401,0.10444281080547009,77.03999999999999,77.07217829548999,2.16,4.056430436604738,1.0,-0.2798547318948934,21.29,0.0,1.0282124,-1.2195543,-0.08267104,0.6,0.0,0.27519868835806843
0.47196335681818147,0.0032822721118188824,0.10366808135307136,80.28,176487.59688311737,2.6999999999999997,29414.599480519457,1.0,-0.005188146610926481,21.295,0.0,1.0282124,-1.2195543,-0.08267104,0.6,0.0,0.27519868835806843
0.4771712439500565,0.00021169640714566455,0.10158829851348383,83.34,261930.00489795938,3.42,61630.58938775512,1.0,-0.21881771294290076,21.3,0.0,0.45645723,-1.0781444,0.9434763,0.4369371682405472,0.0,0.5830428957939148
0.4803754395176715,-0.01914085715495587,0.10327956619805907,85.86,285666.1102702698,4.68,142833.0551351351,1.0,0.07110812707906433,21.305,0.0,0.45645723,-1.0781444,0.9434763,0.4369371682405472,0.0,0.5830428957939148
0.48431049087898326,-0.017302872097611322,0.10384801426948793,88.02,292248.27870967693,6.4799999999999995,243540.2322580645,1.0,-0.24933622241889708,21.31,0.0,0.45645723,-1.0781444,0.9434763,0.4369371682405472,0.0,0.5830428957939148
0.48858398491291355,-0.011493673463733136,0.10352290566326644,89.64,205902.19636363693,9.0,320292.30545454554,1.0,0.19318216498304963,21.315,0.0,0.45645723,-1.0781444,0.9434763,0.4369371682405472,0.0,0.5830428957939148
0.4920214720527033,-0.004044553819850218,0.10741741258268087,90.53999999999999,114390.10909090801,12.24,411804.39272727276,1.0,-0.34089175084688605,21.32,0.0,0.5153613,-0.87937653,0.10289177,0.45460839271545406,0.036187040805816646,0.3308675318956375
0.49541394588197496,-0.0013348411275804083,0.11370952816835603,90.89999999999999,47185.919999999925,16.56,566231.0399999998,1.0,-0.020447401348924643,21.325,0.0,0.5153613,-0.87937653,0.10289177,0.45460839271545406,0.036187040805816646,0.3308675318956375
0.49731575474643286,0.008634515499545211,0.1194315705726565,90.72,-25165.823999998967,21.419999999999998,679477.2479999999,1.0,-0.1577806939909081,21.330000000000002,0.0,0.5153613,-0.87937653,0.10289177,0.45460839271545406,0.036187040805816646,0.3308675318956375
0.49821950583888014,-0.0044285761057339685,0.12679943621743667,90.17999999999999,-13.144625670311456,26.459999999999997,122.68317292290547,1.0,0.0863673818170625,21.335,0.0,0.5153613,-0.87937653,0.10289177,0.45460839271545406,0.036187040805816646,0.3308675318956375
0.499180244709731,-0.017921060133258483,0.14541942983332878,89.46,-56979.22415094331,31.5,398854.569056604,1.0,-0.29511398663289157,21.34,0.0,-0.18592286,-0.31377554,0.99840933,0.24422314167022705,0.20586733818054198,0.5995227992534637
0.5014562697807743,-0.029143699839867625,0.1637740372014474,88.56,-39321.59999999963,35.82,188743.68000000002,1.0,0.025330362865069844,21.345,0.0,-0.18592286,-0.31377554,0.99840933,0.24422314167022705,0.20586733818054198,0.5995227992534637
0.5036957246114978,-0.032597245559722765,0.179643929807972,88.02,-68634.06545454625,38.879999999999995,388926.37090909027,1.0,-0.24933622241889708,21.35,0.0,-0.18592286,-0.31377554,0.99840933,0.24422314167022705,0.20586733818054198,0.5995227992534637
0.5043293318689416,-0.025926119908257772,0.19592493292727564,87.84,-25165.823999998967,40.14,176160.7680000007,1.0,0.05584887234106617,21.355,0.0,-0.18592286,-0.31377554,0.99840933,0.24422314167022705,0.20586733818054198,0.5995227992534637
0.5056046020921284,-0.024671240845478556,0.2061076262239566,88.02,13481.691428570875,39.78,-26963.382857142813,1.0,-0.2798547318948934,21.36,0.0,0.25287682,-0.6072962,-0.23685688,0.37586304545402527,0.11781113147735595,0.22894293665885923
0.505857158028582,-0.026007781106947313,0.21204396736691739,88.2,23592.960000000894,38.339999999999996,-188743.68000000063,1.0,-0.11200292977691362,21.365000000000002,0.0,0.25287682,-0.6072962,-0.23685688,0.37586304545402527,0.11781113147735595,0.22894293665885923
0.5053573052869013,-0.01869521706276505,0.22486006606746178,88.38,22878.021818180878,36.18,-274536.2618181814,1.0,-0.06622516556291913,21.37,0.0,0.25287682,-0.6072962,-0.23685688,0.37586304545402527,0.11781113147735595,0.22894293665885923
0.5042296808881228,-0.03266970746328283,0.2413111429348355,88.56,4.1538958245073125,33.66,-58.15454154310025,1.0,0.05584887234106617,21.375,0.0,0.25287682,-0.6072962,-0.23685688,0.37586304545402527,0.11781113147735595,0.22894293665885923
0.5027085563584507,-0.03597108390741658,0.2555276831357788,88.38,-5763.165801526936,30.779999999999998,-92210.65282442745,1.0,-0.3256324961088879,21.38,0.0,0.30742943,-0.75391376,-0.86484724,0.39222882986068724,0.07382587194442748,0.04054582715034485
0.50171819079186,-0.01644319427719297,0.26914540975962586,88.38,0.0,27.54,-424673.2799999998,1.0,-0.2035584582049026,21.385,0.0,0.30742943,-0.75391376,-0.86484724,0.39222882986068724,0.07382587194442748,0.04054582715034485
0.5004135314343277,-0.025745472526982408,0.2856087700730809,88.02,-50331.64799999992,23.939999999999998,-503316.4800000002,1.0,-0.29511398663289157,21.39,0.0,0.30742943,-0.75391376,-0.86484724,0.39222882986068724,0.07382587194442748,0.04054582715034485
0.500837548324549,-0.008973822822419715,0.2981580083333763,87.84,-25165.823999998967,20.16,-528482.3039999997,1.0,0.04058961760306801,21.395,0.0,0.30742943,-0.75391376,-0.86484724,0.39222882986068724,0.07382587194442748,0.04054582715034485
0.5013449231893157,0.016613763127451425,0.30720916616230304,87.47999999999999,-52067.22206896749,15.84,-624806.6648275863,1.0,-0.5392620624408622,21.400000000000002,0.0,0.7650018,-0.7465912,-1.3414545,0.5295005321502685,0.07602263689041137,0.0
0.5001209741283372,0.001299007517648296,0.31419810943186893,87.11999999999999,-48708.04645161283,11.52,-584496.5574193549,1.0,0.2084414197210478,21.405,0.0,0.7650018,-0.7465912,-1.3414545,0.5295005321502685,0.07602263689041137,0.0
0.5003369007173479,-0.0018867170949724977,0.31813001405274344,86.75999999999999,-48708.04645161283,7.199999999999999,-584496.5574193549,1.0,-0.17303994872890627,21.41,0.0,0.7650018,-0.7465912,-1.3414545,0.5295005321502685,0.07602263689041137,0.0
0.5004212065476178,-0.010139113289254516,0.323040950178491,86.22,-70778.87999999896,2.88,-566231.0399999999,1.0,-0.1577806939909081,21.415,0.0,0.7650018,-0.7465912,-1.3414545,0.5295005321502685,0.07602263689041137,0.0
0.4989590761601227,0.003555570506386492,0.3327401221849204,84.06,-49.29186352334361,1.44,-32.86124234889579,1.0,-0.14252143925290994,21.42,0.0,0.561777,-0.8256844,-1.5378529,0.46853309869766235,0.05229467153549194,0.0
0.498380048318175,0.03578661743880842,0.3445985067500722,81.89999999999999,-170937.67245283103,3.78,185182.47849056602,1.0,-0.3561510055848842,21.425,0.0,0.561777,-0.8256844,-1.5378529,0.46853309869766235,0.05229467153549194,0.0
0.49836886191423546,0.05201408952849395,0.3515023176440811,79.38,-340956.3251612898,5.04,170478.1625806452,1.0,-0.18829920346690443,21.43,0.0,0.561777,-0.8256844,-1.5378529,0.46853309869766235,0.05229467153549194,0.0
0.49349098657939394,0.06501389151009766,0.35361184560321135,77.03999999999999,-32935.13879194636,5.76,10133.888859060398,1.0,-0.09674367503891546,21.435,0.0,0.561777,-0.8256844,-1.5378529,0.46853309869766235,0.05229467153549194,0.0
0.48356517891972967,0.07379787186881413,0.35510115520671537,75.06,-259522.55999999866,5.58,-23592.959999999963,1.0,-0.1577806939909081,21.44,0.0,0.90678835,-0.88406754,-0.94967675,0.5720365047454834,0.03477973937988281,0.015096974372863768
0.4746476859714864,0.06635728447600009,0.3553401665501658,73.44,-205902.19636363693,4.859999999999999,-91512.08727272735,1.0,0.3610339671010294,21.445,0.0,0.90678835,-0.88406754,-0.94967675,0.5720365047454834,0.03477973937988281,0.015096974372863768
0.4646565263383951,0.06918607735311788,0.35332758778168216,71.64,-235929.59999999963,3.5999999999999996,-165150.71999999997,1.0,-0.08148442030091729,21.45,0.0,0.90678835,-0.88406754,-0.94967675,0.5720365047454834,0.03477973937988281,0.015096974372863768
0.454003885428269,0.07547030742539206,0.35230871885740955,70.2,-194832.1858064513,1.98,-219186.20903225802,1.0,-0.005188146610926481,21.455000000000002,0.0,0.90678835,-0.88406754,-0.94967675,0.5720365047454834,0.03477973937988281,0.015096974372863768
0.4455708869247216,0.08243856786818093,0.3512101868639158,68.22,-286369.72137931094,1.6199999999999999,-52067.22206896553,1.0,-0.17303994872890627,21.46,0.0,0.28726175,-1.142198,-1.3253495,0.3861785262823105,0.0,0.0
0.44083406801087066,0.08465473230993928,0.34800739241941014,66.42,-42.98715011273822,2.16,12.896145033821492,1.0,-0.4019287697988787,21.465,0.0,0.28726175,-1.142198,-1.3253495,0.3861785262823105,0.0,0.0
0.43924861397736703,0.06809303373865573,0.34411954128243194,64.62,-52795.43496503488,1.98,-5279.543496503501,1.0,-0.08148442030091729,21.47,0.0,0.28726175,-1.142198,-1.3253495,0.3861785262823105,0.0,0.0
0.4389391969283004,0.06451780801469362,0.33968386525416927,63.18,-183024.17454545517,1.6199999999999999,-45756.04363636365,1.0,0.2542191839350423,21.475,0.0,0.28726175,-1.142198,-1.3253495,0.3861785262823105,0.0,0.0
0.43978957742297103,0.06356666702584195,0.33102080155145264,61.559999999999995,-226492.41600000064,1.6199999999999999,0.0,1.0,-0.17303994872890627,21.48,0.0,0.52076495,-1.1101949,-1.0791845,0.4562294840812683,0.0,0.0
0.44186579389043207,0.08151471741009349,0.3149811738283541,60.12,-111848.10666666648,1.6199999999999999,0.0,1.0,0.29999694814903677,21.485,0.0,0.52076495,-1.1101949,-1.0791845,0.4562294840812683,0.0,0.0
0.4435186955146983,0.09011750354678155,0.2953389655492434,58.86,-165150.71999999974,1.6199999999999999,0.0,1.0,-0.24933622241889708,21.490000000000002,0.0,0.52076495,-1.1101949,-1.0791845,0.4562294840812683,0.0,0.0
0.44536080064930506,0.0968577069814213,0.2728855298432249,57.78,-146124.13935483847,1.6199999999999999,0.0,1.0,-0.5545213171788603,21.495,0.0,0.52076495,-1.1101949,-1.0791845,0.4562294840812683,0.0,0.0
0.4473672295047029,0.09157570083703175,0.2504107922127952,57.059999999999995,-100663.29600000083,1.6199999999999999,0.0,1.0,-0.43244727927487503,21.5,0.0,0.15025058,-1.2479005,-1.4253597,0.34507517516613007,0.0,0.0
0.4487243681173453,0.09549075030023224,0.2271589324133294,56.339999999999996,-16.641128548756807,1.6199999999999999,0.0,1.0,0.010071108127071682,21.505,0.0,0.15025058,-1.2479005,-1.4253597,0.34507517516613007,0.0,0.0
0.4500194382467413,0.09624007646886021,0.20549967446975537,55.98,-21883.32521739127,1.6199999999999999,0.0,1.0,-0.14252143925290994,21.51,0.0,0.15025058,-1.2479005,-1.4253597,0.34507517516613007,0.0,0.0
0.4516472650406036,0.08431429372061841,0.18441279937178015,55.98,0.0,1.6199999999999999,0.0,1.0,0.23895992919704412,21.515,0.0,0.15025058,-1.2479005,-1.4253597,0.34507517516613007,0.0,0.0
0.4525890310380223,0.08740861251409081,0.1651798466229883,55.98,0.0,1.6199999999999999,0.0,1.0,-0.18829920346690443,21.52,0.0,0.08140716,-1.2450054,-1.5124025,0.3244221478700638,0.0,0.0
0.45274248467225287,0.0804858332776909,0.1475761085015755,56.16,25165.82399999996,1.6199999999999999,0.0,1.0,0.2542191839350423,21.525000000000002,0.0,0.08140716,-1.2450054,-1.5124025,0.3244221478700638,0.0,0.0
0.4530569606942516,0.08590656714903631,0.13123157702261806,56.519999999999996,47185.919999999925,1.6199999999999999,0.0,1.0,-0.020447401348924643,21.53,0.0,0.08140716,-1.2450054,-1.5124025,0.3244221478700638,0.0,0.0
0.45269171414446435,0.08722962722689866,0.11706842369238514,57.059999999999995,19525.208275862038,1.6199999999999999,0.0,1.0,0.04058961760306801,21.535,0.0,0.08140716,-1.2450054,-1.5124025,0.3244221478700638,0.0,0.0
0.4519200824962308,0.07700449421120498,0.1047994652026404,57.599999999999994,70778.87999999989,1.6199999999999999,0.0,1.0,-0.08148442030091729,21.54,0.0,0.0068184137,-1.1795778,-1.42214,0.3020455241203308,0.0,0.0
0.4508554029047212,0.07423622388504403,0.0937274271343543,58.5,62914.5600000004,1.6199999999999999,0.0,1.0,-0.11200292977691362,21.545,0.0,0.0068184137,-1.1795778,-1.42214,0.3020455241203308,0.0,0.0
0.44994455526966864,0.07805177257713157,0.08272285534330652,59.22,17.480920152355345,1.6199999999999999,0.0,1.0,-0.2035584582049026,21.55,0.0,0.0068184137,-1.1795778,-1.42214,0.3020455241203308,0.0,0.0
0.44876464518803566,0.08596438118815483,0.07241849648160162,60.12,74017.12941176459,1.6199999999999999,0.0,1.0,-0.18829920346690443,21.555,0.0,0.0068184137,-1.1795778,-1.42214,0.3020455241203308,0.0,0.0
0.44665645351695926,0.07460135701290478,0.055964684052669536,61.199999999999996,141557.75999999978,1.6199999999999999,0.0,1.0,-0.38666951506088054,21.56,0.0,0.022690583,-1.1460823,-1.0392747,0.30680717490613457,0.0,0.0
0.4450553578263586,0.04813274534436046,0.05414640874483194,62.099999999999994,125829.1199999998,1.6199999999999999,0.0,1.0,-0.1577806939909081,21.565,0.0,0.022690583,-1.1460823,-1.0392747,0.30680717490613457,0.0,0.0
0.44456054559479546,0.05305558067656155,0.04080768668128437,63.18,161780.29714285795,1.7999999999999998,26963.38285714285,1.0,-0.11200292977691362,21.57,0.0,0.022690583,-1.1460823,-1.0392747,0.30680717490613457,0.0,0.0
0.44229849713347363,0.029501049500440676,0.05003703835494792,64.25999999999999,146124.1393548375,1.7999999999999998,0.0,1.0,0.1626636555070533,21.575,0.0,0.022690583,-1.1460823,-1.0392747,0.30680717490613457,0.0,0.0
0.4402756963337205,0.03248341306297053,0.0359959513775967,65.34,137268.1309090925,1.7999999999999998,0.0,1.0,-0.14252143925290994,21.580000000000002,0.0,-0.14201589,-0.9664984,-0.920547,0.2573952332139015,0.010050487518310546,0.02383589744567871
0.43781777495272706,0.021796718137157216,0.036829187513716125,66.24,125829.1199999988,1.7999999999999998,0.0,1.0,-0.020447401348924643,21.585,0.0,-0.14201589,-0.9664984,-0.920547,0.2573952332139015,0.010050487518310546,0.02383589744567871
0.43628935526818025,0.00986467113831312,0.021336139352345348,67.32,24.44259477893006,1.98,4.073765796488354,1.0,-0.12726218451491178,21.59,0.0,-0.14201589,-0.9664984,-0.920547,0.2573952332139015,0.010050487518310546,0.02383589744567871
0.4300853295883587,0.0044857598713454495,0.019548108799697685,68.22,31457.2800000002,1.98,0.0,1.0,0.22370067445904596,21.595,0.0,-0.14201589,-0.9664984,-0.920547,0.2573952332139015,0.010050487518310546,0.02383589744567871
0.42145782483181865,-0.0076414870942260295,0.014118162127296698,68.94,91512.08727272713,2.16,22878.021818181838,1.0,-0.020447401348924643,21.6,0.0,-0.25348175,-0.8493428,-0.44601938,0.2239554762840271,0.045197153091430665,0.16619418561458588
0.4143636579480437,-0.01116972293500991,0.0038604443245293853,69.66,94371.83999999985,2.34,23592.959999999963,1.0,0.010071108127071682,21.605,0.0,-0.25348175,-0.8493428,-0.44601938,0.2239554762840271,0.045197153091430665,0.16619418561458588
0.4066959931681412,-0.008256371819371909,0.010360596662956403,70.38,100663.29599999984,2.88,75497.47200000001,1.0,-0.2035584582049026,21.61,0.0,-0.25348175,-0.8493428,-0.44601938,0.2239554762840271,0.045197153091430665,0.16619418561458588
0.396742329570326,-0.019267746094897596,0.0016507919944829521,70.92,70778.88000000082,3.42,70778.88,1.0,0.04058961760306801,21.615000000000002,0.0,-0.25348175,-0.8493428,-0.44601938,0.2239554762840271,0.045197153091430665,0.16619418561458588
0.3887495543865962,-0.005359737130886919,0.01786370427847313,71.28,45756.04363636357,3.96,68634.06545454546,1.0,-0.18829920346690443,21.62,0.0,-0.18372318,-0.75009084,-0.4217905,0.24488304555416107,0.07497274875640869,0.17346284687519073
0.38057417987375436,-0.00200369049358209,0.02008939323019423,71.46,23592.95999999903,4.68,94371.83999999997,1.0,0.2084414197210478,21.625,0.0,-0.18372318,-0.75009084,-0.4217905,0.24488304555416107,0.07497274875640869,0.17346284687519073
0.3719581001150302,-0.008168911404517596,0.015560030112217594,71.64,23592.960000000894,5.58,117964.80000000005,1.0,-0.2035584582049026,21.63,0.0,-0.18372318,-0.75009084,-0.4217905,0.24488304555416107,0.07497274875640869,0.17346284687519073
0.3652848126999541,-0.014682644152591755,0.002018436556402081,71.64,0.0,6.66,26.30436458024842,1.0,0.19318216498304963,21.635,0.0,-0.18372318,-0.75009084,-0.4217905,0.24488304555416107,0.07497274875640869,0.17346284687519073
0.3590755381457117,-0.023185178475227206,-0.0033749053787665503,71.64,0.0,7.739999999999999,98474.96347826079,1.0,-0.26459547715689524,21.64,0.0,-0.5281925,-0.45774832,0.49470943,0.14154224395751952,0.1626755028963089,0.44841282963752743
0.3527728477360069,-0.021966956334476845,-0.0013118896722065549,71.46,-7864.320000000298,8.82,47185.92000000004,1.0,0.07110812707906433,21.645,0.0,-0.5281925,-0.45774832,0.49470943,0.14154224395751952,0.1626755028963089,0.44841282963752743
0.34707757974222997,-0.011393775980757692,0.0025978849933720512,71.28,-11102.56941176425,10.08,77717.98588235292,1.0,-0.17303994872890627,21.650000000000002,0.0,-0.5281925,-0.45774832,0.49470943,0.14154224395751952,0.1626755028963089,0.44841282963752743
0.34231243091559205,-0.01090757454119945,-0.0005555533533515738,70.92,-50331.64799999992,11.52,201326.59199999992,1.0,0.1626636555070533,21.655,0.0,-0.5281925,-0.45774832,0.49470943,0.14154224395751952,0.1626755028963089,0.44841282963752743
0.3360964188893178,0.002785238663670132,0.009806910481873052,70.56,-47185.919999999925,12.78,165150.71999999997,1.0,-0.43244727927487503,21.66,0.0,-0.18837395,-0.6115383,-0.058804445,0.24348781406879424,0.11653851270675658,0.28235866650938984
0.3309290312062623,0.011805937737390018,0.003859531897508064,70.02,-75497.47200000087,14.219999999999999,201326.59199999992,1.0,0.025330362865069844,21.665,0.0,-0.18837395,-0.6115383,-0.058804445,0.24348781406879424,0.11653851270675658,0.28235866650938984
0.32556643487145953,0.005109311414396412,0.0029180812000658457,69.48,-75497.47199999889,15.66,201326.59200000018,1.0,-0.1577806939909081,21.67,0.0,-0.18837395,-0.6115383,-0.058804445,0.24348781406879424,0.11653851270675658,0.28235866650938984
0.3184294531381433,-0.010784174384788153,0.005784286845252392,68.75999999999999,-16.236277359312542,17.28,36.53162405845258,1.0,-0.23407696768089892,21.675,0.0,-0.18837395,-0.6115383,-0.058804445,0.24348781406879424,0.11653851270675658,0.28235866650938984
0.3121122497434408,-0.005718291762741877,0.011138011657786983,68.03999999999999,-59213.70352941167,18.72,118427.40705882334,1.0,-0.09674367503891546,21.68,0.0,0.002521664,-0.6897826,-0.29900935,0.300756499171257,0.09306521415710449,0.2102971941232681
0.30648334788828274,-0.002306755317007762,0.028437053500052857,67.14,-114390.10909090801,20.34,205902.1963636365,1.0,-0.020447401348924643,21.685,0.0,0.002521664,-0.6897826,-0.29900935,0.300756499171257,0.09306521415710449,0.2102971941232681
0.3003806984033384,-0.0096564400384512,0.04161851185333035,66.24,-125829.1200000008,22.14,251658.2400000001,1.0,-0.12726218451491178,21.69,0.0,0.002521664,-0.6897826,-0.29900935,0.300756499171257,0.09306521415710449,0.2102971941232681
0.29475551491538243,0.001420593847583814,0.046836582726860455,65.34,-125829.1199999988,23.759999999999998,226492.41599999965,1.0,-0.12726218451491178,21.695,0.0,0.002521664,-0.6897826,-0.29900935,0.300756499171257,0.09306521415710449,0.2102971941232681
0.29064040533787416,0.004971630435790498,0.060236098769327506,64.25999999999999,-49237.481739131006,25.38,73856.2226086957,1.0,-0.3256324961088879,21.7,0.0,-0.19318283,-0.44076666,0.945353,0.2420451521873474,0.1677700012922287,0.5836058914661407
0.2858396354822183,0.0035799218940377325,0.07482017150189793,63.18,-87112.46769230698,26.82,116149.95692307703,1.0,-0.035706656086922806,21.705000000000002,0.0,-0.19318283,-0.44076666,0.945353,0.2420451521873474,0.1677700012922287,0.5836058914661407
0.279413876865249,0.010554008866587897,0.08186485999999366,62.099999999999994,-133230.83294117713,28.259999999999998,177641.11058823502,1.0,-0.21881771294290076,21.71,0.0,-0.19318283,-0.44076666,0.945353,0.2420451521873474,0.1677700012922287,0.5836058914661407
0.2741084875368609,0.02811696917342929,0.09029623333447706,61.019999999999996,-146124.13935483847,29.34,146124.13935483896,1.0,-0.14252143925290994,21.715,0.0,-0.19318283,-0.44076666,0.945353,0.2420451521873474,0.1677700012922287,0.5836058914661407
0.268852018962323,0.04161316641229166,0.10996901847278773,59.94,-26.228971650917135,30.06,17.485981100611422,1.0,-0.18829920346690443,21.72,0.0,0.036589276,-0.7093924,-0.29736358,0.31097678281366825,0.0871822714805603,0.21079092621803283
0.26148097695734407,0.07302047958269903,0.12919023407884728,59.04,-58982.39999999991,30.419999999999998,23592.959999999963,1.0,0.22370067445904596,21.725,0.0,0.036589276,-0.7093924,-0.29736358,0.31097678281366825,0.0871822714805603,0.21079092621803283
0.25485665709620725,0.08054309363242329,0.14456630649654734,57.96,-122428.33297297278,30.599999999999998,20404.72216216213,1.0,-0.29511398663289157,21.73,0.0,0.036589276,-0.7093924,-0.29736358,0.31097678281366825,0.0871822714805603,0.21079092621803283
0.24968186778383258,0.07277385609487193,0.16061776167713043,57.059999999999995,-121770.11612903302,30.24,-48708.04645161283,1.0,0.34577471236303126,21.735,0.0,0.036589276,-0.7093924,-0.29736358,0.31097678281366825,0.0871822714805603,0.21079092621803283
0.24579243313425686,0.09842586774290285,0.17530270562249958,56.16,-125829.1199999998,29.52,-100663.29599999984,1.0,-0.2035584582049026,21.740000000000002,0.0,0.5852767,-0.8433491,-0.5981233,0.475583016872406,0.04699527025222778,0.120563006401062
0.24296834303911574,0.09595020470033216,0.18452524043910515,55.44,-94371.83999999985,28.439999999999998,-141557.76000000024,1.0,-0.17303994872890627,21.745,0.0,0.5852767,-0.8433491,-0.5981233,0.475583016872406,0.04699527025222778,0.120563006401062
0.24134861970168808,0.09332706392255762,0.19130756278992314,54.54,-117964.79999999981,27.18,-165150.71999999974,1.0,-0.14252143925290994,21.75,0.0,0.5852767,-0.8433491,-0.5981233,0.475583016872406,0.04699527025222778,0.120563006401062
0.24113167258980497,0.08794752537820069,0.19669845365974734,53.64,-33704.22857142852,25.56,-60667.611428571465,1.0,0.19318216498304963,21.755,0.0,0.5852767,-0.8433491,-0.5981233,0.475583016872406,0.04699527025222778,0.120563006401062
0.24133923752358466,0.08507998980120908,0.19962695305532693,52.739999999999995,-20.827578292247047,23.939999999999998,-37.48964092604447,1.0,-0.2798547318948934,21.76,0.0,0.69588685,-1.0837635,-0.9394691,0.5087660551071167,0.0,0.01815927028656006
0.24190881935703093,0.09339083277639758,0.20453746124675362,51.839999999999996,-58074.97846153837,22.32,-104534.96123076907,1.0,-0.020447401348924643,21.765,0.0,0.69588685,-1.0837635,-0.9394691,0.5087660551071167,0.0,0.01815927028656006
0.2426568395600292,0.09794514911982503,0.21799080956093356,50.94,-114390.10909090891,20.34,-251658.24000000005,1.0,-0.21881771294290076,21.77,0.0,0.69588685,-1.0837635,-0.9394691,0.5087660551071167,0.0,0.01815927028656006
0.24336482955301866,0.10956568138300983,0.23128093116369852,50.04,-117964.79999999981,18.36,-259522.56000000006,1.0,-0.06622516556291913,21.775000000000002,0.0,0.69588685,-1.0837635,-0.9394691,0.5087660551071167,0.0,0.01815927028656006
0.2439697821011963,0.11550726715175634,0.24276180242204484,49.14,-130168.05517241359,16.2,-312403.33241379313,1.0,-0.14252143925290994,21.78,0.0,1.2473749,-0.9951856,-1.2317227,0.6,0.0014443159103393554,0.0
0.24484932024327505,0.124326036255211,0.2576812258646942,48.059999999999995,-156201.66620689732,13.68,-364470.55448275857,1.0,0.2847376934110386,21.785,0.0,1.2473749,-0.9951856,-1.2317227,0.6,0.0014443159103393554,0.0
0.24567615957042646,0.12444058170988011,0.2734349413410643,47.16,-114390.10909090891,11.16,-320292.3054545454,1.0,-0.2035584582049026,21.79,0.0,1.2473749,-0.9951856,-1.2317227,0.6,0.0014443159103393554,0.0
0.24635425938697983,0.12894880851004797,0.2831754994036256,46.08,-141557.75999999978,8.459999999999999,-353894.40000000014,1.0,0.04058961760306801,21.795,0.0,1.2473749,-0.9951856,-1.2317227,0.6,0.0014443159103393554,0.0
0.24732243079424618,0.11926653482567515,0.28685433325187426,45.0,-146124.13935483847,5.76,-365310.34838709666,1.0,-0.46296578875087135,21.8,0.0,1.3145204,-1.2801725,-1.0074624,0.6,0.0,0.0
0.24840800309478164,0.11659594617210184,0.28862770531728,43.92,-24.396783179120355,3.06,-60.99195794780098,1.0,0.1626636555070533,21.805,0.0,1.3145204,-1.2801725,-1.0074624,0.6,0.0,0.0
0.24892660988916565,0.12096662433060613,0.2892483523589997,42.3,-101414.51462686596,1.44,-101414.51462686568,1.0,-0.31037324137088973,21.81,0.0,1.3145204,-1.2801725,-1.0074624,0.6,0.0,0.0
0.25040420268292646,0.12435218805280002,0.2880073909513897,40.14,-81618.88864864851,2.16,27206.296216216222,1.0,-0.020447401348924643,21.815,0.0,1.3145204,-1.2801725,-1.0074624,0.6,0.0,0.0
0.25568328624235725,0.12283207163267622,0.28786123480933046,37.8,-160896.25180327892,3.06,61883.1737704918,1.0,0.0863673818170625,21.82,0.0,1.4064294,-1.1445911,-0.71559805,0.6,0.0,0.08532058596611022
0.26857497685649306,0.11799157653009261,0.28768344573314963,35.46,-316602.30193548335,3.78,97416.09290322577,1.0,-0.23407696768089892,21.825,0.0,1.4064294,-1.1445911,-0.71559805,0.6,0.0,0.08532058596611022
0.2808687444379443,0.10967661910487715,0.28590658510507494,33.66,-235929.60000000056,3.78,0.0,1.0,-0.26459547715689524,21.830000000000002,0.0,1.4064294,-1.1445911,-0.71559805,0.6,0.0,0.08532058596611022
0.2936290075753624,0.10598453507476827,0.28467848395543505,32.22,-188743.6799999997,3.2399999999999998,-70778.88,1.0,0.2084414197210478,21.835,0.0,1.4064294,-1.1445911,-0.71559805,0.6,0.0,0.08532058596611022
0.3107405098956151,0.11285278042075254,0.2842166139184548,31.14,-156201.6662068963,1.98,-182235.27724137928,1.0,-0.2798547318948934,21.84,0.0,1.3988589,-1.5797949,-0.85362893,0.6,0.0,0.04391131997108459
0.32486451411704675,0.10984697456663944,0.28094774944954365,29.88,-176160.76800000021,1.44,-75497.47200000001,1.0,-0.005188146610926481,21.845,0.0,1.3988589,-1.5797949,-0.85362893,0.6,0.0,0.04391131997108459
0.33778495031632205,0.1201027679698615,0.2727256188076366,28.98,-22.00014919806039,1.7999999999999998,8.800059679224168,1.0,-0.23407696768089892,21.85,0.0,1.3988589,-1.5797949,-0.85362893,0.6,0.0,0.04391131997108459
0.35327766077998113,0.10513685787485696,0.2638177824042305,28.799999999999997,-8677.870344827743,1.6199999999999999,-8677.870344827583,1.0,-0.14252143925290994,21.855,0.0,1.3988589,-1.5797949,-0.85362893,0.6,0.0,0.04391131997108459
0.367552088959108,0.08795539951744687,0.2544596610562003,28.619999999999997,-17975.588571428543,1.6199999999999999,0.0,1.0,-0.31037324137088973,21.86,0.0,1.4817982,-1.7649821,-0.80755275,0.6,0.0,0.057734173536300656
0.37830403752925496,0.07127383050859895,0.24190406505687434,28.799999999999997,20971.519999999968,1.6199999999999999,0.0,1.0,0.025330362865069844,21.865000000000002,0.0,1.4817982,-1.7649821,-0.80755275,0.6,0.0,0.057734173536300656
0.3915485663158156,0.06733745794636367,0.22625933402138845,29.52,94371.84000000032,1.6199999999999999,0.0,1.0,-0.12726218451491178,21.87,0.0,1.4817982,-1.7649821,-0.80755275,0.6,0.0,0.057734173536300656
0.40310197453154106,0.05887283218327077,0.20816576743832133,30.599999999999998,133230.83294117625,1.6199999999999999,0.0,1.0,-0.005188146610926481,21.875,0.0,1.4817982,-1.7649821,-0.80755275,0.6,0.0,0.057734173536300656
0.41088224387237143,0.0534255288568743,0.18994732812427684,32.04,188743.68000000017,1.6199999999999999,0.0,1.0,-0.2035584582049026,21.88,0.0,1.4657514,-1.7123928,-0.7586832,0.6,0.0,0.07239503860473633
0.4197207997096948,0.0555911126468818,0.17112655457905035,33.839999999999996,53544.30638297864,1.6199999999999999,0.0,1.0,0.2084414197210478,21.885,0.0,1.4657514,-1.7123928,-0.7586832,0.6,0.0,0.07239503860473633
0.42739446395212466,0.04031644862005648,0.1537879974231677,35.82,44.93605350301937,1.6199999999999999,0.0,1.0,-0.26459547715689524,21.89,0.0,1.4657514,-1.7123928,-0.7586832,0.6,0.0,0.07239503860473633
0.43244557791511357,0.04012795644965809,0.13724021653694207,38.16,181753.17333333305,1.6199999999999999,0.0,1.0,0.1626636555070533,21.895,0.0,1.4657514,-1.7123928,-0.7586832,0.6,0.0,0.07239503860473633
0.43781385429226144,0.01824348100371442,0.12266114052225743,40.86,365310.3483870972,1.6199999999999999,0.0,1.0,-0.06622516556291913,21.900000000000002,0.0,1.4650095,-1.9498204,0.21666265,0.6,0.0,0.3649987936019897
0.44386088732068635,0.016786029863531702,0.11015211074863701,43.739999999999995,416537.7765517235,1.6199999999999999,0.0,1.0,-0.020447401348924643,21.905,0.0,1.4650095,-1.9498204,0.21666265,0.6,0.0,0.3649987936019897
0.4471510744775005,0.012626830257865719,0.10135504170890428,46.8,427819.0080000003,1.6199999999999999,0.0,1.0,-0.3561510055848842,21.91,0.0,1.4650095,-1.9498204,0.21666265,0.6,0.0,0.3649987936019897
0.45012675179310396,-0.004082573427376431,0.09644221568370501,50.04,125829.12000000008,1.6199999999999999,0.0,1.0,0.31525620288703493,21.915,0.0,1.4650095,-1.9498204,0.21666265,0.6,0.0,0.3649987936019897
0.4549490844126096,0.0032159134230515334,0.0928218282202074,53.46,421897.63764705905,1.6199999999999999,0.0,1.0,-0.2798547318948934,21.92,0.0,1.0296417,-1.3916004,-0.3846287,0.6,0.0,0.18461138606071473
0.4584973087416392,-0.00013505632533454854,0.09015003945177154,56.879999999999995,448266.2399999993,1.6199999999999999,0.0,1.0,-0.05096591082492097,21.925,0.0,1.0296417,-1.3916004,-0.3846287,0.6,0.0,0.18461138606071473
0.4620292592703518,0.0002792530166747257,0.08851441872647743,60.48,487080.4645161292,1.6199999999999999,0.0,1.0,-0.14252143925290994,21.93,0.0,1.0296417,-1.3916004,-0.3846287,0.6,0.0,0.18461138606071473
0.4657801923112804,0.008568790504514243,0.0877448976232736,64.08,87.01975818070751,1.7999999999999998,4.350987909035372,1.0,0.04058961760306801,21.935,0.0,1.0296417,-1.3916004,-0.3846287,0.6,0.0,0.18461138606071473
0.468460723787613,-0.007019731405502986,0.0871970310162197,67.5,157632.08439560447,1.7999999999999998,0.0,1.0,-0.005188146610926481,21.94,0.0,1.0658396,-1.630896,0.4446244,0.6,0.0,0.4333873182535171
0.47186443463510697,-0.012990057622086836,0.08581532933251436,71.1,377487.3599999994,1.7999999999999998,0.0,1.0,0.22370067445904596,21.945,0.0,1.0658396,-1.630896,0.4446244,0.6,0.0,0.4333873182535171
0.4756949887436076,-0.011311446343503933,0.08573084345896387,74.52,409843.41942857165,1.98,21570.706285714306,1.0,-0.1577806939909081,21.95,0.0,1.0658396,-1.630896,0.4446244,0.6,0.0,0.4333873182535171
0.47908035755810957,-0.012499498975759889,0.08529250894021594,77.94,462726.4412903228,2.16,24354.02322580647,1.0,0.05584887234106617,21.955000000000002,0.0,1.0658396,-1.630896,0.4446244,0.6,0.0,0.4333873182535171
0.4822828951439001,-0.011651988166890058,0.0853258518444108,81.0,366702.00685714313,2.52,43141.412571428555,1.0,-0.24933622241889708,21.96,0.0,0.46338555,-1.0755657,-0.3481222,0.4390156656503677,0.0,0.19556333720684052
0.48558484522637535,-0.006142095267715014,0.08568698234288902,83.88,355282.22117647005,3.2399999999999998,88820.55529411761,1.0,-0.08148442030091729,21.965,0.0,0.46338555,-1.0755657,-0.3481222,0.4390156656503677,0.0,0.19556333720684052
0.4889540082433481,-0.009753306679385386,0.08575182622379471,86.39999999999999,148868.25464788708,4.5,74434.12732394367,1.0,-0.14252143925290994,21.97,0.0,0.46338555,-1.0755657,-0.3481222,0.4390156656503677,0.0,0.19556333720684052
0.4920765199108538,-0.02024257893345132,0.08734463186347043,88.38,45.57449893811438,6.3,41.431362671012984,1.0,-0.09674367503891546,21.975,0.0,0.46338555,-1.0755657,-0.3481222,0.4390156656503677,0.0,0.19556333720684052
0.49520015374989657,-0.01778562405512966,0.09387439997253669,89.82,88820.55529411751,8.82,155435.9717647059,1.0,-0.12726218451491178,21.98,0.0,0.35361093,-0.91142917,-0.70892656,0.4060832798480987,0.026571249961853026,0.08732203245162963
0.4984508960343965,-0.0033777723340796626,0.10070325304752878,90.72,114390.10909090981,12.24,434682.41454545455,1.0,0.010071108127071682,21.985,0.0,0.35361093,-0.91142917,-0.70892656,0.4060832798480987,0.026571249961853026,0.08732203245162963
0.5011212653420188,-0.005557669619438448,0.1132466763039131,90.89999999999999,25165.823999998967,16.38,578813.9519999998,1.0,0.07110812707906433,21.990000000000002,0.0,0.35361093,-0.91142917,-0.70892656,0.4060832798480987,0.026571249961853026,0.08732203245162963
0.5023164440201501,-0.003823652307092177,0.12660287923607555,90.72,-6622.585263157623,21.24,178809.80210526314,1.0,0.23895992919704412,21.995,0.0,0.35361093,-0.91142917,-0.70892656,0.4060832798480987,0.026571249961853026,0.08732203245162963
0.503856307823245,-0.008939240160766998,0.13512986793799645,90.17999999999999,-64712.11885714361,26.279999999999998,603979.776,1.0,-0.1577806939909081,22.0,0.0,-0.59823,-0.24659792,0.97634405,0.12053099870681762,0.22602062523365019,0.5929032146930694
0.5040022309154014,-0.023726557909042142,0.14658497056474165,89.28,-117964.79999999888,31.14,637009.9200000004,1.0,0.05584887234106617,22.005,0.0,-0.59823,-0.24659792,0.97634405,0.12053099870681762,0.22602062523365019,0.5929032146930694
0.5053896269380207,-0.010744909044269117,0.16051705502059777,88.56,-91512.08727272713,35.28,526194.501818182,1.0,-0.14252143925290994,22.01,0.0,-0.59823,-0.24659792,0.97634405,0.12053099870681762,0.22602062523365019,0.5929032146930694
0.5056412597095241,-0.009445417260615383,0.17089970545807875,87.84,-94371.83999999985,38.339999999999996,401080.31999999937,1.0,-0.21881771294290076,22.015,0.0,-0.59823,-0.24659792,0.97634405,0.12053099870681762,0.22602062523365019,0.5929032146930694
0.5064059074733437,-0.012797761744046753,0.18147329865039083,87.47999999999999,-8.669698904481162,39.96,39.01364507016386,1.0,-0.17303994872890627,22.02,0.0,-0.19780889,-0.6681349,-0.35956842,0.2406573325395584,0.09955952167510985,0.19212947487831114
0.5063838037680297,-0.004439743767710792,0.19916136363690023,87.47999999999999,0.0,39.96,0.0,1.0,0.22370067445904596,22.025000000000002,0.0,-0.19780889,-0.6681349,-0.35956842,0.2406573325395584,0.09955952167510985,0.19212947487831114
0.5062780105785577,-0.010657893791093427,0.21631166938836038,87.66,5066.944429530394,38.519999999999996,-40535.555436241746,1.0,-0.2035584582049026,22.03,0.0,-0.19780889,-0.6681349,-0.35956842,0.2406573325395584,0.09955952167510985,0.19212947487831114
0.5059054170055505,-0.0024789213319497024,0.22477212160683843,88.02,37748.73599999994,36.54,-207618.04799999966,1.0,0.025330362865069844,22.035,0.0,-0.19780889,-0.6681349,-0.35956842,0.2406573325395584,0.09955952167510985,0.19212947487831114
0.5046255429332509,-0.004919251523088655,0.22819971601309588,88.02,0.0,34.199999999999996,-327155.71200000047,1.0,-0.31037324137088973,22.04,0.0,-0.03224118,-0.9408127,-1.4434055,0.29032764583826065,0.017756187915802,0.0
0.5046089598362488,-0.00918812762272525,0.22938614533405602,88.02,0.0,31.68,-293601.27999999956,1.0,-0.020447401348924643,22.045,0.0,-0.03224118,-0.9408127,-1.4434055,0.29032764583826065,0.017756187915802,0.0
0.5043140446937064,0.0018244493415542078,0.22880249576430053,87.84,-22878.021818180878,29.34,-297414.28363636363,1.0,-0.14252143925290994,22.05,0.0,-0.03224118,-0.9408127,-1.4434055,0.29032764583826065,0.017756187915802,0.0
0.5036841681121443,-0.000709791949902406,0.22692889141251188,87.47999999999999,-25165.824000000954,26.82,-176160.76799999998,1.0,-0.12726218451491178,22.055,0.0,-0.03224118,-0.9408127,-1.4434055,0.29032764583826065,0.017756187915802,0.0
0.5031302664397099,0.006119845791066301,0.22615924528646913,86.94,-12.35927773563884,24.3,-57.67662943298209,1.0,-0.1577806939909081,22.06,0.0,-0.09058057,-0.92348313,-1.6359886,0.27282582968473434,0.02295506000518799,0.0
0.5030786279299141,0.00328999279930453,0.22556287808384257,86.39999999999999,-25165.82400000029,21.779999999999998,-117440.51200000015,1.0,0.07110812707906433,22.065,0.0,-0.09058057,-0.92348313,-1.6359886,0.27282582968473434,0.02295506000518799,0.0
0.5024367860725907,0.00044339169156242214,0.22862242924793405,85.67999999999999,-71902.35428571417,19.259999999999998,-251658.23999999996,1.0,-0.17303994872890627,22.07,0.0,-0.09058057,-0.92348313,-1.6359886,0.27282582968473434,0.02295506000518799,0.0
0.501546349588759,0.010317710187093855,0.23903217192500856,84.96,-83886.07999999987,16.56,-314572.79999999993,1.0,0.26947843867304044,22.075,0.0,-0.09058057,-0.92348313,-1.6359886,0.27282582968473434,0.02295506000518799,0.0
0.5008939375054563,0.026157919053439425,0.25002090982153824,84.24,-100663.29599999984,14.04,-352321.53599999996,1.0,-0.12726218451491178,22.080000000000002,0.0,0.16786009,-0.8396903,-1.4020554,0.35035802721977233,0.04809290170669556,0.0
0.5001718809793688,0.02934214604448574,0.2635861855060495,83.52,-83886.07999999987,11.16,-335544.3199999999,1.0,0.0863673818170625,22.085,0.0,0.16786009,-0.8396903,-1.4020554,0.35035802721977233,0.04809290170669556,0.0
0.4949606014094016,0.02065160111325806,0.27963770688088935,82.8,-88820.55529411751,8.28,-355282.2211764707,1.0,-0.21881771294290076,22.09,0.0,0.16786009,-0.8396903,-1.4020554,0.35035802721977233,0.04809290170669556,0.0
0.4816210184435019,0.037447776243378986,0.293017676485161,82.08,-94371.83999999985,5.58,-353894.3999999999,1.0,0.10162663655506066,22.095,0.0,0.16786009,-0.8396903,-1.4020554,0.35035802721977233,0.04809290170669556,0.0
0.46788837993670795,0.03936027238647585,0.29882449020906127,81.17999999999999,-117964.80000000075,2.6999999999999997,-377487.36000000004,1.0,-0.08148442030091729,22.1,0.0,-0.077021495,-0.7909013,-1.2063351,0.2768935516476631,0.06272960901260376,0.0
0.4518365164819801,0.03745431428149988,0.30024160678170153,79.38,-43.49283467560741,1.44,-30.444984272925232,1.0,-0.05096591082492097,22.105,0.0,-0.077021495,-0.7909013,-1.2063351,0.2768935516476631,0.06272960901260376,0.0
0.4339791139799128,0.032400414199633645,0.30244560017862054,77.22,-51769.69508571421,2.6999999999999997,30198.988799999996,1.0,-0.4019287697988787,22.11,0.0,-0.077021495,-0.7909013,-1.2063351,0.2768935516476631,0.06272960901260376,0.0
0.4184307364960995,0.046774850537710605,0.30217684214184704,74.88,-163577.85600000023,3.78,75497.47200000001,1.0,0.05584887234106617,22.115000000000002,0.0,-0.077021495,-0.7909013,-1.2063351,0.2768935516476631,0.06272960901260376,0.0
0.40446723918896743,0.044979462349751774,0.30045775623401255,72.72,-258848.47542857102,4.68,107853.53142857141,1.0,-0.38666951506088054,22.12,0.0,0.57510483,-0.5627222,-0.43093202,0.47253144979476924,0.1311833381652832,0.17072039544582365
0.3904682935688613,0.0467074089895757,0.29913983328601973,70.38,-208822.79489361733,5.58,80316.45957446811,1.0,0.23895992919704412,22.125,0.0,0.57510483,-0.5627222,-0.43093202,0.47253144979476924,0.1311833381652832,0.17072039544582365
0.37956575135077203,0.056641780426396,0.29396551933367243,68.03999999999999,-297414.2836363641,6.12,68634.06545454546,1.0,-0.26459547715689524,22.13,0.0,0.57510483,-0.5627222,-0.43093202,0.47253144979476924,0.1311833381652832,0.17072039544582365
0.3697302186846172,0.058154383454211166,0.28026168826526954,65.52,-330301.4399999995,6.66,70778.88,1.0,0.010071108127071682,22.135,0.0,0.57510483,-0.5627222,-0.43093202,0.47253144979476924,0.1311833381652832,0.17072039544582365
0.3599211478824423,0.04968297485746442,0.26249157956972774,63.18,-338436.9434482753,7.199999999999999,78100.83310344815,1.0,-0.29511398663289157,22.14,0.0,-0.33022502,0.091639064,-0.3010432,0.20093249380588532,0.32749171927571297,0.20968703627586363
0.35251822731209925,0.06539001696277913,0.2420618973191672,60.839999999999996,-52.840344994670104,7.739999999999999,12.193925768000776,1.0,-0.020447401348924643,22.145,0.0,-0.33022502,0.091639064,-0.3010432,0.20093249380588532,0.32749171927571297,0.20968703627586363
0.347200044565801,0.05074936180088157,0.22123193697782995,58.5,-144333.40235294096,8.1,22205.138823529433,1.0,-0.26459547715689524,22.150000000000002,0.0,-0.33022502,0.091639064,-0.3010432,0.20093249380588532,0.32749171927571297,0.20968703627586363
0.3448018729197431,0.043800381179909066,0.20050086835696565,56.16,-272629.7600000004,8.459999999999999,41943.039999999935,1.0,0.17792291024505147,22.155,0.0,-0.33022502,0.091639064,-0.3010432,0.20093249380588532,0.32749171927571297,0.20968703627586363
0.34388975844698627,0.03972287567205385,0.18064351307395493,53.82,-297414.28363636316,8.64,22878.02181818201,1.0,-0.08148442030091729,22.16,0.0,0.6449847,-0.29168555,0.040671352,0.4934954166412353,0.2124943345785141,0.3122014056891203
0.34353539810997286,0.057264558911562013,0.16155645160814672,51.48,-338436.9434482764,8.64,0.0,1.0,-0.020447401348924643,22.165,0.0,0.6449847,-0.29168555,0.040671352,0.4934954166412353,0.2124943345785141,0.3122014056891203
0.3413645037224655,0.07243851025780353,0.14427741028566754,49.32,-87958.21980582511,8.64,0.0,1.0,-0.2035584582049026,22.17,0.0,0.6449847,-0.29168555,0.040671352,0.4934954166412353,0.2124943345785141,0.3122014056891203
0.3387523547193664,0.07479275843441412,0.1286996509824629,47.339999999999996,-237277.7691428576,8.1,-64712.11885714297,1.0,-0.05096591082492097,22.175,0.0,0.6449847,-0.29168555,0.040671352,0.4934954166412353,0.2124943345785141,0.3122014056891203
0.33700318820466524,0.06633870246072937,0.11429269770882981,45.54,-139810.1333333331,7.38,-55924.053333333315,1.0,-0.34089175084688605,22.18,0.0,0.17132454,-0.52348065,-1.2578818,0.3513973608613014,0.14295580387115478,0.0
0.33760252218578474,0.06158861464010295,0.10164570234875142,43.92,-219186.20903225773,6.4799999999999995,-121770.1161290323,1.0,0.23895992919704412,22.185,0.0,0.17132454,-0.52348065,-1.2578818,0.3513973608613014,0.14295580387115478,0.0
0.3391072041821385,0.05595070052231901,0.09088170197593463,42.66,-30.857577672028853,5.04,-35.265803053747106,1.0,-0.3256324961088879,22.19,0.0,0.17132454,-0.52348065,-1.2578818,0.3513973608613014,0.14295580387115478,0.0
0.34021139036803616,0.05949006969831582,0.08572107207122573,41.58,-80890.14857142845,3.06,-148298.60571428572,1.0,0.26947843867304044,22.195,0.0,0.17132454,-0.52348065,-1.2578818,0.3513973608613014,0.14295580387115478,0.0
0.34297946163455867,0.06884224454757971,0.084273647355868,40.68,-114390.10909090891,1.44,-205902.19636363638,1.0,-0.31037324137088973,22.2,0.0,0.41144615,-0.75441945,-1.5986823,0.42343384623527525,0.07367416620254516,0.0
0.3457843656380949,0.08750358622573608,0.0828140959371369,39.24,-183024.17454545427,1.6199999999999999,22878.02181818181,1.0,0.0863673818170625,22.205000000000002,0.0,0.41144615,-0.75441945,-1.5986823,0.42343384623527525,0.07367416620254516,0.0
0.3474790386584302,0.09063550999546674,0.0836043992636966,38.16,-156201.66620689732,2.16,78100.83310344831,1.0,-0.2035584582049026,22.21,0.0,0.41144615,-0.75441945,-1.5986823,0.42343384623527525,0.07367416620254516,0.0
0.3489748111242569,0.09899060417167,0.08743733412943581,37.26,-111025.69411764688,2.16,0.0,1.0,-0.17303994872890627,22.215,0.0,0.41144615,-0.75441945,-1.5986823,0.42343384623527525,0.07367416620254516,0.0
0.34973408285914875,0.1052163948081642,0.09249816268348576,36.9,-45756.04363636357,1.6199999999999999,-68634.06545454549,1.0,-0.21881771294290076,22.22,0.0,0.24970296,-1.0113522,-1.5045211,0.37491088807582856,0.0,0.0
0.35095642879655053,0.12598894324072787,0.0981119616473503,36.54,-45756.04363636357,1.6199999999999999,0.0,1.0,0.1626636555070533,22.225,0.0,0.24970296,-1.0113522,-1.5045211,0.37491088807582856,0.0,0.0
0.351896289488215,0.14122905329826413,0.11459085340078205,36.54,0.0,1.6199999999999999,0.0,1.0,-0.26459547715689524,22.23,0.0,0.24970296,-1.0113522,-1.5045211,0.37491088807582856,0.0,0.0
0.3537752050209435,0.16231278395736892,0.13125945142545792,36.54,0.0,1.6199999999999999,0.0,1.0,0.07110812707906433,22.235,0.0,0.24970296,-1.0113522,-1.5045211,0.37491088807582856,0.0,0.0
0.35436884903633453,0.16972134813090606,0.14433039931651317,36.9,17557.55162790695,1.6199999999999999,0.0,1.0,-0.26459547715689524,22.240000000000002,0.0,0.1500282,-0.72057426,-1.2661562,0.345008459687233,0.08382772207260132,0.0
0.3543664509585202,0.16999010296927228,0.159338251184232,37.44,53926.765714285626,1.6199999999999999,0.0,1.0,0.17792291024505147,22.245,0.0,0.1500282,-0.72057426,-1.2661562,0.345008459687233,0.08382772207260132,0.0
0.3547455831825743,0.17260227683497126,0.17414840728599548,37.98,68634.06545454534,1.6199999999999999,0.0,1.0,-0.1577806939909081,22.25,0.0,0.1500282,-0.72057426,-1.2661562,0.345008459687233,0.08382772207260132,0.0
0.35428254788419583,0.17350348827463183,0.18287444572377334,38.879999999999995,125829.1199999998,1.6199999999999999,0.0,1.0,-0.005188146610926481,22.255,0.0,0.1500282,-0.72057426,-1.2661562,0.345008459687233,0.08382772207260132,0.0
0.35378238451211425,0.17063203961870518,0.18584126916410124,39.6,88820.55529411839,1.6199999999999999,0.0,1.0,-0.18829920346690443,22.26,0.0,0.45461392,-0.018346407,-0.48257104,0.43638417720794676,0.2944960780441761,0.15522868931293488
0.35324214726324377,0.17257993778528627,0.18731309105739752,40.68,137268.1309090907,1.6199999999999999,0.0,1.0,0.1626636555070533,22.265,0.0,0.45461392,-0.018346407,-0.48257104,0.43638417720794676,0.2944960780441761,0.15522868931293488
0.35162894642769776,0.17221436952649527,0.18810942875169104,41.76,146124.13935483847,1.6199999999999999,0.0,1.0,-0.2798547318948934,22.27,0.0,0.45461392,-0.018346407,-0.48257104,0.43638417720794676,0.2944960780441761,0.15522868931293488
0.35045465812460047,0.16419661221481155,0.18562025468106214,43.019999999999996,28.579587704687487,1.6199999999999999,0.0,1.0,-0.06622516556291913,22.275000000000002,0.0,0.45461392,-0.018346407,-0.48257104,0.43638417720794676,0.2944960780441761,0.15522868931293488
0.34986941022208756,0.17246022375968223,0.17775704632657827,44.1,80890.14857142897,1.6199999999999999,0.0,1.0,-0.12726218451491178,22.28,0.0,0.9075115,0.43369335,0.5491841,0.5722534418106079,0.43010800480842587,0.4647552251815796
0.34870549624541586,0.1757969427831421,0.1654369342703661,45.36,30548.11005780342,1.6199999999999999,0.0,1.0,0.0863673818170625,22.285,0.0,0.9075115,0.43369335,0.5491841,0.5722534418106079,0.43010800480842587,0.4647552251815796
0.34742486437565756,0.1766548682696379,0.15139925472830124,46.62,160146.15272727248,1.6199999999999999,0.0,1.0,-0.035706656086922806,22.29,0.0,0.9075115,0.43369335,0.5491841,0.5722534418106079,0.43010800480842587,0.4647552251815796
0.34653153371832995,0.18646082532738528,0.13674019462290016,47.699999999999996,146124.13935483847,1.6199999999999999,0.0,1.0,0.11688589129305882,22.295,0.0,0.9075115,0.43369335,0.5491841,0.5722534418106079,0.43010800480842587,0.4647552251815796
0.34553992371747927,0.17187722908046363,0.12237620699399054,48.96,165150.72000000067,1.6199999999999999,0.0,1.0,-0.34089175084688605,22.3,0.0,0.7457963,0.5863546,1.0496393,0.5237388968467712,0.4759063839912414,0.6
0.34417628572158876,0.17039356064290057,0.10934337907263618,50.04,146124.13935483847,1.7999999999999998,24354.023225806442,1.0,0.1626636555070533,22.305,0.0,0.7457963,0.5863546,1.0496393,0.5237388968467712,0.4759063839912414,0.6
0.3434280934304258,0.16507891141936923,0.0965301580074199,51.12,32126.583829787185,1.7999999999999998,0.0,1.0,-0.06622516556291913,22.31,0.0,0.7457963,0.5863546,1.0496393,0.5237388968467712,0.4759063839912414,0.6
0.3427284249297113,0.16749096938446095,0.08393472334635535,52.199999999999996,125829.1199999998,1.98,20971.52000000002,1.0,-0.035706656086922806,22.315,0.0,0.7457963,0.5863546,1.0496393,0.5237388968467712,0.4759063839912414,0.6
0.3423353298633756,0.16037146227561708,0.0743397536022297,53.1,21.966096013965807,2.16,4.393219202793137,1.0,-0.23407696768089892,22.32,0.0,0.41195711,0.3784975,0.9726693,0.42358713448047636,0.4135492533445358,0.5918007910251617
0.3423922588275669,0.1535153663753894,0.05699479310445848,54.0,51011.80540540533,2.34,10202.361081081064,1.0,0.010071108127071682,22.325,0.0,0.41195711,0.3784975,0.9726693,0.42358713448047636,0.4135492533445358,0.5918007910251617
0.3463156923109456,0.1590287423333878,0.054672635692761234,54.9,102023.61081081066,2.6999999999999997,40809.44432432431,1.0,-0.2798547318948934,22.330000000000002,0.0,0.41195711,0.3784975,0.9726693,0.42358713448047636,0.4135492533445358,0.5918007910251617
0.35272322472164674,0.1609371983390151,0.037123940756056836,55.62,22205.138823529378,3.06,11102.569411764716,1.0,0.14740440076905514,22.335,0.0,0.41195711,0.3784975,0.9726693,0.42358713448047636,0.4135492533445358,0.5918007910251617
0.35708949080663954,0.15261046793426825,0.04223685297910706,56.16,68634.06545454534,3.5999999999999996,68634.0654545454,1.0,-0.2798547318948934,22.34,0.0,0.7169781,-0.45967755,0.35445866,0.5150934219360351,0.16209673583507536,0.4063375979661941
0.36432460919105386,0.1547273245912855,0.049411067005076574,56.879999999999995,48708.04645161283,3.96,24354.02322580647,1.0,-0.1577806939909081,22.345,0.0,0.7169781,-0.45967755,0.35445866,0.5150934219360351,0.16209673583507536,0.4063375979661941
0.3748657964847045,0.16876179243143277,0.050175171770366685,57.599999999999994,91512.08727272713,4.32,45756.043636363676,1.0,-0.34089175084688605,22.35,0.0,0.7169781,-0.45967755,0.35445866,0.5150934219360351,0.16209673583507536,0.4063375979661941
0.38336004121572365,0.18304891684268382,0.05462572557859834,58.14,68634.06545454625,4.859999999999999,68634.06545454534,1.0,0.2084414197210478,22.355,0.0,0.7169781,-0.45967755,0.35445866,0.5150934219360351,0.16209673583507536,0.4063375979661941
0.39159234805611637,0.1945304868043825,0.07765264129714451,58.68,12.25382862460368,5.22,8.16921908306914,1.0,-0.05096591082492097,22.36,0.0,0.86262774,-1.0930507,-0.062321447,0.5587883234024048,0.0,0.2813035659492016
0.40307202869457065,0.2109927710192046,0.08964780961223191,59.22,41180.439272727206,5.58,27453.626181818207,1.0,0.05584887234106617,22.365000000000002,0.0,0.86262774,-1.0930507,-0.062321447,0.5587883234024048,0.0,0.2813035659492016
0.41315423292852943,0.2299327325380602,0.1083310936690502,59.76,68634.06545454534,5.76,22878.021818181784,1.0,-0.4477065340128732,22.37,0.0,0.86262774,-1.0930507,-0.062321447,0.5587883234024048,0.0,0.2813035659492016
0.42059907664252044,0.2418051505520521,0.1286848329542951,60.3,73062.06967741923,6.3,73062.06967741936,1.0,0.17792291024505147,22.375,0.0,0.86262774,-1.0930507,-0.062321447,0.5587883234024048,0.0,0.2813035659492016
0.42785710980366076,0.2595938228123555,0.14252598629521743,60.48,26033.611034482718,6.66,52067.222068965566,1.0,-0.18829920346690443,22.38,0.0,0.79315674,-1.3778778,0.30282128,0.5379470229148865,0.0,0.39084638357162477
0.4326905947908525,0.27229071227523644,0.1555016575010962,60.66,23592.959999999963,7.56,117964.79999999993,1.0,0.1626636555070533,22.385,0.0,0.79315674,-1.3778778,0.30282128,0.5379470229148865,0.0,0.39084638357162477
0.435710112877119,0.2781337420169453,0.17199903406986364,60.66,0.0,8.459999999999999,36296.86153846152,1.0,-0.24933622241889708,22.39,0.0,0.79315674,-1.3778778,0.30282128,0.5379470229148865,0.0,0.39084638357162477
0.437100637791129,0.286462219981504,0.18830027713485675,60.48,-23592.959999999963,9.719999999999999,165150.71999999997,1.0,-0.035706656086922806,22.395,0.0,0.79315674,-1.3778778,0.30282128,0.5379470229148865,0.0,0.39084638357162477
0.4383503086687642,0.29492508492887576,0.20130978214229445,60.3,-24354.023225806413,10.799999999999999,146124.13935483873,1.0,-0.2798547318948934,22.400000000000002,0.0,0.8646089,-1.193743,0.06348045,0.559382665157318,0.0,0.3190441355109215
0.4387540933983756,0.30221729031239947,0.21635661124603361,59.94,-8.763592380642827,11.7,21.90898095160711,1.0,-0.08148442030091729,22.405,0.0,0.8646089,-1.193743,0.06348045,0.559382665157318,0.0,0.3190441355109215
0.43984122110300916,0.31453681870233735,0.23209768959873733,59.76,-14803.425882352918,12.42,59213.70352941182,1.0,-0.09674367503891546,22.41,0.0,0.8646089,-1.193743,0.06348045,0.559382665157318,0.0,0.3190441355109215
0.44047167044842606,0.32034122717543034,0.2446237930126611,59.76,0.0,12.6,23592.959999999963,1.0,-0.17303994872890627,22.415,0.0,0.8646089,-1.193743,0.06348045,0.559382665157318,0.0,0.3190441355109215
0.44094763493315964,0.308995809393333,0.25779084254480505,59.58,-25165.82399999996,12.42,-25165.82399999996,1.0,-0.09674367503891546,22.42,0.0,0.84932125,-1.0761033,0.4118347,0.5547963738441467,0.0,0.42355040609836575
0.4415677119827798,0.3070195035144268,0.2700625316832843,59.76,26033.611034482718,12.059999999999999,-52067.22206896569,1.0,0.14740440076905514,22.425,0.0,0.84932125,-1.0761033,0.4118347,0.5547963738441467,0.0,0.42355040609836575
0.4427740297419823,0.3121487219682264,0.27822433412400044,59.76,0.0,11.16,-114390.10909090891,1.0,-0.17303994872890627,22.43,0.0,0.84932125,-1.0761033,0.4118347,0.5547963738441467,0.0,0.42355040609836575
0.4435107760935612,0.3102286086986003,0.2833398256261734,59.94,23592.959999999963,10.26,-117964.80000000005,1.0,0.04058961760306801,22.435,0.0,0.84932125,-1.0761033,0.4118347,0.5547963738441467,0.0,0.42355040609836575
0.4446249603343663,0.30872704153039193,0.28610508492340625,59.94,0.0,9.18,-146124.13935483873,1.0,-0.26459547715689524,22.44,0.0,0.7206664,-1.1028836,0.08811959,0.5161999225616455,0.0,0.3264358766376972
0.4464899796957255,0.3002016088928728,0.28735378351817276,59.94,0.0,8.1,-24.385225826595324,1.0,0.07110812707906433,22.445,0.0,0.7206664,-1.1028836,0.08811959,0.5161999225616455,0.0,0.3264358766376972
0.44790751371433773,0.27824147247132297,0.2907398282258555,59.94,0.0,6.84,-89573.27186440676,1.0,-0.08148442030091729,22.45,0.0,0.7206664,-1.1028836,0.08811959,0.5161999225616455,0.0,0.3264358766376972
0.44981453994884385,0.2625518736557199,0.295942806119798,60.12,21570.706285714252,5.3999999999999995,-172565.65028571434,1.0,0.010071108127071682,22.455000000000002,0.0,0.7206664,-1.1028836,0.08811959,0.5161999225616455,0.0,0.3264358766376972
0.4521661730180415,0.24747281471465235,0.30012153057893487,60.3,7474.997227722761,3.5999999999999996,-74749.97227722772,1.0,-0.31037324137088973,22.46,0.0,0.3910844,-1.3826711,-0.9077792,0.4173253208398819,0.0,0.02766623497009277
0.45408155127299427,0.21814901665084194,0.304093627013077,60.66,48708.04645161283,1.6199999999999999,-267894.2554838709,1.0,0.04058961760306801,22.465,0.0,0.3910844,-1.3826711,-0.9077792,0.4173253208398819,0.0,0.02766623497009277
0.45604059728156604,0.20747744010434022,0.3090222716488701,60.3,-44410.277647058756,1.6199999999999999,0.0,1.0,0.10162663655506066,22.47,0.0,0.3910844,-1.3826711,-0.9077792,0.4173253208398819,0.0,0.02766623497009277
0.4592566666453092,0.19211842296052473,0.31278270299019556,60.3,0.0,2.16,68634.06545454549,1.0,-0.2035584582049026,22.475,0.0,0.3910844,-1.3826711,-0.9077792,0.4173253208398819,0.0,0.02766623497009277
0.46169903989033056,0.15482408379393764,0.31586835329585233,60.48,24354.023225806413,1.98,-24354.02322580647,1.0,-0.24933622241889708,22.48,0.0,-0.19616953,-1.0619375,-1.3953179,0.2411491423845291,0.0,0.0
0.4638735323174735,0.13294718257204244,0.3183826769989795,60.66,25165.82399999996,1.6199999999999999,-50331.648000000016,1.0,0.10162663655506066,22.485,0.0,-0.19616953,-1.0619375,-1.3953179,0.2411491423845291,0.0,0.0
0.4668237101904329,0.11895550417651427,0.32001711280251227,60.839999999999996,4.394472209125667,1.6199999999999999,0.0,1.0,-0.3714102603228824,22.490000000000002,0.0,-0.19616953,-1.0619375,-1.3953179,0.2411491423845291,0.0,0.0
0.46963511479838366,0.11954832651784447,0.32194810805469526,61.199999999999996,12796.181694915234,1.6199999999999999,0.0,1.0,0.10162663655506066,22.495,0.0,-0.19616953,-1.0619375,-1.3953179,0.2411491423845291,0.0,0.0
0.47143693914482343,0.09630519696534254,0.32729040296647194,61.559999999999995,27453.626181818137,1.6199999999999999,0.0,1.0,-0.2035584582049026,22.5,0.0,0.32245427,-0.7461866,-1.4552394,0.3967362821102142,0.07614401578903197,0.0
0.4737703791307139,0.090414091978484,0.33363673240248015,62.099999999999994,68634.06545454534,1.6199999999999999,0.0,1.0,0.07110812707906433,22.505,0.0,0.32245427,-0.7461866,-1.4552394,0.3967362821102142,0.07614401578903197,0.0
0.47611847443532385,0.08491837905170482,0.33765193671773813,62.64,73062.06967742021,1.6199999999999999,0.0,1.0,-0.24933622241889708,22.51,0.0,0.32245427,-0.7461866,-1.4552394,0.3967362821102142,0.07614401578903197,0.0
0.4775886425477011,0.06239985971026907,0.3394119063615492,63.36,88820.55529411751,1.6199999999999999,0.0,1.0,0.07110812707906433,22.515,0.0,0.32245427,-0.7461866,-1.4552394,0.3967362821102142,0.07614401578903197,0.0
0.4792123531073147,0.07104650483364668,0.3405362181298366,64.08,64253.16765957437,1.6199999999999999,0.0,1.0,-0.31037324137088973,22.52,0.0,1.1191368,-0.34134695,-1.3196158,0.6,0.19759591519832612,0.0
0.48041128124006294,0.05666187564303487,0.3408858944123278,64.98,117964.80000000075,1.6199999999999999,0.0,1.0,0.11688589129305882,22.525000000000002,0.0,1.1191368,-0.34134695,-1.3196158,0.6,0.19759591519832612,0.0
0.4816841941976266,0.04149205593029715,0.33931641724214123,65.88,20.390173497828382,1.6199999999999999,0.0,1.0,-0.24933622241889708,22.53,0.0,1.1191368,-0.34134695,-1.3196158,0.6,0.19759591519832612,0.0
0.4806704445596839,0.02556057048037704,0.3382439338370208,66.78,61883.17377049219,1.6199999999999999,0.0,1.0,-0.08148442030091729,22.535,0.0,1.1191368,-0.34134695,-1.3196158,0.6,0.19759591519832612,0.0
0.47968350886584976,0.020949878667663766,0.3378738431294424,67.67999999999999,104857.599999999,1.6199999999999999,0.0,1.0,-0.46296578875087135,22.54,0.0,0.58072424,0.25510243,-1.058951,0.47421727180480955,0.37653072774410246,0.0
0.47868330485019855,0.024657698539059948,0.33610113867616725,68.58,111025.69411764776,1.6199999999999999,0.0,1.0,0.04058961760306801,22.545,0.0,0.58072424,0.25510243,-1.058951,0.47421727180480955,0.37653072774410246,0.0
0.4758864632643246,0.01486688067425359,0.334279730727151,69.48,16341.44415584426,1.6199999999999999,0.0,1.0,-0.020447401348924643,22.55,0.0,0.58072424,0.25510243,-1.058951,0.47421727180480955,0.37653072774410246,0.0
0.4737653855191176,0.007569406697291877,0.33260797200548026,70.38,102023.61081080984,1.6199999999999999,0.0,1.0,0.07110812707906433,22.555,0.0,0.58072424,0.25510243,-1.058951,0.47421727180480955,0.37653072774410246,0.0
0.4728291614276463,0.014541905657055224,0.3283426901025504,71.28,114390.10909090981,1.6199999999999999,0.0,1.0,-0.2798547318948934,22.56,0.0,-0.031341754,0.70253134,-0.7125167,0.29059747382998463,0.5107594013214111,0.0862449824810028
0.4702633715417872,0.009508656338306685,0.31674971399891017,72.17999999999999,117964.79999999888,1.6199999999999999,0.0,1.0,0.3305154576250331,22.565,0.0,-0.031341754,0.70253134,-0.7125167,0.29059747382998463,0.5107594013214111,0.0862449824810028
0.4682957652357998,0.004137379399691711,0.2994874762851608,72.89999999999999,100663.29599999984,1.7999999999999998,25165.82399999999,1.0,-0.1577806939909081,22.57,0.0,-0.031341754,0.70253134,-0.7125167,0.29059747382998463,0.5107594013214111,0.0862449824810028
0.4679569144258066,0.011576037566033207,0.2781539741939611,73.61999999999999,17.586999627282864,1.98,4.396749906820727,1.0,0.025330362865069844,22.575,0.0,-0.031341754,0.70253134,-0.7125167,0.29059747382998463,0.5107594013214111,0.0862449824810028
0.466014930601205,0.007939965938831674,0.25676637168942723,74.16,44410.27764705934,2.16,14803.425882352954,1.0,0.05584887234106617,22.580000000000002,0.0,-0.39596316,0.5176463,-0.23150045,0.1812110513448715,0.4552938938140869,0.23054986596107482
0.4653971530899658,0.014613239538400265,0.23398543163519903,74.7,68634.06545454625,2.34,22878.021818181784,1.0,0.025330362865069844,22.585,0.0,-0.39596316,0.5176463,-0.23150045,0.1812110513448715,0.4552938938140869,0.23054986596107482
0.46518877740100883,0.02014191723267579,0.21209678607938612,75.06,50331.64799999992,2.88,75497.47200000001,1.0,0.07110812707906433,22.59,0.0,-0.39596316,0.5176463,-0.23150045,0.1812110513448715,0.4552938938140869,0.23054986596107482
0.464275838318924,0.011439104033240229,0.19135396289633322,75.24,26033.61103448169,3.5999999999999996,104134.444137931,1.0,0.0863673818170625,22.595,0.0,-0.39596316,0.5176463,-0.23150045,0.1812110513448715,0.4552938938140869,0.23054986596107482
0.4648575377364088,0.022370891253561377,0.171874876629241,75.42,25165.824000000954,4.32,100663.29600000009,1.0,-0.14252143925290994,22.6,0.0,0.1122616,0.11125353,-0.8084757,0.3336784802377224,0.33337605893611905,0.057457298040390015
0.4651243568259337,0.03954482152815726,0.1538200601209,75.42,0.0,5.3999999999999995,51475.54909090905,1.0,-0.09674367503891546,22.605,0.0,0.1122616,0.11125353,-0.8084757,0.3336784802377224,0.33337605893611905,0.057457298040390015
0.46483894992431807,0.04243245127627135,0.13759723633915202,75.24,-24354.023225807374,6.4799999999999995,146124.13935483873,1.0,-0.1577806939909081,22.61,0.0,0.1122616,0.11125353,-0.8084757,0.3336784802377224,0.33337605893611905,0.057457298040390015
0.46594285797411245,0.0713797283241135,0.12255578538709307,75.06,-4.099091220049674,7.56,24.594547320299057,1.0,0.04058961760306801,22.615000000000002,0.0,0.1122616,0.11125353,-0.8084757,0.3336784802377224,0.33337605893611905,0.057457298040390015
0.4658449281865174,0.09120912221140762,0.10960894924848873,74.7,-16236.015483870942,8.82,56826.054193548414,1.0,-0.06622516556291913,22.62,0.0,0.28877103,-0.26929596,-1.312662,0.3866313099861145,0.21921121180057526,0.0
0.46609059370668726,0.11836319886124394,0.09854889430739762,74.16,-59603.267368421744,10.26,158942.04631578943,1.0,0.0863673818170625,22.625,0.0,0.28877103,-0.26929596,-1.312662,0.3866313099861145,0.21921121180057526,0.0
0.46588082565964234,0.1394202435309957,0.08848723174102852,73.44,-22043.05751824814,11.7,44086.11503649633,1.0,-0.1577806939909081,22.63,0.0,0.28877103,-0.26929596,-1.312662,0.3866313099861145,0.21921121180057526,0.0
0.4657234549799145,0.16980058537244708,0.07927874555804283,72.72,-97416.09290322565,13.32,219186.2090322582,1.0,0.14740440076905514,22.635,0.0,0.28877103,-0.26929596,-1.312662,0.3866313099861145,0.21921121180057526,0.0
0.4664748504355913,0.18235949759096143,0.0730889857302934,72.0,-100663.29599999984,15.12,251658.23999999985,1.0,-0.23407696768089892,22.64,0.0,-0.33118185,-0.19400159,0.23026568,0.2006454437971115,0.24179952442646024,0.36907970309257504
0.46553347617082586,0.19822687150347595,0.07156667672140343,70.92,-129424.23771428551,16.919999999999998,215707.06285714274,1.0,0.0863673818170625,22.645,0.0,-0.33118185,-0.19400159,0.23026568,0.2006454437971115,0.24179952442646024,0.36907970309257504
0.4578119099377265,0.20762095384372647,0.06897011992589912,69.84,-146124.13935483847,18.9,267894.25548387103,1.0,-0.14252143925290994,22.650000000000002,0.0,-0.33118185,-0.19400159,0.23026568,0.2006454437971115,0.24179952442646024,0.36907970309257504
0.4460408266220995,0.22586359685207094,0.06759017739163338,68.39999999999999,-201326.59200000166,21.06,301989.88800000004,1.0,-0.2035584582049026,22.655,0.0,-0.33118185,-0.19400159,0.23026568,0.2006454437971115,0.24179952442646024,0.36907970309257504
0.4341424604047315,0.2428621325438647,0.06982542210232688,66.96,-32.48565398392869,23.58,56.849894471875295,1.0,-0.46296578875087135,22.66,0.0,-0.8211471,0.07933226,-0.30633962,0.05365587472915649,0.3237996786832809,0.20809811353683472
0.4171644967524742,0.2558978590924346,0.07289312967811677,64.98,-109272.6568421047,25.919999999999998,129140.41263157893,1.0,0.04058961760306801,22.665,0.0,-0.8211471,0.07933226,-0.30633962,0.05365587472915649,0.3237996786832809,0.20809811353683472
0.400042272809351,0.27309512307697437,0.07503413521208423,63.18,-215707.06285714338,28.619999999999997,323560.5942857142,1.0,-0.14252143925290994,22.67,0.0,-0.8211471,0.07933226,-0.30633962,0.05365587472915649,0.3237996786832809,0.20809811353683472
0.38409636703329575,0.2882657402603001,0.07833911977998709,61.019999999999996,-292248.2787096779,31.14,340956.32516129076,1.0,0.010071108127071682,22.675,0.0,-0.8211471,0.07933226,-0.30633962,0.05365587472915649,0.3237996786832809,0.20809811353683472
0.37128823075151546,0.29665647602084116,0.07948021989836515,58.86,-292248.27870967693,33.3,292248.27870967693,1.0,-0.23407696768089892,22.68,0.0,0.651587,-0.22078922,0.9425594,0.49547610282897947,0.23376323282718658,0.5827678263187408
0.361756479319576,0.30027323742834505,0.08029707065006843,56.879999999999995,-251658.24000000051,35.1,228780.21818181872,1.0,-0.06622516556291913,22.685,0.0,0.651587,-0.22078922,0.9425594,0.49547610282897947,0.23376323282718658,0.5827678263187408
0.3559684369082747,0.29900908961254624,0.08108910552905126,54.9,-244256.52705882315,36.18,133230.83294117625,1.0,-0.34089175084688605,22.69,0.0,0.651587,-0.22078922,0.9425594,0.49547610282897947,0.23376323282718658,0.5827678263187408
0.35432904253641456,0.2949213314254741,0.08221072269987412,53.1,-235929.59999999963,36.72,70778.87999999989,1.0,-0.035706656086922806,22.695,0.0,0.651587,-0.22078922,0.9425594,0.49547610282897947,0.23376323282718658,0.5827678263187408
0.35461819129238376,0.3015917562390107,0.08186376710729831,51.66,-201326.59200000067,36.54,-25165.82399999996,1.0,-0.26459547715689524,22.7,0.0,0.21474819,-0.13245371,-1.414651,0.36442445665597917,0.26026388704776765,0.0
0.35533996531876716,0.30265954737116413,0.08367648874607661,50.4,-30.71339427787685,35.46,-26.325766523894444,1.0,-0.06622516556291913,22.705000000000002,0.0,0.21474819,-0.13245371,-1.414651,0.36442445665597917,0.26026388704776765,0.0
0.3537793923856133,0.29746687863032684,0.0879938865918911,49.5,-53167.233802816816,34.019999999999996,-85067.57408450733,1.0,-0.29511398663289157,22.71,0.0,0.21474819,-0.13245371,-1.414651,0.36442445665597917,0.26026388704776765,0.0
0.3482890078725024,0.2980359138847337,0.09086593217989117,48.6,-114390.10909090891,32.22,-228780.21818181782,1.0,0.14740440076905514,22.715,0.0,0.21474819,-0.13245371,-1.414651,0.36442445665597917,0.26026388704776765,0.0
0.34306107348755327,0.28620813524952726,0.09826517671149583,48.059999999999995,-73062.06967742021,30.06,-292248.27870967746,1.0,-0.3256324961088879,22.72,0.0,0.44813412,-0.030719168,-2.2102559,0.4344402372837067,0.2907842494547367,0.0
0.3367811268290005,0.28638576853601877,0.11671541453909401,47.519999999999996,-75497.47199999988,27.36,-377487.3599999999,1.0,0.19318216498304963,22.725,0.0,0.44813412,-0.030719168,-2.2102559,0.4344402372837067,0.2907842494547367,0.0
0.324871558149206,0.2864170958741928,0.13575746554135834,47.16,-45756.04363636357,24.48,-366048.34909090895,1.0,-0.08148442030091729,22.73,0.0,0.44813412,-0.030719168,-2.2102559,0.4344402372837067,0.2907842494547367,0.0
0.31196299200646227,0.2857207966918289,0.15156751248482436,46.8,-47185.919999999925,21.599999999999998,-377487.36000000034,1.0,-0.24933622241889708,22.735,0.0,0.44813412,-0.030719168,-2.2102559,0.4344402372837067,0.2907842494547367,0.0
0.30083970638510205,0.2898625741052837,0.16473696956853598,46.44,-50331.64799999992,18.72,-402653.18399999983,1.0,0.010071108127071682,22.740000000000002,0.0,0.4037177,0.28873748,-1.8276473,0.42111530900001526,0.3866212427616119,0.0
0.2873405755047501,0.2856461386907809,0.17285696592824837,45.9,-12.240319069596495,15.66,-69.36180806104689,1.0,-0.12726218451491178,22.745,0.0,0.4037177,0.28873748,-1.8276473,0.42111530900001526,0.3866212427616119,0.0
0.27422873531587433,0.2875972598640906,0.17861891458101437,45.36,-32356.059428571378,12.78,-172565.65028571434,1.0,-0.29511398663289157,22.75,0.0,0.4037177,0.28873748,-1.8276473,0.42111530900001526,0.3866212427616119,0.0
0.265099334080372,0.2804427815928578,0.19175550575677344,44.64,-86282.82514285701,10.08,-323560.5942857142,1.0,0.07110812707906433,22.755,0.0,0.4037177,0.28873748,-1.8276473,0.42111530900001526,0.3866212427616119,0.0
0.2618606395590051,0.2885501583163962,0.20825478435651695,44.1,-19032.97613445375,7.38,-95164.88067226892,1.0,-0.17303994872890627,22.76,0.0,1.0094404,0.3401049,-1.226111,0.6,0.402031472325325,0.0
0.26178743758983436,0.28645019873485156,0.22045382403424818,43.199999999999996,-121770.11612903302,4.5,-389664.3716129032,1.0,0.05584887234106617,22.765,0.0,1.0094404,0.3401049,-1.226111,0.6,0.402031472325325,0.0
0.2611561895481026,0.2921768208484706,0.22485100385687948,42.48,-86282.82514285701,1.98,-301989.888,1.0,-0.18829920346690443,22.77,0.0,1.0094404,0.3401049,-1.226111,0.6,0.402031472325325,0.0
0.2631121846982394,0.2885561671261686,0.22730499601997423,40.68,-235929.59999999963,1.7999999999999998,-23592.96000000002,1.0,0.23895992919704412,22.775000000000002,0.0,1.0094404,0.3401049,-1.226111,0.6,0.402031472325325,0.0
0.26496356688292183,0.29030582671335486,0.22917986564471213,38.879999999999995,-243540.23225806508,2.88,146124.13935483873,1.0,-0.2798547318948934,22.78,0.0,0.9108051,0.3820302,0.23391756,0.5732415318489075,0.4146090567111969,0.3701752692461014
0.2663977102925858,0.29433899617335907,0.2284164787266023,37.08,-243540.23225806412,3.5999999999999996,97416.09290322577,1.0,0.10162663655506066,22.785,0.0,0.9108051,0.3820302,0.23391756,0.5732415318489075,0.4146090567111969,0.3701752692461014
0.2714600373855272,0.29678207993030425,0.22741227076412343,35.28,-44.021079514643986,4.5,22.01053975732204,1.0,0.10162663655506066,22.79,0.0,0.9108051,0.3820302,0.23391756,0.5732415318489075,0.4146090567111969,0.3701752692461014
0.282422948859184,0.2963068515224895,0.22568274780037353,33.839999999999996,-116149.95692307732,4.859999999999999,29037.489230769184,1.0,-0.1577806939909081,22.795,0.0,0.9108051,0.3820302,0.23391756,0.5732415318489075,0.4146090567111969,0.3701752692461014
0.29301482585722294,0.29286828535416587,0.21865764179405414,32.58,-170478.1625806449,4.68,-24354.023225806413,1.0,0.0863673818170625,22.8,0.0,0.71808445,0.38233218,1.031126,0.5154253363609314,0.4146996527910232,0.6
0.3016079650276492,0.2853995044880523,0.20594424213805507,31.68,-39321.59999999994,4.14,-23592.960000000003,1.0,-0.005188146610926481,22.805,0.0,0.71808445,0.38233218,1.031126,0.5154253363609314,0.4146996527910232,0.6
0.3142532442960633,0.28566324704509266,0.1902178213660836,31.32,-48708.04645161283,2.6999999999999997,-194832.1858064516,1.0,-0.06622516556291913,22.81,0.0,0.71808445,0.38233218,1.031126,0.5154253363609314,0.4146996527910232,0.6
0.3256539514486629,0.2949588606350434,0.17318345059350188,31.14,-13481.691428571407,1.44,-94371.83999999998,1.0,0.07110812707906433,22.815,0.0,0.71808445,0.38233218,1.031126,0.5154253363609314,0.4146996527910232,0.6
0.33369563243455636,0.29173962489138905,0.15608810054762215,30.779999999999998,-48708.04645161331,1.6199999999999999,24354.023225806442,1.0,0.010071108127071682,22.82,0.0,-0.09361003,0.468719,1.0264431,0.27191698998212815,0.44061570167541503,0.6
0.3436511732156177,0.30913025314258386,0.13978783663403238,30.959999999999997,22205.138823529378,1.7999999999999998,22205.138823529403,1.0,0.11688589129305882,22.825,0.0,-0.09361003,0.468719,1.0264431,0.27191698998212815,0.44061570167541503,0.6
0.3515784166399906,0.31025759813467546,0.12454584834142868,31.14,4.063001340028166,1.6199999999999999,-4.063001340028091,1.0,-0.34089175084688605,22.830000000000002,0.0,-0.09361003,0.468719,1.0264431,0.27191698998212815,0.44061570167541503,0.6
0.3570279321522983,0.3185969748349991,0.1097750440658069,31.5,20971.519999999968,1.6199999999999999,0.0,1.0,-0.06622516556291913,22.835,0.0,-0.09361003,0.468719,1.0264431,0.27191698998212815,0.44061570167541503,0.6
0.3654123972733592,0.3271357423710846,0.09895987943965869,32.58,125829.1199999998,1.44,-20971.519999999993,1.0,-0.3256324961088879,22.84,0.0,-0.017928265,0.2930134,1.2635036,0.2946215204894543,0.38790401816368103,0.6
0.378265548096855,0.3344336290117404,0.09045470835183843,33.66,133230.83294117625,1.6199999999999999,22205.138823529403,1.0,-0.05096591082492097,22.845,0.0,-0.017928265,0.2930134,1.2635036,0.2946215204894543,0.38790401816368103,0.6
0.38859546895913544,0.3383794498389244,0.08854879057506522,34.92,176160.7680000007,1.6199999999999999,0.0,1.0,-0.24933622241889708,22.85,0.0,-0.017928265,0.2930134,1.2635036,0.2946215204894543,0.38790401816368103,0.6
0.3982652834194444,0.34375755823897847,0.0865879415901469,36.54,219186.20903225773,1.6199999999999999,0.0,1.0,-0.08148442030091729,22.855,0.0,-0.017928265,0.2930134,1.2635036,0.2946215204894543,0.38790401816368103,0.6
0.4084457915540145,0.3493661115695089,0.085748716000854,38.339999999999996,235929.59999999963,1.6199999999999999,0.0,1.0,-0.05096591082492097,22.86,0.0,0.11717169,0.9274504,2.1799815,0.335151506960392,0.578235125541687,0.6
0.41623360735755915,0.3518262887446516,0.0945235762765837,40.14,235929.60000000056,1.6199999999999999,0.0,1.0,0.07110812707906433,22.865000000000002,0.0,0.11717169,0.9274504,2.1799815,0.335151506960392,0.578235125541687,0.6
0.4224071904595556,0.3557157728057575,0.11429271328000826,42.3,83886.07999999987,1.6199999999999999,0.0,1.0,-0.2798547318948934,22.87,0.0,0.11717169,0.9274504,2.1799815,0.335151506960392,0.578235125541687,0.6
0.4282856421801162,0.3771349648645582,0.1313803050368304,44.28,48.315289901446405,1.6199999999999999,0.0,1.0,-0.11200292977691362,22.875,0.0,0.11717169,0.9274504,2.1799815,0.335151506960392,0.578235125541687,0.6
0.4319995030054215,0.37551592286983665,0.14819464296019458,46.26,145696.87578947344,1.7999999999999998,13245.170526315786,1.0,-0.18829920346690443,22.88,0.0,-0.19535103,1.4282614,2.6684997,0.2413946896791458,0.6,0.6
0.4325374330856576,0.3817166546122225,0.16686796628808043,48.239999999999995,78346.43320754704,2.16,14244.806037735862,1.0,0.1626636555070533,22.885,0.0,-0.19535103,1.4282614,2.6684997,0.2413946896791458,0.6,0.6
0.4309223603395407,0.3858050527056201,0.18352736901463274,49.86,188743.68000000052,2.6999999999999997,62914.559999999954,1.0,-0.2798547318948934,22.89,0.0,-0.19535103,1.4282614,2.6684997,0.2413946896791458,0.6,0.6
0.42997924840833135,0.3939958932286252,0.1973912475671775,51.12,176160.76799999972,3.5999999999999996,125829.11999999998,1.0,-0.020447401348924643,22.895,0.0,-0.19535103,1.4282614,2.6684997,0.2413946896791458,0.6,0.6
0.4270479438290808,0.386863837528659,0.21457964196125098,52.019999999999996,114390.10909090891,5.04,183024.1745454546,1.0,-0.29511398663289157,22.900000000000002,0.0,-1.0413032,2.110809,2.1943371,0.0,0.6,0.6
0.42453489264204797,0.39033946264370967,0.23059576791765907,52.559999999999995,73062.06967741923,7.02,267894.2554838709,1.0,-0.005188146610926481,22.905,0.0,-1.0413032,2.110809,2.1943371,0.0,0.6,0.6
0.4231826690149998,0.38920693238007437,0.2443541914148255,52.559999999999995,0.0,9.36,327155.712,1.0,-0.11200292977691362,22.91,0.0,-1.0413032,2.110809,2.1943371,0.0,0.6,0.6
0.42149069111316884,0.39626807212399284,0.25981290942136903,52.559999999999995,0.0,11.7,53.91758195032714,1.0,-0.020447401348924643,22.915,0.0,-1.0413032,2.110809,2.1943371,0.0,0.6,0.6
0.4201944310144098,0.3984312307406752,0.27514236534261227,52.199999999999996,-9617.512356687883,14.04,62513.83031847134,1.0,-0.23407696768089892,22.92,0.0,-1.4473596,1.778712,1.77723,0.0,0.6,0.6
0.4200899844743283,0.3949240065565504,0.2881020707968612,52.019999999999996,-18874.36799999997,15.66,169869.3120000001,1.0,0.11688589129305882,22.925,0.0,-1.4473596,1.778712,1.77723,0.0,0.6,0.6
0.41918853582643845,0.38971138247892384,0.3018015862640402,52.019999999999996,0.0,16.56,114390.10909090891,1.0,-0.06622516556291913,22.93,0.0,-1.4473596,1.778712,1.77723,0.0,0.6,0.6
0.4185418735889728,0.40087342723842323,0.31587845173375445,52.019999999999996,0.0,16.56,0.0,1.0,0.05584887234106617,22.935,0.0,-1.4473596,1.778712,1.77723,0.0,0.6,0.6
0.41858659694464695,0.4068417453959439,0.3273971302749125,52.019999999999996,0.0,15.84,-91512.08727272713,1.0,-0.17303994872890627,22.94,0.0,-1.3971722,0.3628729,1.9568421,0.0,0.4088618695735931,0.6
0.41798816128333743,0.41177782944793334,0.3386107549705446,52.019999999999996,0.0,14.58,-155435.97176470584,1.0,0.19318216498304963,22.945,0.0,-1.3971722,0.3628729,1.9568421,0.0,0.4088618695735931,0.6
0.41600815140276926,0.4105560299528319,0.3504304426102079,52.199999999999996,25165.82399999996,12.78,-251658.2400000001,1.0,-0.08148442030091729,22.95,0.0,-1.3971722,0.3628729,1.9568421,0.0,0.4088618695735931,0.6
0.41239708947709947,0.41936770885544655,0.35979209887351604,52.199999999999996,0.0,10.62,-312403.33241379313,1.0,0.10162663655506066,22.955000000000002,0.0,-1.3971722,0.3628729,1.9568421,0.0,0.4088618695735931,0.6
0.4094227969997206,0.4290338546897811,0.3675072111731337,52.019999999999996,-4.376766533716717,8.1,-61.27473147203413,1.0,-0.005188146610926481,22.96,0.0,-0.096725,-1.0998234,1.6074318,0.27098249942064284,0.0,0.6
0.4019202104558782,0.4314610856636548,0.3770856204726497,51.839999999999996,-12376.63475409834,5.3999999999999995,-185649.52131147543,1.0,0.05584887234106617,22.965,0.0,-0.096725,-1.0998234,1.6074318,0.27098249942064284,0.0,0.6
0.3862420910158764,0.429342452185681,0.38461952575682445,51.12,-15978.300952380927,2.6999999999999997,-59918.62857142856,1.0,-0.11200292977691362,22.97,0.0,-0.096725,-1.0998234,1.6074318,0.27098249942064284,0.0,0.6
0.37043063315773056,0.4259096215423237,0.39197716035950225,49.68,-167772.15999999974,1.44,-146800.63999999998,1.0,0.2084414197210478,22.975,0.0,-0.096725,-1.0998234,1.6074318,0.27098249942064284,0.0,0.6
0.35639873141311673,0.4314070345388491,0.4008952242535326,47.699999999999996,-138412.03200000027,2.34,62914.55999999999,1.0,-0.4477065340128732,22.98,0.0,1.6326942,-1.1245934,-0.44162026,0.6,0.0,0.1675139218568802
0.33942304992674965,0.4322935176531479,0.40931348880906315,45.36,-297414.28363636316,2.88,68634.06545454546,1.0,0.23895992919704412,22.985,0.0,1.6326942,-1.1245934,-0.44162026,0.6,0.0,0.1675139218568802
0.3179314003933253,0.4410195192591495,0.416234135779867,42.839999999999996,-320292.3054545458,2.6999999999999997,-22878.021818181838,1.0,-0.46296578875087135,22.990000000000002,0.0,1.6326942,-1.1245934,-0.44162026,0.6,0.0,0.1675139218568802
0.2950289321897748,0.44154105513446423,0.4231550266735628,40.5,-327155.7119999995,1.7999999999999998,-125829.11999999998,1.0,0.025330362865069844,22.995,0.0,1.6326942,-1.1245934,-0.44162026,0.6,0.0,0.1675139218568802
0.2701899624410873,0.4532621497310692,0.4290124572127252,37.62,-65.03497103477986,1.6199999999999999,-4.064685689673736,1.0,-0.09674367503891546,23.0,8.522882461547852,1.5720025,-0.64840496,-1.6405712,0.6,0.10547851324081421,0.0
0.24618468691658849,0.46273192739835517,0.43386910177982774,34.56,-191560.74985074595,1.7999999999999998,11268.27940298507,1.0,-0.2798547318948934,23.005,8.522882461547852,1.5720025,-0.64840496,-1.6405712,0.6,0.10547851324081421,0.0
0.2231714889168154,0.4585153560304086,0.4388529179440292,31.32,-399692.49882352963,1.6199999999999999,-22205.138823529403,1.0,0.14740440076905514,23.01,8.522882461547852,1.5720025,-0.64840496,-1.6405712,0.6,0.10547851324081421,0.0
0.20165072529117395,0.4538316317644999,0.44351022086507763,27.9,-448266.2400000002,1.6199999999999999,0.0,1.0,-0.06622516556291913,23.015,8.522882461547852,1.5720025,-0.64840496,-1.6405712,0.6,0.10547851324081421,0.0
0.1813270225677673,0.4495951402955529,0.4471771334693507,24.48,-135325.65735849048,1.6199999999999999,0.0,1.0,-0.05096591082492097,23.02,20.0,1.3557955,-0.43084297,-0.47210237,0.6,0.170747110247612,0.1583692878484726
0.1641240361324135,0.4461003087941953,0.4511061786445233,20.88,-487080.4645161292,1.6199999999999999,0.0,1.0,0.04058961760306801,23.025000000000002,20.0,1.3557955,-0.43084297,-0.47210237,0.6,0.170747110247612,0.1583692878484726
0.15537511848426844,0.44500867628998664,0.4549191793098809,17.28,-444102.776470588,1.6199999999999999,0.0,1.0,-0.1577806939909081,23.03,20.0,1.3557955,-0.43084297,-0.47210237,0.6,0.170747110247612,0.1583692878484726
0.1535039528592574,0.4486719916620835,0.45758440867611894,13.86,-478150.65600000025,1.6199999999999999,0.0,1.0,-0.11200292977691362,23.035,20.0,1.3557955,-0.43084297,-0.47210237,0.6,0.170747110247612,0.1583692878484726
0.1528941103745115,0.4475006995663583,0.46063019770621927,10.62,-242670.44571428574,1.6199999999999999,0.0,1.0,-0.2035584582049026,23.04,8.522882461547852,1.0406646,-1.0311403,-1.6614059,0.6,0.0,0.0
0.15618058183485606,0.44948131739386354,0.46392403023495143,7.38,-75.05879504230828,1.44,-4.1699330579060145,1.0,-0.06622516556291913,23.045,8.522882461547852,1.0406646,-1.0311403,-1.6614059,0.6,0.0,0.0
0.16024121372451092,0.4463589657605713,0.46638983733941086,4.68,-202225.37142857144,4.68,242670.44571428568,1.0,3.6722922452467426,23.05,8.522882461547852,1.0406646,-1.0311403,-1.6614059,0.6,0.0,0.0
0.1636493418607767,0.4265666064183004,0.46672187354659667,3.42,-155435.97176470584,7.739999999999999,377487.3599999999,1.0,-0.9207434308908162,23.055,8.522882461547852,1.0406646,-1.0311403,-1.6614059,0.6,0.0,0.0
0.16883312920060584,0.41424219882797675,0.466726633855853,3.42,0.0,7.56,-26033.611034482718,1.0,3.992736594744704,23.06,0.0,1.1285945,-1.399277,-2.0183465,0.6,0.0,0.0
0.18427997219108863,0.392968646685111,0.4671448436477846,4.859999999999999,201326.59199999992,4.5,-427819.008,1.0,-0.9665211951048107,23.065,0.0,1.1285945,-1.399277,-2.0183465,0.6,0.0,0.0
0.20273308408427054,0.37364885926040875,0.463309116942689,7.38,330301.44000000006,1.44,-401080.32,1.0,1.276589251380976,23.07,0.0,1.1285945,-1.399277,-2.0183465,0.6,0.0,0.0
0.21613902662694526,0.33868456545248593,0.4595716238132,9.0,205902.19636363638,1.7999999999999998,45756.04363636362,1.0,-2.126224555192726,23.075,0.0,1.1285945,-1.399277,-2.0183465,0.6,0.0,0.0
0.23318480454127952,0.3060698070147917,0.4570299292239806,11.7,377487.3599999999,1.6199999999999999,-25165.82399999999,1.0,0.39155247657702574,23.080000000000002,0.0,1.1475656,-1.5110812,-1.958861,0.6,0.0,0.0
0.2525520420672847,0.2810557615435417,0.45165527649675025,14.219999999999999,110100.47999999998,1.6199999999999999,0.0,1.0,-0.9360026856288144,23.085,0.0,1.1475656,-1.5110812,-1.958861,0.6,0.0,0.0
0.2672728643141157,0.2490065670565272,0.43662536592821305,17.099999999999998,69.24229607804921,1.6199999999999999,0.0,1.0,1.1697744682149889,23.09,0.0,1.1475656,-1.5110812,-1.958861,0.6,0.0,0.0
0.2820856917847716,0.23456553979390443,0.42018407164882926,20.34,69334.41306122454,1.6199999999999999,0.0,1.0,-0.5850398266548567,23.095,0.0,1.1475656,-1.5110812,-1.958861,0.6,0.0,0.0
0.2987925870971581,0.21963534461386888,0.40507701749309494,23.759999999999998,318767.1039999998,1.6199999999999999,0.0,1.0,0.31525620288703493,23.1,0.0,1.2401184,-1.892279,-0.6922895,0.6,0.0,0.09231315851211548
0.3118285164744138,0.2054082048726789,0.3882606211501071,27.18,409843.41942857165,1.6199999999999999,0.0,1.0,-0.09674367503891546,23.105,0.0,1.2401184,-1.892279,-0.6922895,0.6,0.0,0.09231315851211548
0.32349447684398214,0.1944095115410398,0.3711679780032337,30.959999999999997,511434.4877419352,1.6199999999999999,0.0,1.0,-0.5087435529648658,23.11,0.0,1.2401184,-1.892279,-0.6922895,0.6,0.0,0.09231315851211548
0.33762019587532377,0.19339562754357073,0.3563172349389056,34.74,452984.8320000006,1.6199999999999999,0.0,1.0,0.4068117313150239,23.115000000000002,0.0,1.2401184,-1.892279,-0.6922895,0.6,0.0,0.09231315851211548
0.3495651790012853,0.20300366775028197,0.34069060748386154,38.519999999999996,480438.45818181743,1.6199999999999999,0.0,1.0,-0.7681508835108346,23.12,0.0,0.7118106,-1.4268533,-1.2035984,0.5135431766510009,0.0,0.0
0.3597621944818165,0.1925468076653686,0.3226347794389579,42.48,535788.5109677421,1.6199999999999999,0.0,1.0,0.4068117313150239,23.125,0.0,0.7118106,-1.4268533,-1.2035984,0.5135431766510009,0.0,0.0
0.37121971513475693,0.17710782317288393,0.30170061812853777,46.62,95.26494889589907,1.6199999999999999,0.0,1.0,-0.38666951506088054,23.13,0.0,0.7118106,-1.4268533,-1.2035984,0.5135431766510009,0.0,0.0
0.38181207014902174,0.16057490235068847,0.2788824804627847,50.58,233935.8287323944,1.7999999999999998,10633.446760563376,1.0,0.5288857692190092,23.135,0.0,0.7118106,-1.4268533,-1.2035984,0.5135431766510009,0.0,0.0
0.3903008886290575,0.15355601482516446,0.25640350328737715,54.72,510718.19294117653,1.7999999999999998,0.0,1.0,-0.5545213171788603,23.14,0.0,0.872447,-1.6335485,-0.0887521,0.5617341041564942,0.0,0.2733743704855442
0.40044633703618243,0.1354964984605684,0.2334256682933593,58.68,519045.1200000001,1.7999999999999998,0.0,1.0,0.17792291024505147,23.145,0.0,0.872447,-1.6335485,-0.0887521,0.5617341041564942,0.0,0.2733743704855442
0.40888992446527544,0.11667741974024998,0.2120667435346285,62.64,553648.1280000001,1.7999999999999998,0.0,1.0,-0.24933622241889708,23.150000000000002,0.0,0.872447,-1.6335485,-0.0887521,0.5617341041564942,0.0,0.2733743704855442
0.41606046040341205,0.0997935309234035,0.1917894977101461,66.42,134359.9077966102,1.98,6398.090847457633,1.0,0.11688589129305882,23.155,0.0,0.872447,-1.6335485,-0.0887521,0.5617341041564942,0.0,0.2733743704855442
0.42338993838571537,0.10338126410261031,0.1730940455408597,70.2,406524.8492307694,2.16,19358.32615384617,1.0,-0.2035584582049026,23.16,0.0,0.15607703,-1.1009376,-0.82237273,0.34682310819625856,0.0,0.05328817963600158
0.4311124399522209,0.08686016096082198,0.15522736379007088,73.8,457560.43636363564,2.52,45756.04363636362,1.0,-0.1577806939909081,23.165,0.0,0.15607703,-1.1009376,-0.82237273,0.34682310819625856,0.0,0.05328817963600158
0.43760009321256965,0.08461605844471821,0.13943623856187085,77.03999999999999,411804.39272727206,3.2399999999999998,91512.08727272724,1.0,-0.06622516556291913,23.17,0.0,0.15607703,-1.1009376,-0.82237273,0.34682310819625856,0.0,0.05328817963600158
0.44465599979367665,0.08024617227435922,0.12523118952381093,80.1,74.1599750384247,4.32,26.174108837091065,1.0,-0.14252143925290994,23.175,0.0,0.15607703,-1.1009376,-0.82237273,0.34682310819625856,0.0,0.05328817963600158
0.4508739000925447,0.07572806510450773,0.11493232830574826,82.8,166538.54117647075,5.76,88820.55529411761,1.0,-0.08148442030091729,23.18,0.0,-0.48486337,-0.6579089,0.49588743,0.15454098880290984,0.1026273250579834,0.448766228556633
0.45619530661786084,0.0670244628716207,0.10786261563052797,84.96,74873.52595041311,7.739999999999999,68634.06545454545,1.0,-0.18829920346690443,23.185,0.0,-0.48486337,-0.6579089,0.49588743,0.15454098880290984,0.1026273250579834,0.448766228556633
0.46078248551404916,0.05005745277508474,0.10406981212425828,86.75999999999999,215707.0628571425,10.26,301989.88800000004,1.0,-0.21881771294290076,23.19,0.0,-0.48486337,-0.6579089,0.49588743,0.15454098880290984,0.1026273250579834,0.448766228556633
0.46494148006925595,0.045021995573287066,0.10182810219727736,87.84,146124.13935484042,13.86,487080.464516129,1.0,0.05584887234106617,23.195,0.0,-0.48486337,-0.6579089,0.49588743,0.15454098880290984,0.1026273250579834,0.448766228556633
0.46826718086938784,0.02725813556589329,0.09858739990753002,88.38,70778.87999999896,18.0,542638.0800000001,1.0,-0.21881771294290076,23.2,0.0,-0.23217699,-0.72337687,-0.38259503,0.2303469032049179,0.08298693895339966,0.1852214902639389
0.4709540939946741,0.016034129858164096,0.09408480029808576,88.38,0.0,23.04,621743.8870588234,1.0,0.10162663655506066,23.205000000000002,0.0,-0.23217699,-0.72337687,-0.38259503,0.2303469032049179,0.08298693895339966,0.1852214902639389
0.4740261396266316,0.009611100200508265,0.08934700510775848,88.02,-47185.919999999925,28.259999999999998,684195.8399999999,1.0,-0.3256324961088879,23.21,0.0,-0.23217699,-0.72337687,-0.38259503,0.2303469032049179,0.08298693895339966,0.1852214902639389
0.47604023654071,0.011871160913427048,0.08981595368757937,87.47999999999999,-12.081657456205999,33.3,112.76213625792133,1.0,-0.005188146610926481,23.215,0.0,-0.23217699,-0.72337687,-0.38259503,0.2303469032049179,0.08298693895339966,0.1852214902639389
0.47827730667261054,0.011130686615655574,0.09073044973074842,86.75999999999999,-33931.448089887585,38.16,229037.27460674156,1.0,-0.18829920346690443,23.22,0.0,-0.21461585,-0.7615619,-0.8075893,0.2356152445077896,0.07153143882751464,0.05772321224212646
0.4810213965635011,0.010351551952569515,0.090716536500439,86.22,-14900.816842105043,42.3,114239.5957894737,1.0,0.2847376934110386,23.225,0.0,-0.21461585,-0.7615619,-0.8075893,0.2356152445077896,0.07153143882751464,0.05772321224212646
0.4828525325777573,-0.004816959931394543,0.09254656285833535,85.67999999999999,-64712.11885714361,45.36,366702.00685714313,1.0,-0.06622516556291913,23.23,0.0,-0.21461585,-0.7615619,-0.8075893,0.2356152445077896,0.07153143882751464,0.05772321224212646
0.4841975273083776,6.237586070569408e-05,0.09311039528293694,85.67999999999999,0.0,46.8,105961.36421052615,1.0,0.2542191839350423,23.235,0.0,-0.21461585,-0.7615619,-0.8075893,0.2356152445077896,0.07153143882751464,0.05772321224212646
0.48380164260688846,0.0028117074249880895,0.0939811313912514,85.67999999999999,0.0,46.98,20971.519999999968,1.0,-0.23407696768089892,23.240000000000002,0.0,-0.6518229,-0.49480572,0.34571543,0.1044531226158142,0.15155828297138213,0.4037146300077438
0.4848050398014577,0.015750815452779652,0.09739389842292961,86.03999999999999,47185.919999999925,46.08,-117964.79999999981,1.0,0.1626636555070533,23.245,0.0,-0.6518229,-0.49480572,0.34571543,0.1044531226158142,0.15155828297138213,0.4037146300077438
0.4837245645287964,0.01707958959259611,0.11178611592316526,86.22,22878.021818182686,44.46,-205902.19636363603,1.0,-0.2035584582049026,23.25,0.0,-0.6518229,-0.49480572,0.34571543,0.1044531226158142,0.15155828297138213,0.4037146300077438
0.480520876563762,0.003593316070238964,0.1259440005506055,86.39999999999999,23592.95999999903,42.48,-259522.56000000052,1.0,0.07110812707906433,23.255,0.0,-0.6518229,-0.49480572,0.34571543,0.1044531226158142,0.15155828297138213,0.4037146300077438
0.4795058276864157,-0.01397341175880194,0.1367181268326962,86.39999999999999,0.0,40.32,-52.74748270802758,1.0,-0.26459547715689524,23.26,0.0,-0.47139874,-0.61209667,-0.5521085,0.15858037769794464,0.11637099981307983,0.13436744213104249
0.4785467030999421,-0.00745574203476398,0.15448285070464943,86.22,-4631.746748466067,37.98,-60212.70773006144,1.0,-0.11200292977691362,23.265,0.0,-0.47139874,-0.61209667,-0.5521085,0.15858037769794464,0.11637099981307983,0.13436744213104249
0.47507700555719956,0.014928149290872869,0.17411729418689487,86.22,0.0,35.28,-164124.93913043453,1.0,-0.34089175084688605,23.27,0.0,-0.47139874,-0.61209667,-0.5521085,0.15858037769794464,0.11637099981307983,0.13436744213104249
0.46752247994576435,-0.0004960948412272232,0.18797895347643953,85.86,-39735.511578947306,32.4,-317884.0926315792,1.0,0.0863673818170625,23.275000000000002,0.0,-0.47139874,-0.61209667,-0.5521085,0.15858037769794464,0.11637099981307983,0.13436744213104249
0.4589112495249817,0.0010590899040099598,0.19584040034401887,85.32,-70778.88000000082,29.34,-401080.31999999983,1.0,-0.2035584582049026,23.28,0.0,0.03289613,-0.6037351,-1.2325997,0.3098688393831253,0.1188794732093811,0.0
0.4458657859214044,0.021705367424830528,0.19951479087306767,84.78,-62914.55999999907,26.459999999999997,-335544.3200000003,1.0,-0.035706656086922806,23.285,0.0,0.03289613,-0.6037351,-1.2325997,0.3098688393831253,0.1188794732093811,0.0
0.428748386640849,0.029098683037538382,0.2013739520878338,83.88,-117964.80000000075,23.759999999999998,-353894.3999999999,1.0,-0.31037324137088973,23.29,0.0,0.03289613,-0.6037351,-1.2325997,0.3098688393831253,0.1188794732093811,0.0
0.41247236139696924,0.03603210772398377,0.2014041857172692,82.98,-67408.45714285651,21.06,-202225.37142857138,1.0,-0.035706656086922806,23.295,0.0,0.03289613,-0.6037351,-1.2325997,0.3098688393831253,0.1188794732093811,0.0
0.39671182956914086,0.043128752599667565,0.20083270688106458,81.89999999999999,-24.906108633857237,18.54,-58.11425347899954,1.0,0.05584887234106617,23.3,0.0,-0.07505745,-0.6360029,-1.1789428,0.27748276591300963,0.10919913053512573,0.0
0.3800246342873883,0.046140831596286,0.20113439662036528,80.82,-69689.97415384604,16.2,-150994.944,1.0,0.17792291024505147,23.305,0.0,-0.07505745,-0.6360029,-1.1789428,0.27748276591300963,0.10919913053512573,0.0
0.36619487553098834,0.06028215271182332,0.20341438318657182,79.38,-154866.60923076898,13.86,-251658.24,1.0,-0.24933622241889708,23.31,0.0,-0.07505745,-0.6360029,-1.1789428,0.27748276591300963,0.10919913053512573,0.0
0.35338130244506655,0.06806077114968967,0.20931050247632965,77.94,-167772.15999999974,11.7,-251658.24000000002,1.0,0.22370067445904596,23.315,0.0,-0.07505745,-0.6360029,-1.1789428,0.27748276591300963,0.10919913053512573,0.0
0.33874240069507616,0.0590760881296963,0.2150416830891961,76.5,-194832.1858064513,9.719999999999999,-267894.25548387103,1.0,-0.26459547715689524,23.32,0.0,0.3767513,-0.7187351,-1.2760854,0.41302539110183717,0.08437947034835815,0.0
0.32464051169191355,0.06993990811420252,0.2216757338108149,74.88,-205902.19636363693,7.739999999999999,-251658.23999999993,1.0,-0.08148442030091729,23.325,0.0,0.3767513,-0.7187351,-1.2760854,0.41302539110183717,0.08437947034835815,0.0
0.3116377441287304,0.07996825533585501,0.2285488180049069,73.08,-67408.45714285703,5.9399999999999995,-67408.45714285714,1.0,-0.12726218451491178,23.330000000000002,0.0,0.3767513,-0.7187351,-1.2760854,0.41302539110183717,0.08437947034835815,0.0
0.2984102015028022,0.0812182274709661,0.2336053362838523,71.28,-235929.59999999963,4.14,-235929.59999999998,1.0,-0.08148442030091729,23.335,0.0,0.3767513,-0.7187351,-1.2760854,0.41302539110183717,0.08437947034835815,0.0
0.2869914175488926,0.09376038247878819,0.2356595738680419,69.3,-286369.72137931094,2.52,-234302.49931034478,1.0,-0.12726218451491178,23.34,0.0,0.2346819,-0.89264977,-0.9998679,0.37040457129478455,0.032205069065093996,3.9625167846679685e-05
0.2792230294936404,0.1033880585755321,0.2363390445920296,66.96,-55.733194927910766,1.6199999999999999,-21.435844203042574,1.0,-0.005188146610926481,23.345,0.0,0.2346819,-0.89264977,-0.9998679,0.37040457129478455,0.032205069065093996,3.9625167846679685e-05
0.2754391089928991,0.11049561167167422,0.2369022628488748,64.44,-203262.42461538428,2.16,43556.23384615387,1.0,-0.035706656086922806,23.35,0.0,0.2346819,-0.89264977,-0.9998679,0.37040457129478455,0.032205069065093996,3.9625167846679685e-05
0.27367108977897997,0.11087911645154386,0.23642238909734412,61.559999999999995,-127153.63705263169,3.06,39735.511578947364,1.0,-0.11200292977691362,23.355,0.0,0.2346819,-0.89264977,-0.9998679,0.37040457129478455,0.032205069065093996,3.9625167846679685e-05
0.27281476416145,0.11895776875872864,0.23518880871253459,58.5,-366702.00685714226,3.96,107853.53142857141,1.0,-0.2798547318948934,23.36,0.0,0.80539453,-0.86025035,-0.07953309,0.5416183590888977,0.041924893856048584,0.27614007219672204
0.2729775181606197,0.11404941271625575,0.23422573424878473,55.44,-427819.0080000003,4.859999999999999,125829.11999999992,1.0,0.04058961760306801,23.365000000000002,0.0,0.80539453,-0.86025035,-0.07953309,0.5416183590888977,0.041924893856048584,0.27614007219672204
0.2735139812094832,0.11727122969150564,0.23083254433446396,52.379999999999995,-427819.0080000003,5.9399999999999995,150994.94400000002,1.0,-0.020447401348924643,23.37,0.0,0.80539453,-0.86025035,-0.07953309,0.5416183590888977,0.041924893856048584,0.27614007219672204
0.2739839006816826,0.11749063876997405,0.22130818136883623,49.14,-438372.41806451546,7.02,146124.13935483873,1.0,-0.11200292977691362,23.375,0.0,0.80539453,-0.86025035,-0.07953309,0.5416183590888977,0.041924893856048584,0.27614007219672204
0.27569896163450214,0.11418453523247074,0.20731713689370815,45.9,-438372.4180645164,8.1,146124.13935483873,1.0,0.07110812707906433,23.38,0.0,0.18853003,-1.0674165,-0.905658,0.35655900835990906,0.0,0.028302597999572753
0.27716220831711913,0.1085999370679073,0.19069078874226422,42.66,-75.09653991744082,9.18,25.03217997248026,1.0,-0.020447401348924643,23.385,0.0,0.18853003,-1.0674165,-0.905658,0.35655900835990906,0.0,0.028302597999572753
0.27909951884384043,0.10706731577474297,0.17392329555559238,39.6,-180768.59492957717,9.9,42533.787042253556,1.0,-0.09674367503891546,23.39,0.0,0.18853003,-1.0674165,-0.905658,0.35655900835990906,0.0,0.028302597999572753
0.28273061244428077,0.10712199106892081,0.15606790961619418,36.54,-118838.61333333341,10.44,20971.519999999968,1.0,-0.08148442030091729,23.395,0.0,0.18853003,-1.0674165,-0.905658,0.35655900835990906,0.0,0.028302597999572753
0.2865715645053448,0.10260954911885461,0.14017885607524697,33.839999999999996,-333077.0823529415,10.799999999999999,44410.277647058756,1.0,-0.21881771294290076,23.400000000000002,0.0,0.74470294,-0.93235946,-0.34577325,0.5234108805656433,0.020292162895202637,0.19626802504062651
0.2893342377931775,0.10300114522549388,0.12496523440727353,31.32,-340956.3251612898,10.44,-48708.04645161283,1.0,-0.020447401348924643,23.405,0.0,0.74470294,-0.93235946,-0.34577325,0.5234108805656433,0.020292162895202637,0.19626802504062651
0.2934305312051431,0.09839436495510004,0.11202326719550776,29.16,-292248.27870967746,9.719999999999999,-97416.09290322589,1.0,-0.41718802453687687,23.41,0.0,0.74470294,-0.93235946,-0.34577325,0.5234108805656433,0.020292162895202637,0.19626802504062651
0.29737643973098554,0.10855353093118367,0.09860520364358369,27.36,-222051.3882352942,8.28,-177641.11058823523,1.0,0.19318216498304963,23.415,0.0,0.74470294,-0.93235946,-0.34577325,0.5234108805656433,0.020292162895202637,0.19626802504062651
0.3002921498902797,0.1157136354524847,0.08694512095957846,26.099999999999998,-160146.1527272729,6.12,-274536.2618181817,1.0,-0.2035584582049026,23.42,0.0,0.56324714,-1.2681406,-1.0224373,0.46897414326667786,0.0,0.0
0.3030171046701652,0.13001965665925258,0.07662863606329959,25.38,-100663.29599999984,3.2399999999999998,-402653.18400000007,1.0,-0.035706656086922806,23.425,0.0,0.56324714,-1.2681406,-1.0224373,0.46897414326667786,0.0,0.0
0.30830124561811534,0.1357740018603681,0.06698772467441584,24.48,-21.522986749378486,1.26,-47.35057084863274,1.0,-0.21881771294290076,23.43,0.0,0.56324714,-1.2681406,-1.0224373,0.46897414326667786,0.0,0.0
0.31694800927268335,0.12308645087978488,0.06770150297309313,23.4,-85468.83622641524,2.16,71224.03018867926,1.0,-0.08148442030091729,23.435,0.0,0.56324714,-1.2681406,-1.0224373,0.46897414326667786,0.0,0.0
0.32479540066408735,0.11924291640545662,0.06037775806741214,22.86,-24618.74086956518,2.6999999999999997,24618.740869565197,1.0,0.26947843867304044,23.44,0.0,0.8933568,-1.4762605,-1.2478179,0.5680070400238036,0.0,0.0
0.3345592812719606,0.12386386639577911,0.06754346420759597,22.86,0.0,2.16,-40445.074285714254,1.0,-0.18829920346690443,23.445,0.0,0.8933568,-1.4762605,-1.2478179,0.5680070400238036,0.0,0.0
0.3489552316786292,0.12718602123155567,0.07061876192438127,23.22,32126.583829787185,1.44,-64253.16765957449,1.0,-0.21881771294290076,23.45,0.0,0.8933568,-1.4762605,-1.2478179,0.5680070400238036,0.0,0.0
0.35901747668268363,0.12075485871989979,0.07602076201062735,23.759999999999998,68634.06545454534,1.6199999999999999,22878.02181818181,1.0,-0.005188146610926481,23.455000000000002,0.0,0.8933568,-1.4762605,-1.2478179,0.5680070400238036,0.0,0.0
0.3646830101799044,0.11536495424761209,0.06971346922588657,24.84,141557.76000000024,1.6199999999999999,0.0,1.0,-0.29511398663289157,23.46,0.0,1.055827,-1.5548412,-1.0290703,0.6,0.0,0.0
0.36760064792958297,0.1082075152297722,0.07266927626343972,25.919999999999998,150994.94399999976,1.6199999999999999,0.0,1.0,-0.05096591082492097,23.465,0.0,1.055827,-1.5548412,-1.0290703,0.6,0.0,0.0
0.3691460667784402,0.10580186249501877,0.0849530621200337,27.54,205902.1963636365,1.6199999999999999,0.0,1.0,0.14740440076905514,23.47,0.0,1.055827,-1.5548412,-1.0290703,0.6,0.0,0.0
0.37190893930996316,0.08990342264957821,0.08161555212411246,29.52,45.95683576175799,1.6199999999999999,0.0,1.0,-0.005188146610926481,23.475,0.0,1.055827,-1.5548412,-1.0290703,0.6,0.0,0.0
0.38084374876195815,0.09901690182336287,0.09459542139458078,31.68,177641.11058823531,1.6199999999999999,0.0,1.0,-0.020447401348924643,23.48,0.0,1.3684129,-1.8911699,0.036161542,0.6,0.0,0.3108484625816345
0.3885132188860653,0.09563117102725367,0.10224682264101277,34.199999999999996,330301.4399999995,1.6199999999999999,0.0,1.0,-0.020447401348924643,23.485,0.0,1.3684129,-1.8911699,0.036161542,0.6,0.0,0.3108484625816345
0.3942196690025516,0.09592865468746685,0.10375557592133616,36.72,352321.53600000043,1.6199999999999999,0.0,1.0,-0.24933622241889708,23.490000000000002,0.0,1.3684129,-1.8911699,0.036161542,0.6,0.0,0.3108484625816345
0.4013695122858383,0.09246471041831364,0.10738105330225693,39.6,416537.7765517245,1.6199999999999999,0.0,1.0,-0.05096591082492097,23.495,0.0,1.3684129,-1.8911699,0.036161542,0.6,0.0,0.3108484625816345
0.40706891966026126,0.07737704072007927,0.10569272999769656,42.66,414018.39483870903,1.6199999999999999,0.0,1.0,-0.23407696768089892,23.5,0.0,1.118798,-1.4133102,-0.24471852,0.6,0.0,0.22658444344997405
0.41097997873689807,0.07257009098006713,0.10856724037804645,45.72,149239.18883720943,1.6199999999999999,0.0,1.0,-0.08148442030091729,23.505,0.0,1.118798,-1.4133102,-0.24471852,0.6,0.0,0.22658444344997405
0.41737655188154077,0.072341394284455,0.10377907807491915,48.96,271790.89920000016,1.6199999999999999,0.0,1.0,-0.08148442030091729,23.51,0.0,1.118798,-1.4133102,-0.24471852,0.6,0.0,0.22658444344997405
0.4238851197854378,0.0538361753860484,0.10717780944214741,52.379999999999995,77.28728275862056,1.6199999999999999,0.0,1.0,0.05584887234106617,23.515,0.0,1.118798,-1.4133102,-0.24471852,0.6,0.0,0.22658444344997405
0.4290446754273621,0.03142595119223276,0.10855371112896428,55.62,146124.1393548388,1.6199999999999999,0.0,1.0,-0.1577806939909081,23.52,0.0,1.1750618,-1.3434744,-0.21039608,0.6,0.0,0.23688117563724517
0.43554719336255404,0.0349029044902587,0.10582636049817779,59.04,333593.48093023273,1.6199999999999999,0.0,1.0,-0.035706656086922806,23.525000000000002,0.0,1.1750618,-1.3434744,-0.21039608,0.6,0.0,0.23688117563724517
0.44247315855253705,0.027653077051486685,0.09599479969711952,62.46,434682.4145454548,1.6199999999999999,0.0,1.0,-0.08148442030091729,23.53,0.0,1.1750618,-1.3434744,-0.21039608,0.6,0.0,0.23688117563724517
0.4474583885685282,0.03138394779181173,0.08948968409294028,65.88,478150.65599999926,1.7999999999999998,25165.82399999999,1.0,-0.005188146610926481,23.535,0.0,1.1750618,-1.3434744,-0.21039608,0.6,0.0,0.23688117563724517
0.45296994747983205,0.018018461868163343,0.07784963045356125,69.3,434682.4145454548,1.7999999999999998,0.0,1.0,-0.31037324137088973,23.54,0.0,1.3354093,-1.6599214,0.51584643,0.6,0.0,0.45475392937660214
0.45972078355431145,0.008917717169125634,0.06485806723729697,72.72,462726.4412903228,1.98,24354.02322580647,1.0,-0.005188146610926481,23.545,0.0,1.3354093,-1.6599214,0.51584643,0.6,0.0,0.45475392937660214
0.4645969739657414,-0.005103394465331177,0.05972493097350232,75.78,414018.39483870997,2.16,24354.02322580647,1.0,-0.18829920346690443,23.55,0.0,1.3354093,-1.6599214,0.51584643,0.6,0.0,0.45475392937660214
0.4704466524135386,0.0037982289090607337,0.06068537127694434,78.84,427819.0080000003,2.52,50331.64799999998,1.0,-0.09674367503891546,23.555,0.0,1.3354093,-1.6599214,0.51584643,0.6,0.0,0.45475392937660214
0.47561535279883815,0.0024551809915142747,0.06278530830644774,81.53999999999999,65.81059164685959,3.2399999999999998,17.549491105829294,1.0,-0.1577806939909081,23.56,0.0,0.98424864,-1.1231948,-0.006514214,0.5952745914459229,0.0,0.29804573580622673
0.4805351774100177,0.014954716258506999,0.07505684558031911,84.06,185432.3873684218,4.32,79471.02315789477,1.0,0.11688589129305882,23.565,0.0,0.98424864,-1.1231948,-0.006514214,0.5952745914459229,0.0,0.29804573580622673
0.4848569378323315,-0.0038765772395696466,0.08616284299264079,86.22,283115.51999999955,5.76,188743.67999999993,1.0,-0.11200292977691362,23.57,0.0,0.98424864,-1.1231948,-0.006514214,0.5952745914459229,0.0,0.29804573580622673
0.4886736368730686,-0.016970279700504753,0.10079881803338492,87.84,226492.41600000064,7.92,301989.88800000004,1.0,0.025330362865069844,23.575,0.0,0.98424864,-1.1231948,-0.006514214,0.5952745914459229,0.0,0.29804573580622673
0.4924143494490437,-0.018270170624235374,0.11576389247662282,88.92,150994.94399999976,10.62,377487.3599999999,1.0,-0.06622516556291913,23.580000000000002,0.0,0.09369117,-0.67917526,1.0465566,0.328107351064682,0.09624742269515991,0.6
0.4952753314840673,-0.0028906790964007,0.13053000403145937,89.46,66615.41647058725,14.219999999999999,444102.7764705882,1.0,0.0863673818170625,23.585,0.0,0.09369117,-0.67917526,1.0465566,0.328107351064682,0.09624742269515991,0.6
0.49713512278210314,-0.0008425853786949423,0.14001245518030153,89.46,0.0,18.36,526194.501818182,1.0,-0.23407696768089892,23.59,0.0,0.09369117,-0.67917526,1.0465566,0.328107351064682,0.09624742269515991,0.6
0.4974990462891662,-0.005815919309634161,0.14919174592807066,89.28,-25165.823999998967,22.86,629145.6,1.0,0.14740440076905514,23.595,0.0,0.09369117,-0.67917526,1.0465566,0.328107351064682,0.09624742269515991,0.6
0.4971623105554086,-0.007138634340733394,0.16075682573066893,88.74,-12.172299754933714,27.36,101.43583129111312,1.0,-0.2798547318948934,23.6,0.0,0.38333228,-0.7635182,0.109987445,0.4149996846914291,0.07094453573226929,0.3329962335526943
0.4976918567376457,-0.01368848831906081,0.16872290865529954,88.02,-16684.524198895,31.68,100107.14519337018,1.0,0.14740440076905514,23.605,0.0,0.38333228,-0.7635182,0.109987445,0.4149996846914291,0.07094453573226929,0.3329962335526943
0.4982971782427565,-0.020472520634305918,0.17496996863015574,87.3,-86282.82514285701,35.1,409843.41942857165,1.0,-0.29511398663289157,23.61,0.0,0.38333228,-0.7635182,0.109987445,0.4149996846914291,0.07094453573226929,0.3329962335526943
0.4990263879688949,-0.023144016545589,0.19065001184768138,86.94,-26963.382857142813,37.44,175261.9885714283,1.0,0.10162663655506066,23.615000000000002,0.0,0.38333228,-0.7635182,0.109987445,0.4149996846914291,0.07094453573226929,0.3329962335526943
0.49994176172829513,-0.017383721673734823,0.20833534883344162,86.75999999999999,-22205.138823530255,37.98,66615.41647058813,1.0,-0.05096591082492097,23.62,0.0,-0.08823328,-0.7297236,-0.0210661,0.27353001683950423,0.08108292818069458,0.29368017017841336
0.5002078301126537,-0.016949553616415623,0.22275467652903336,86.94,23592.960000000894,37.08,-117964.79999999981,1.0,0.0863673818170625,23.625,0.0,-0.08823328,-0.7297236,-0.0210661,0.27353001683950423,0.08108292818069458,0.29368017017841336
0.5001846947011548,-0.015744936534544094,0.23699920836072538,87.3,43141.412571428504,35.28,-215707.0628571425,1.0,-0.31037324137088973,23.63,0.0,-0.08823328,-0.7297236,-0.0210661,0.27353001683950423,0.08108292818069458,0.29368017017841336
0.500277137173914,-0.019641965191397714,0.2474944618704656,87.47999999999999,23592.95999999903,33.12,-283115.5200000005,1.0,-0.005188146610926481,23.635,0.0,-0.08823328,-0.7297236,-0.0210661,0.27353001683950423,0.08108292818069458,0.29368017017841336
0.5009808468854688,-0.011761382393128185,0.2531972623508519,87.66,25165.824000000954,30.419999999999998,-377487.3599999999,1.0,-0.21881771294290076,23.64,0.0,0.29133672,-0.9225608,-0.89531463,0.3874010145664215,0.023231756687164307,0.03140560984611511
0.500797638558598,-0.01914080429129586,0.2619481412706835,87.66,0.0,27.72,-65.6991071583967,1.0,-0.05096591082492097,23.645,0.0,0.29133672,-0.9225608,-0.89531463,0.3874010145664215,0.023231756687164307,0.03140560984611511
0.5004043160988907,-0.023168712033001845,0.27076237683903875,87.3,-27962.02666666662,24.84,-223696.21333333326,1.0,-0.005188146610926481,23.650000000000002,0.0,0.29133672,-0.9225608,-0.89531463,0.3874010145664215,0.023231756687164307,0.03140560984611511
0.4991144739293141,-0.02094774791226201,0.277236117749716,87.11999999999999,-22878.021818182686,21.779999999999998,-388926.3709090912,1.0,-0.005188146610926481,23.655,0.0,0.29133672,-0.9225608,-0.89531463,0.3874010145664215,0.023231756687164307,0.03140560984611511
0.4986441334365864,-0.02683929459290155,0.2860047937545814,86.75999999999999,-16063.291914893593,18.54,-144569.62723404248,1.0,-0.14252143925290994,23.66,0.0,0.61500406,-0.91570675,-1.1447734,0.48450121879577634,0.02528797388076782,0.0
0.4987162235457553,-0.017477462463680198,0.2984227326960651,86.22,-75497.47199999889,15.12,-478150.656,1.0,0.17792291024505147,23.665,0.0,0.61500406,-0.91570675,-1.1447734,0.48450121879577634,0.02528797388076782,0.0
0.49840184983637525,-0.0035817064445667485,0.3108281621659891,85.86,-45756.04363636357,11.52,-457560.43636363634,1.0,-0.23407696768089892,23.67,0.0,0.61500406,-0.91570675,-1.1447734,0.48450121879577634,0.02528797388076782,0.0
0.49846601846033745,-0.001178272257471378,0.3212530200064027,85.32,-73062.06967742021,7.92,-487080.464516129,1.0,-0.06622516556291913,23.675,0.0,0.61500406,-0.91570675,-1.1447734,0.48450121879577634,0.02528797388076782,0.0
0.497396647511771,0.009918373839387429,0.32909311390241974,84.78,-40445.07428571369,4.14,-283115.52,1.0,-0.3714102603228824,23.68,0.0,0.3049493,-0.86648905,-1.115352,0.3914847940206528,0.04005328416824341,0.0
0.4966148024975052,0.02250248466522461,0.3337838249733859,84.06,-16.278725257665247,1.08,-69.1845823450774,1.0,0.1626636555070533,23.685,0.0,0.3049493,-0.86648905,-1.115352,0.3914847940206528,0.04005328416824341,0.0
0.49684297885285433,0.027786112962229024,0.33564860511072886,81.36,-231114.71020408187,2.52,123261.1787755102,1.0,-0.11200292977691362,23.69,0.0,0.3049493,-0.86648905,-1.115352,0.3914847940206528,0.04005328416824341,0.0
0.49716385091303217,0.03037216480092055,0.3358782014589286,79.2,-274536.2618181814,4.32,228780.21818181823,1.0,-0.035706656086922806,23.695,0.0,0.3049493,-0.86648905,-1.115352,0.3914847940206528,0.04005328416824341,0.0
0.49546578183734014,0.03751865962686593,0.336424934899567,77.22,-267894.2554838715,5.04,97416.09290322577,1.0,0.025330362865069844,23.7,0.0,0.6999905,-0.5778061,-0.86944824,0.5099971532821655,0.1266581654548645,0.03916552662849426
0.48965556163847257,0.04891263126062717,0.33608778758374075,75.42,-260336.11034482718,5.3999999999999995,52067.222068965435,1.0,0.14740440076905514,23.705000000000002,0.0,0.6999905,-0.5778061,-0.86944824,0.5099971532821655,0.1266581654548645,0.03916552662849426
0.48294251133759086,0.03832085105799693,0.3344372390508383,73.8,-205902.19636363693,5.04,-45756.04363636357,1.0,-0.12726218451491178,23.71,0.0,0.6999905,-0.5778061,-0.86944824,0.5099971532821655,0.1266581654548645,0.03916552662849426
0.47218482662651823,0.045193624172927035,0.33397051246752446,72.17999999999999,-199846.24941176525,4.32,-88820.55529411761,1.0,-0.005188146610926481,23.715,0.0,0.6999905,-0.5778061,-0.86944824,0.5099971532821655,0.1266581654548645,0.03916552662849426
0.46092402884325256,0.04178945886955297,0.3328284389070401,70.92,-56221.521702127255,3.2399999999999998,-48189.875744680874,1.0,-0.17303994872890627,23.72,0.0,0.10069023,-0.019452497,-0.6178715,0.33020706921815873,0.29416425079107283,0.11463854312896728
0.45217181739808543,0.0313688494285959,0.3305873164878621,69.66,-170478.16258064585,1.98,-170478.16258064512,1.0,-0.005188146610926481,23.725,0.0,0.10069023,-0.019452497,-0.6178715,0.33020706921815873,0.29416425079107283,0.11463854312896728
0.4479644742067917,0.02826556773758769,0.32762754371394304,67.86,-43.73318504101203,1.6199999999999999,-8.746637008202422,1.0,-0.26459547715689524,23.73,0.0,0.10069023,-0.019452497,-0.6178715,0.33020706921815873,0.29416425079107283,0.11463854312896728
0.446330601229314,0.03518765208607423,0.3248951035285898,66.6,-68634.06545454574,1.98,19609.73298701299,1.0,-0.24933622241889708,23.735,0.0,0.10069023,-0.019452497,-0.6178715,0.33020706921815873,0.29416425079107283,0.11463854312896728
0.44568309439194587,0.04726467906868449,0.3169832095971452,65.16,-105961.36421052615,1.7999999999999998,-13245.170526315802,1.0,-0.09674367503891546,23.740000000000002,0.0,0.41071054,-0.07624173,-0.5746759,0.4232131630182266,0.27712748050689695,0.1275972247123718
0.4446812665890242,0.047985906008723614,0.30293397381692694,63.9,-150994.94399999976,1.6199999999999999,-21570.706285714277,1.0,-0.09674367503891546,23.745,0.0,0.41071054,-0.07624173,-0.5746759,0.4232131630182266,0.27712748050689695,0.1275972247123718
0.4436833212100847,0.04619257571764584,0.2833614223371008,62.64,-170478.1625806449,1.6199999999999999,0.0,1.0,-0.21881771294290076,23.75,0.0,0.41071054,-0.07624173,-0.5746759,0.4232131630182266,0.27712748050689695,0.1275972247123718
0.44250507230667374,0.03430702684046888,0.2620752421186033,61.739999999999995,-117964.80000000075,1.6199999999999999,0.0,1.0,0.1626636555070533,23.755,0.0,0.41071054,-0.07624173,-0.5746759,0.4232131630182266,0.27712748050689695,0.1275972247123718
0.4402979759891364,0.05070665718237635,0.23982409889675058,60.66,-141557.75999999978,1.6199999999999999,0.0,1.0,-0.24933622241889708,23.76,0.0,0.283337,-0.48837087,-1.5489284,0.38500109910964964,0.15348874032497406,0.0
0.4354332205176272,0.05101050420073831,0.2180495038943507,59.76,-117964.79999999981,1.6199999999999999,0.0,1.0,-0.020447401348924643,23.765,0.0,0.283337,-0.48837087,-1.5489284,0.38500109910964964,0.15348874032497406,0.0
0.4313533562095593,0.0422824755473361,0.1970423436319701,59.22,-12.557309042119659,1.6199999999999999,0.0,1.0,-0.34089175084688605,23.77,0.0,0.283337,-0.48837087,-1.5489284,0.38500109910964964,0.15348874032497406,0.0
0.4291551398717985,0.05502554978278473,0.176552922312312,58.68,-43556.23384615378,1.6199999999999999,0.0,1.0,0.025330362865069844,23.775000000000002,0.0,0.283337,-0.48837087,-1.5489284,0.38500109910964964,0.15348874032497406,0.0
0.42838651053484145,0.056495791659753644,0.15897435845201244,58.32,-47185.919999999925,1.6199999999999999,0.0,1.0,-0.24933622241889708,23.78,0.0,0.16068792,-0.7214862,-1.5814226,0.3482063770294189,0.08355413675308228,0.0
0.42874537797166595,0.06540406526268931,0.14434343857472298,57.96,-48708.04645161283,1.6199999999999999,0.0,1.0,-0.05096591082492097,23.785,0.0,0.16068792,-0.7214862,-1.5814226,0.3482063770294189,0.08355413675308228,0.0
0.4283221618518806,0.06380630292263757,0.13417982170355422,57.96,0.0,1.6199999999999999,0.0,1.0,-0.21881771294290076,23.79,0.0,0.16068792,-0.7214862,-1.5814226,0.3482063770294189,0.08355413675308228,0.0
0.426861459516656,0.07575517551480555,0.12814061187735576,57.96,0.0,1.6199999999999999,0.0,1.0,0.0863673818170625,23.795,0.0,0.16068792,-0.7214862,-1.5814226,0.3482063770294189,0.08355413675308228,0.0
0.4243915950339393,0.10326312747626967,0.12458745490028797,57.96,0.0,1.6199999999999999,0.0,1.0,-0.05096591082492097,23.8,0.0,0.03177985,-0.877303,-1.4322717,0.30953395552933216,0.036809098720550534,0.0
0.42245311089037063,0.11358737884300776,0.12208698376352661,58.14,25165.82399999996,1.6199999999999999,0.0,1.0,-0.005188146610926481,23.805,0.0,0.03177985,-0.877303,-1.4322717,0.30953395552933216,0.036809098720550534,0.0
0.4197532741084885,0.13564968508708955,0.12085329345299879,58.5,48708.04645161283,1.7999999999999998,24354.023225806442,1.0,-0.26459547715689524,23.81,0.0,0.03177985,-0.877303,-1.4322717,0.30953395552933216,0.036809098720550534,0.0
0.41709051970005206,0.1479063633295701,0.12037601409080857,58.86,8.671939535604945,1.7999999999999998,0.0,1.0,-0.005188146610926481,23.815,0.0,0.03177985,-0.877303,-1.4322717,0.30953395552933216,0.036809098720550534,0.0
0.4147451575303129,0.16167488626317186,0.1205322717370922,59.04,4718.591999999992,1.7999999999999998,0.0,1.0,-0.020447401348924643,23.82,0.0,-0.17960691,-0.5261934,-1.2549083,0.24611792564392088,0.1421419858932495,0.0
0.41178152289047315,0.16363441483561106,0.12092899296517871,59.4,23967.451428571392,1.7999999999999998,0.0,1.0,0.05584887234106617,23.825,0.0,-0.17960691,-0.5261934,-1.2549083,0.24611792564392088,0.1421419858932495,0.0
0.40917617332543205,0.18153513146423675,0.12080749632930163,59.76,47185.919999999925,1.7999999999999998,0.0,1.0,-0.29511398663289157,23.830000000000002,0.0,-0.17960691,-0.5261934,-1.2549083,0.24611792564392088,0.1421419858932495,0.0
0.4069682437109921,0.18195421398956624,0.12062906488646817,60.12,50331.64799999992,1.7999999999999998,0.0,1.0,-0.05096591082492097,23.835,0.0,-0.17960691,-0.5261934,-1.2549083,0.24611792564392088,0.1421419858932495,0.0
0.40450774257718086,0.184979273629179,0.11837960594648483,60.48,44410.277647058756,1.7999999999999998,0.0,1.0,-0.24933622241889708,23.84,0.0,0.010695513,0.1025526,-0.3352879,0.30320865400135516,0.3307657800614834,0.19941363036632537
0.40202236499081784,0.182653161262405,0.11223137527625782,60.66,22878.021818181784,1.7999999999999998,0.0,1.0,0.11688589129305882,23.845,0.0,0.010695513,0.1025526,-0.3352879,0.30320865400135516,0.3307657800614834,0.19941363036632537
0.3999018644399678,0.189087516413052,0.10372045365311486,61.019999999999996,47185.919999999925,1.7999999999999998,0.0,1.0,-0.08148442030091729,23.85,0.0,0.010695513,0.1025526,-0.3352879,0.30320865400135516,0.3307657800614834,0.19941363036632537
0.3974559436382257,0.19340211029998078,0.09470254928232155,61.199999999999996,4.074733217473899,1.98,4.074733217473908,1.0,0.23895992919704412,23.855,0.0,0.010695513,0.1025526,-0.3352879,0.30320865400135516,0.3307657800614834,0.19941363036632537
0.392925191400734,0.1861294286429122,0.08487331188722815,61.199999999999996,0.0,1.98,0.0,1.0,-0.08148442030091729,23.86,0.0,0.34703428,0.5941906,0.6908787,0.40411028265953064,0.4782571792602539,0.5072636067867279
0.3885691930322055,0.18798488290311122,0.07520049950335382,61.199999999999996,0.0,2.34,43141.412571428555,1.0,-0.005188146610926481,23.865000000000002,0.0,0.34703428,0.5941906,0.6908787,0.40411028265953064,0.4782571792602539,0.5072636067867279
0.385269998467283,0.18535788442925338,0.06002280958279717,61.199999999999996,0.0,2.52,6508.402758620696,1.0,-0.2798547318948934,23.87,0.0,0.34703428,0.5941906,0.6908787,0.40411028265953064,0.4782571792602539,0.5072636067867279
0.37938320003565157,0.18270305013112673,0.04657631124211855,61.199999999999996,0.0,2.88,48708.046451612885,1.0,0.025330362865069844,23.875,0.0,0.34703428,0.5941906,0.6908787,0.40411028265953064,0.4782571792602539,0.5072636067867279
0.3726584007034474,0.18055559722784809,0.04184348088665198,61.019999999999996,-24354.023225806413,3.2399999999999998,48708.046451612885,1.0,-0.035706656086922806,23.88,0.0,-0.11698243,0.88890135,1.5370038,0.26490527093410493,0.5666704058647155,0.6
0.36816420358229873,0.18384975135196782,0.037087779285908125,60.66,-43141.412571428504,3.78,64712.118857142865,1.0,0.05584887234106617,23.885,0.0,-0.11698243,0.88890135,1.5370038,0.26490527093410493,0.5666704058647155,0.6
0.36050912198387713,0.17419219264374847,0.035068277939923946,60.48,-23592.959999999963,4.32,70778.88000000006,1.0,-0.21881771294290076,23.89,0.0,-0.11698243,0.88890135,1.5370038,0.26490527093410493,0.5666704058647155,0.6
0.3519635287546307,0.17912527078412613,0.0295531729523885,59.94,-75497.47199999988,5.04,100663.29599999996,1.0,-0.18829920346690443,23.895,0.0,-0.11698243,0.88890135,1.5370038,0.26490527093410493,0.5666704058647155,0.6
0.3446584506558015,0.1855367308141928,0.025532884790128024,59.4,-12.242370072483725,5.76,16.323160096644987,1.0,-0.2035584582049026,23.900000000000002,0.0,-0.16282016,0.49840662,1.1457447,0.251153951883316,0.44952198565006257,0.6
0.3381001776802453,0.1910426425451221,0.029050012065471188,58.86,-17975.588571428543,6.4799999999999995,23967.45142857142,1.0,-0.05096591082492097,23.905,0.0,-0.16282016,0.49840662,1.1457447,0.251153951883316,0.44952198565006257,0.6
0.33119842492399293,0.18899882424311967,0.018446227433433104,58.14,-83886.07999999987,7.38,104857.60000000003,1.0,-0.06622516556291913,23.91,0.0,-0.16282016,0.49840662,1.1457447,0.251153951883316,0.44952198565006257,0.6
0.32636780705901336,0.1837895918191194,0.010309599512786692,57.239999999999995,-125829.1200000008,8.28,125829.11999999992,1.0,-0.06622516556291913,23.915,0.0,-0.16282016,0.49840662,1.1457447,0.251153951883316,0.44952198565006257,0.6
0.3223856466728782,0.19239960400625314,0.018462782785915097,56.339999999999996,-125829.1199999998,9.18,125829.12000000005,1.0,-0.2035584582049026,23.92,0.0,-0.10235971,-0.2995291,0.91399384,0.26929208636283875,0.2101412683725357,0.5741981506347656
0.318835082934362,0.18728665682769252,0.018129080931849843,55.44,-117964.79999999981,10.26,141557.76,1.0,0.025330362865069844,23.925,0.0,-0.10235971,-0.2995291,0.91399384,0.26929208636283875,0.2101412683725357,0.5741981506347656
0.3162292863329164,0.19753689419062972,0.04337615622208055,54.36,-82360.87854545441,11.34,82360.87854545456,1.0,-0.2798547318948934,23.93,0.0,-0.10235971,-0.2995291,0.91399384,0.26929208636283875,0.2101412683725357,0.5741981506347656
0.31484566319992924,0.20689548964931267,0.06898777013881079,53.28,-146124.13935483847,12.42,146124.13935483873,1.0,-0.08148442030091729,23.935000000000002,0.0,-0.10235971,-0.2995291,0.91399384,0.26929208636283875,0.2101412683725357,0.5741981506347656
0.3160075386860897,0.21628784972135387,0.0828494346217564,52.199999999999996,-156201.66620689732,13.5,156201.66620689657,1.0,-0.29511398663289157,23.94,0.0,-0.022772938,-0.87877345,-0.3392442,0.29316811859607694,0.03636796474456787,0.1982267439365387
0.3168073188785928,0.23643148233954153,0.09498384820844226,51.12,-26.33295927265113,14.399999999999999,21.944132727209276,1.0,0.025330362865069844,23.945,0.0,-0.022772938,-0.87877345,-0.3392442,0.29316811859607694,0.03636796474456787,0.1982267439365387
0.31758629134173505,0.25268126885161135,0.11535810715124165,49.86,-78877.9558208954,15.299999999999999,56341.397014925395,1.0,-0.11200292977691362,23.95,0.0,-0.022772938,-0.87877345,-0.3392442,0.29316811859607694,0.03636796474456787,0.1982267439365387
0.3183432202812874,0.26507717903710154,0.1324898387066908,48.78,-122428.33297297278,16.2,102023.61081081085,1.0,-0.005188146610926481,23.955000000000002,0.0,-0.022772938,-0.87877345,-0.3392442,0.29316811859607694,0.03636796474456787,0.1982267439365387
0.3199791681725847,0.28723679487513765,0.14598738664873995,47.699999999999996,-141557.7600000007,16.74,70778.87999999989,1.0,-0.09674367503891546,23.96,0.0,0.06702369,-1.1090114,0.19158371,0.3201071061193943,0.0,0.35747511237859725
0.3212432052583165,0.30566259534518575,0.1632019520606263,46.8,-37008.564705882294,17.28,22205.138823529524,1.0,0.17792291024505147,23.965,0.0,0.06702369,-1.1090114,0.19158371,0.3201071061193943,0.0,0.35747511237859725
0.32196146768837064,0.3208037505281804,0.18096252432534476,45.9,-102023.61081081066,17.28,0.0,1.0,-0.2798547318948934,23.97,0.0,0.06702369,-1.1090114,0.19158371,0.3201071061193943,0.0,0.35747511237859725
0.32165250859160766,0.33434921442855325,0.1949533750853724,45.0,-121770.11612903206,17.099999999999998,-24354.023225806894,1.0,-0.14252143925290994,23.975,0.0,0.06702369,-1.1090114,0.19158371,0.3201071061193943,0.0,0.35747511237859725
0.3213281434803165,0.3377802562048382,0.2100912264835814,44.28,-97416.09290322565,16.56,-73062.06967741923,1.0,-0.1577806939909081,23.98,0.0,0.34881124,-1.13966,-0.41354427,0.40464337170124054,0.0,0.1759367197751999
0.3189369310960253,0.34144064871238444,0.22638463042840493,43.739999999999995,-12.2528342593145,15.66,-20.421390432190567,1.0,0.05584887234106617,23.985,0.0,0.34881124,-1.13966,-0.41354427,0.40464337170124054,0.0,0.1759367197751999
0.3148838814407252,0.3585633062215781,0.2396934990977759,43.199999999999996,-37748.73599999994,14.399999999999999,-88080.38400000011,1.0,-0.2798547318948934,23.990000000000002,0.0,0.34881124,-1.13966,-0.41354427,0.40464337170124054,0.0,0.1759367197751999
0.31129665178500976,0.35009941445407805,0.25353951224360927,42.839999999999996,-45756.04363636357,12.78,-205902.19636363626,1.0,-0.005188146610926481,23.995,0.0,0.34881124,-1.13966,-0.41354427,0.40464337170124054,0.0,0.1759367197751999
0.3076876497132444,0.35280128413029793,0.26790481266035376,42.48,-50331.64799999992,10.799999999999999,-276824.0640000001,1.0,-0.08148442030091729,24.0,0.0,0.87744606,-1.0142813,-0.14376289,0.5632338166236878,0.0,0.25687113404273987
0.30336997075739874,0.35396842660082656,0.27939104417642524,42.48,0.0,8.459999999999999,-327155.712,1.0,-0.17303994872890627,24.005,0.0,0.87744606,-1.0142813,-0.14376289,0.5632338166236878,0.0,0.25687113404273987
0.29952880947124005,0.345448199886964,0.2850051318668443,42.3,-22878.021818181784,5.9399999999999995,-320292.3054545454,1.0,-0.08148442030091729,24.01,0.0,0.87744606,-1.0142813,-0.14376289,0.5632338166236878,0.0,0.25687113404273987
0.2967847868621481,0.34234506982122004,0.28691753710794726,42.12,-25165.82399999996,3.2399999999999998,-377487.36,1.0,-0.020447401348924643,24.015,0.0,0.87744606,-1.0142813,-0.14376289,0.5632338166236878,0.0,0.25687113404273987
0.2938924727360006,0.33467925273638777,0.28790663015733303,41.76,-48708.04645161283,1.44,-243540.2322580645,1.0,-0.31037324137088973,24.02,0.0,0.68143475,-1.1731458,-0.086175226,0.5044304251670837,0.0,0.2741474322974682
0.2923215969122423,0.33717753317637444,0.28787983038194603,40.68,-146124.13935483847,1.98,73062.06967741936,1.0,-0.08148442030091729,24.025000000000002,0.0,0.68143475,-1.1731458,-0.086175226,0.5044304251670837,0.0,0.2741474322974682
0.2918075934726763,0.3342531853117695,0.28748825386428184,39.42,-30.885349509967167,2.88,22.060963935690864,1.0,-0.11200292977691362,24.03,0.0,0.68143475,-1.1731458,-0.086175226,0.5044304251670837,0.0,0.2741474322974682
0.2928071238029672,0.320131557739667,0.2873704935608963,38.339999999999996,-82360.87854545495,3.42,41180.43927272728,1.0,-0.14252143925290994,24.035,0.0,0.68143475,-1.1731458,-0.086175226,0.5044304251670837,0.0,0.2741474322974682
0.29387122025321655,0.3113851299880229,0.2879318656627846,37.62,-97416.09290322565,3.42,0.0,1.0,-0.23407696768089892,24.04,0.0,0.45310462,-1.4485594,-0.58767635,0.43593138456344604,0.0,0.12369709610939025
0.29491895460482176,0.29668256542432836,0.29011305043087315,37.08,-75497.47199999988,2.88,-75497.47200000001,1.0,0.07110812707906433,24.045,0.0,0.45310462,-1.4485594,-0.58767635,0.43593138456344604,0.0,0.12369709610939025
0.297039209069041,0.2695267476081792,0.29213541639957485,36.72,-48708.04645161283,2.16,-97416.09290322577,1.0,-0.4019287697988787,24.05,0.0,0.45310462,-1.4485594,-0.58767635,0.43593138456344604,0.0,0.12369709610939025
0.2987796888347316,0.24796399020592672,0.2921061101318389,36.18,-75497.47199999988,1.44,-100663.29600000003,1.0,0.23895992919704412,24.055,0.0,0.45310462,-1.4485594,-0.58767635,0.43593138456344604,0.0,0.12369709610939025
0.2997073644575181,0.23859469755390036,0.291456745379599,35.82,-47185.919999999925,1.7999999999999998,47185.919999999984,1.0,-0.23407696768089892,24.060000000000002,0.0,-0.04080295,-1.0993237,-1.2193758,0.2877591155469417,0.0,0.0
0.3017079568648146,0.20783871095017953,0.2913657089818912,35.82,0.0,1.6199999999999999,-24354.023225806442,1.0,0.025330362865069844,24.065,0.0,-0.04080295,-1.0993237,-1.2193758,0.2877591155469417,0.0,0.0
0.303543888866628,0.18197645176903918,0.29120588124194846,35.46,-8.183830377661176,1.6199999999999999,0.0,1.0,-0.21881771294290076,24.07,0.0,-0.04080295,-1.0993237,-1.2193758,0.2877591155469417,0.0,0.0
0.3043731534595151,0.15872333837678487,0.2902870020114942,35.46,0.0,1.6199999999999999,0.0,1.0,-0.035706656086922806,24.075,0.0,-0.04080295,-1.0993237,-1.2193758,0.2877591155469417,0.0,0.0
0.30607247357277717,0.14881769747939555,0.29016948702208867,35.64,7190.235428571417,1.6199999999999999,0.0,1.0,-0.26459547715689524,24.080000000000002,0.0,0.59940565,-0.86061835,-1.1559851,0.47982169389724727,0.0418144941329956,0.0
0.3145667533684281,0.1369624164617774,0.2897102193485506,35.82,12796.181694915234,1.6199999999999999,0.0,1.0,-0.020447401348924643,24.085,0.0,0.59940565,-0.86061835,-1.1559851,0.47982169389724727,0.0418144941329956,0.0
0.32758758153976486,0.10723764695867502,0.28913706556576924,36.18,48708.04645161283,1.6199999999999999,0.0,1.0,-0.23407696768089892,24.09,0.0,0.59940565,-0.86061835,-1.1559851,0.47982169389724727,0.0418144941329956,0.0
0.33890479051375666,0.09049567930805875,0.2891866790439658,36.72,68634.06545454534,1.6199999999999999,0.0,1.0,-0.05096591082492097,24.095,0.0,0.59940565,-0.86061835,-1.1559851,0.47982169389724727,0.0418144941329956,0.0
0.35154729178605276,0.08401276134025479,0.2890919786027051,37.44,91512.08727272713,1.6199999999999999,0.0,1.0,-0.12726218451491178,24.1,0.0,1.4558097,-0.5194181,-0.76728606,0.6,0.1441745638847351,0.06981418132781982
0.3653622854068574,0.07909967058648104,0.28776477685656177,38.339999999999996,117964.79999999981,1.6199999999999999,0.0,1.0,0.025330362865069844,24.105,0.0,1.4558097,-0.5194181,-0.76728606,0.6,0.1441745638847351,0.06981418132781982
0.37510892271918517,0.06831000161648172,0.2871571303860586,39.6,176160.7680000007,1.6199999999999999,0.0,1.0,-0.09674367503891546,24.11,0.0,1.4558097,-0.5194181,-0.76728606,0.6,0.1441745638847351,0.06981418132781982
0.3837270201523176,0.04915825638062484,0.28724457583761576,40.86,30.94684132551775,1.6199999999999999,0.0,1.0,0.025330362865069844,24.115000000000002,0.0,1.4558097,-0.5194181,-0.76728606,0.6,0.1441745638847351,0.06981418132781982
0.3903270315319454,0.033116996531072904,0.2860892403117786,42.3,68634.06545454534,1.6199999999999999,0.0,1.0,-0.23407696768089892,24.12,0.0,1.0757889,-0.19244552,-0.51759,0.6,0.24226634502410888,0.14472300410270691
0.39343542829264083,0.03979112772952292,0.2852863323988141,43.92,47850.51042253534,1.6199999999999999,0.0,1.0,-0.035706656086922806,24.125,0.0,1.0757889,-0.19244552,-0.51759,0.6,0.24226634502410888,0.14472300410270691
0.3932257808277527,0.029782679453327028,0.28509923996839387,45.54,178809.80210526288,1.6199999999999999,0.0,1.0,-0.26459547715689524,24.13,0.0,1.0757889,-0.19244552,-0.51759,0.6,0.24226634502410888,0.14472300410270691
0.39212218934948406,0.01703523551591772,0.2837277557327871,47.339999999999996,260336.11034482718,1.6199999999999999,0.0,1.0,0.04058961760306801,24.135,0.0,1.0757889,-0.19244552,-0.51759,0.6,0.24226634502410888,0.14472300410270691
0.3900519110378126,0.012697704977996072,0.2770519681890043,49.32,244256.52705882402,1.6199999999999999,0.0,1.0,-0.38666951506088054,24.14,0.0,0.3515204,0.5210241,-0.4511172,0.40545611679553983,0.45630723237991333,0.16466484367847442
0.3873359725141344,0.02360253661033283,0.2645136308900839,51.12,98048.66493506478,1.6199999999999999,0.0,1.0,-0.035706656086922806,24.145,0.0,0.3515204,0.5210241,-0.4511172,0.40545611679553983,0.45630723237991333,0.16466484367847442
0.3852313010570466,0.023830942347811544,0.24695033869386054,53.1,267894.2554838715,1.6199999999999999,0.0,1.0,-0.29511398663289157,24.150000000000002,0.0,0.3515204,0.5210241,-0.4511172,0.40545611679553983,0.45630723237991333,0.16466484367847442
0.3828402615559811,0.028934616868386318,0.22790732311367326,54.9,40.51662954754015,1.7999999999999998,4.051662954754019,1.0,-0.005188146610926481,24.155,0.0,0.3515204,0.5210241,-0.4511172,0.40545611679553983,0.45630723237991333,0.16466484367847442
0.38086299149740743,0.022723767828490223,0.20811417768030185,56.699999999999996,84828.62022471896,1.7999999999999998,0.0,1.0,-0.17303994872890627,24.16,0.0,0.14302321,0.3105861,-0.26322988,0.3429069623351097,0.39317582845687865,0.22103103697299956
0.38283150083798184,0.012171330292994031,0.18869119424381817,58.5,179755.88571428615,1.98,17975.588571428587,1.0,-0.1577806939909081,24.165,0.0,0.14302321,0.3105861,-0.26322988,0.3429069623351097,0.39317582845687865,0.22103103697299956
0.38513494018040745,0.008856492395985986,0.16974806359116543,60.3,228780.21818181782,1.98,0.0,1.0,-0.12726218451491178,24.17,0.0,0.14302321,0.3105861,-0.26322988,0.3429069623351097,0.39317582845687865,0.22103103697299956
0.3886559916596738,0.018209091792854903,0.15222831996734404,61.919999999999995,212336.63999999966,2.16,23592.96000000002,1.0,-0.035706656086922806,24.175,0.0,0.14302321,0.3105861,-0.26322988,0.3429069623351097,0.39317582845687865,0.22103103697299956
0.39702659063908685,0.029277031249134826,0.13716452367152504,63.54,194136.35657142912,2.34,21570.706285714252,1.0,-0.24933622241889708,24.18,0.0,0.65767777,0.14528257,-0.5145314,0.4973033308982849,0.3435847699642181,0.14564058780670167
0.40895725572291175,0.01571961606102104,0.126123738565922,65.16,194136.35657142827,2.52,21570.706285714306,1.0,0.05584887234106617,24.185000000000002,0.0,0.65767777,0.14528257,-0.5145314,0.4973033308982849,0.3435847699642181,0.14564058780670167
0.41867336254939475,0.02066768999515709,0.11907668426597554,66.6,188743.6799999997,2.88,47185.919999999984,1.0,-0.24933622241889708,24.19,0.0,0.65767777,0.14528257,-0.5145314,0.4973033308982849,0.3435847699642181,0.14564058780670167
0.429442524415469,0.06926693643846331,0.11502955804229972,68.03999999999999,201326.59199999968,3.06,25165.824000000022,1.0,0.025330362865069844,24.195,0.0,0.65767777,0.14528257,-0.5145314,0.4973033308982849,0.3435847699642181,0.14564058780670167
0.4404570612263733,0.07460451742181964,0.11323841927147432,69.48,35.174408945315065,3.42,8.79360223632869,1.0,-0.05096591082492097,24.2,0.0,0.47898346,-0.085070625,-0.96584904,0.4436950385570526,0.27447881251573564,0.010245287418365478
0.447603950958832,0.09225635368333417,0.11287401522958006,70.74,88080.38399999937,3.96,37748.736000000004,1.0,-0.08148442030091729,24.205000000000002,0.0,0.47898346,-0.085070625,-0.96584904,0.4436950385570526,0.27447881251573564,0.010245287418365478
0.45155992066634326,0.11615685247672433,0.11231110047139668,71.82,31240.33324137926,4.5,15620.166620689657,1.0,-0.14252143925290994,24.21,0.0,0.47898346,-0.085070625,-0.96584904,0.4436950385570526,0.27447881251573564,0.010245287418365478
0.45398581697746915,0.1319350730121326,0.1127676648650342,72.72,104857.60000000066,5.3999999999999995,104857.59999999993,1.0,-0.26459547715689524,24.215,0.0,0.47898346,-0.085070625,-0.96584904,0.4436950385570526,0.27447881251573564,0.010245287418365478
0.45503461265575823,0.1436682269253384,0.1136743705554305,73.25999999999999,70778.87999999896,6.66,165150.7200000001,1.0,-0.12726218451491178,24.22,0.0,-0.40527552,0.24754456,0.14269862,0.17841734290122985,0.3742633670568466,0.34280958473682405
0.4542901185976972,0.14945153057066032,0.11413123334034164,73.44,21570.706285715103,8.459999999999999,215707.06285714274,1.0,0.2084414197210478,24.225,0.0,-0.40527552,0.24754456,0.14269862,0.17841734290122985,0.3742633670568466,0.34280958473682405
0.45402767903404095,0.17381325340041168,0.11536593208622574,73.44,0.0,10.44,251658.24000000005,1.0,-0.1577806939909081,24.23,0.0,-0.40527552,0.24754456,0.14269862,0.17841734290122985,0.3742633670568466,0.34280958473682405
0.4540820200044505,0.18770842873346372,0.12169732036281286,73.25999999999999,-24354.023225807374,12.959999999999999,340956.32516129024,1.0,0.11688589129305882,24.235,0.0,-0.40527552,0.24754456,0.14269862,0.17841734290122985,0.3742633670568466,0.34280958473682405
0.4530654506184847,0.1981849796094809,0.12863452805630338,72.53999999999999,-16.265660962722354,15.84,65.06264385088954,1.0,-0.23407696768089892,24.240000000000002,0.0,-0.46059212,0.5146409,0.19404909,0.1618223637342453,0.45439227819442746,0.3582147270441055
0.45322657980283143,0.22155120306072695,0.13379436824545818,71.64,-54708.31304347774,18.9,186008.264347826,1.0,0.010071108127071682,24.245,0.0,-0.46059212,0.5146409,0.19404909,0.1618223637342453,0.45439227819442746,0.3582147270441055
0.4541606688818759,0.2397890675270923,0.13948261360722292,70.56,-129424.23771428551,21.96,366702.00685714313,1.0,-0.31037324137088973,24.25,0.0,-0.46059212,0.5146409,0.19404909,0.1618223637342453,0.45439227819442746,0.3582147270441055
0.454675369730863,0.2444075330864471,0.14458609893100016,69.3,-47611.01837837857,24.84,108825.18486486483,1.0,-0.020447401348924643,24.255,0.0,-0.46059212,0.5146409,0.19404909,0.1618223637342453,0.45439227819442746,0.3582147270441055
0.4561314775086088,0.2646230182476787,0.1475265054015116,68.03999999999999,-176160.7680000007,27.54,377487.3599999999,1.0,-0.020447401348924643,24.26,0.0,0.29762536,0.4035465,1.2128407,0.3892876088619232,0.42106395363807675,0.6
0.4571355105697815,0.27002184785481936,0.1491725946672295,66.96,-150994.94399999976,29.88,327155.712,1.0,-0.05096591082492097,24.265,0.0,0.29762536,0.4035465,1.2128407,0.3892876088619232,0.42106395363807675,0.6
0.45794456143987206,0.268152941425647,0.15020722934362907,65.88,-137268.1309090907,31.5,205902.1963636365,1.0,-0.23407696768089892,24.27,0.0,0.29762536,0.4035465,1.2128407,0.3892876088619232,0.42106395363807675,0.6
0.45899627780697255,0.2804387511899501,0.1510065783178718,65.16,-94371.83999999985,32.4,117964.79999999981,1.0,0.04058961760306801,24.275000000000002,0.0,0.29762536,0.4035465,1.2128407,0.3892876088619232,0.42106395363807675,0.6
0.4598071599261064,0.28397520920306296,0.15078671373570846,64.62,-73062.06967741827,32.4,0.0,1.0,-0.09674367503891546,24.28,0.0,0.4613227,0.17486861,-1.0401524,0.4383968085050583,0.35246058404445646,0.0
0.4599825565837215,0.27368352660779655,0.15069778985683754,64.08,-12.275545968445783,31.86,-12.275545968445622,1.0,-0.31037324137088973,24.285,0.0,0.4613227,0.17486861,-1.0401524,0.4383968085050583,0.35246058404445646,0.0
0.45901652680632843,0.2810734149396662,0.15106044279111078,63.9,-15099.494399999976,30.959999999999997,-75497.47200000018,1.0,-0.24933622241889708,24.29,0.0,0.4613227,0.17486861,-1.0401524,0.4383968085050583,0.35246058404445646,0.0
0.4589481047639619,0.2936376964931589,0.15164090549521206,63.54,-14659.70330097085,29.52,-58638.8132038834,1.0,-0.05096591082492097,24.295,0.0,0.4613227,0.17486861,-1.0401524,0.4383968085050583,0.35246058404445646,0.0
0.4588543978405513,0.29582472399125265,0.15813544825016115,63.36,-22878.021818181784,28.08,-183024.1745454547,1.0,0.025330362865069844,24.3,0.0,0.5951599,0.19925958,-2.1552644,0.4785479664802551,0.3597778737545013,0.0
0.45361591487139113,0.3027822983575186,0.16621365247760758,63.18,-25165.82399999996,26.279999999999998,-251658.2400000001,1.0,-0.035706656086922806,24.305,0.0,0.5951599,0.19925958,-2.1552644,0.4785479664802551,0.3597778737545013,0.0
0.4389524924540875,0.3120087823137644,0.17443388633627685,62.82,-45756.04363636357,24.66,-205902.19636363603,1.0,-0.18829920346690443,24.310000000000002,0.0,0.5951599,0.19925958,-2.1552644,0.4785479664802551,0.3597778737545013,0.0
0.4244298679476406,0.31650725461017654,0.1887285723117135,62.28,-68634.06545454534,23.22,-183024.1745454547,1.0,-0.035706656086922806,24.315,0.0,0.5951599,0.19925958,-2.1552644,0.4785479664802551,0.3597778737545013,0.0
0.4091039334177829,0.324958433458744,0.20358072336333957,61.379999999999995,-121770.11612903302,21.779999999999998,-194832.18580645177,1.0,-0.12726218451491178,24.32,0.0,0.49625185,0.44011104,-1.82399,0.44887555539608,0.43203331232070924,0.0
0.39079965900523633,0.337398441220095,0.21471795424753753,60.3,-141557.75999999978,20.7,-141557.75999999978,1.0,0.07110812707906433,24.325,0.0,0.49625185,0.44011104,-1.82399,0.44887555539608,0.43203331232070924,0.0
0.3743481712423337,0.3451925811442982,0.2296000228736379,58.86,-34.987561389585586,19.62,-26.240671042189188,1.0,-0.43244727927487503,24.330000000000002,0.0,0.49625185,0.44011104,-1.82399,0.44887555539608,0.43203331232070924,0.0
0.3634080493815679,0.3465041456846734,0.24669078742761155,57.239999999999995,-83886.08000000023,18.72,-46603.37777777789,1.0,0.14740440076905514,24.335,0.0,0.49625185,0.44011104,-1.82399,0.44887555539608,0.43203331232070924,0.0
0.3582102684796334,0.3477546070964912,0.2614733056585414,55.44,-204047.2216216213,17.64,-122428.33297297278,1.0,0.14740440076905514,24.34,0.0,1.2442033,0.24144511,-1.3812764,0.6,0.3724335327744484,0.0
0.35594165188651783,0.3539031806599441,0.2751869321051092,53.64,-222051.38823529377,16.38,-155435.97176470608,1.0,-0.09674367503891546,24.345,0.0,1.2442033,0.24144511,-1.3812764,0.6,0.3724335327744484,0.0
0.35566195286410934,0.3594138103582545,0.28929577647114746,51.839999999999996,-62394.60495867783,14.58,-62394.60495867765,1.0,-0.3714102603228824,24.35,0.0,1.2442033,0.24144511,-1.3812764,0.6,0.3724335327744484,0.0
0.3573729019732241,0.3628437861477715,0.298510159422849,50.22,-188743.6799999997,12.42,-251658.24000000002,1.0,0.04058961760306801,24.355,0.0,1.2442033,0.24144511,-1.3812764,0.6,0.3724335327744484,0.0
0.35887667316645105,0.3683483854689878,0.3007147808227783,48.6,-205902.19636363603,10.08,-297414.28363636363,1.0,-0.2035584582049026,24.36,0.0,0.9984447,0.27367043,-0.026465937,0.5995334029197693,0.3821011304855347,0.2920602187514305
0.3611015967481288,0.3759555058164811,0.3000705314676096,47.339999999999996,-165150.72000000067,7.199999999999999,-377487.3600000001,1.0,-0.12726218451491178,24.365000000000002,0.0,0.9984447,0.27367043,-0.026465937,0.5995334029197693,0.3821011304855347,0.2920602187514305
0.3641489713898502,0.3708373502319787,0.29930967255637553,46.08,-29.057126739499726,3.96,-74.71832590157082,1.0,-0.29511398663289157,24.37,0.0,0.9984447,0.27367043,-0.026465937,0.5995334029197693,0.3821011304855347,0.2920602187514305
0.3659772419001658,0.37170613444725525,0.2958679485978646,44.82,-74434.12732394354,1.26,-159501.70140845072,1.0,0.04058961760306801,24.375,0.0,0.9984447,0.27367043,-0.026465937,0.5995334029197693,0.3821011304855347,0.2920602187514305
0.36850621156138896,0.36269928978515703,0.2855843601883545,42.66,-244856.66594594636,1.7999999999999998,61214.166486486465,1.0,0.07110812707906433,24.38,0.0,0.9533564,0.17310284,0.63311845,0.5860069155693054,0.35193085223436354,0.4899355351924896
0.3720771819447515,0.3615264670671148,0.26932866717459675,40.68,-259522.5599999996,2.88,141557.76,1.0,0.05584887234106617,24.385,0.0,0.9533564,0.17310284,0.63311845,0.5860069155693054,0.35193085223436354,0.4899355351924896
0.37464999306444136,0.3524245989979168,0.2497478847867424,39.059999999999995,-234302.49931034548,3.2399999999999998,52067.2220689655,1.0,-0.5392620624408622,24.39,0.0,0.9533564,0.17310284,0.63311845,0.5860069155693054,0.35193085223436354,0.4899355351924896
0.37760407588476963,0.35817674901011765,0.22865061241972826,37.98,-129424.23771428551,2.88,-43141.412571428555,1.0,-0.18829920346690443,24.395,0.0,0.9533564,0.17310284,0.63311845,0.5860069155693054,0.35193085223436354,0.4899355351924896
0.3802105870087068,0.3582762849218002,0.20746778105976063,37.44,-70778.87999999989,1.6199999999999999,-165150.72,1.0,-0.09674367503891546,24.400000000000002,0.0,-0.20041883,0.30427006,0.7054194,0.23987435102462767,0.39128101766109463,0.5116258263587952
0.38181673661649357,0.36938128092785383,0.18692474139513612,36.54,-117964.79999999981,1.6199999999999999,0.0,1.0,-0.18829920346690443,24.405,0.0,-0.20041883,0.30427006,0.7054194,0.23987435102462767,0.39128101766109463,0.5116258263587952
0.38329941350305885,0.3753572473991493,0.16783859630525672,36.18,-16412.493913043454,1.6199999999999999,0.0,1.0,-0.4782250434888695,24.41,0.0,-0.20041883,0.30427006,0.7054194,0.23987435102462767,0.39128101766109463,0.5116258263587952
0.3848672149800897,0.38575204323602963,0.14982030224613116,36.0,-4.336941176470582,1.6199999999999999,0.0,1.0,-0.11200292977691362,24.415,0.0,-0.20041883,0.30427006,0.7054194,0.23987435102462767,0.39128101766109463,0.5116258263587952
0.38672436596866755,0.3725213606723286,0.13351689991716695,36.18,9437.183999999985,1.6199999999999999,0.0,1.0,-0.06622516556291913,24.42,0.0,-0.46553645,0.39602485,1.1837207,0.16033906638622283,0.4188074558973312,0.6
0.3872080262153111,0.386649474409526,0.11871129124737768,36.54,38716.652307692246,1.6199999999999999,0.0,1.0,-0.12726218451491178,24.425,0.0,-0.46553645,0.39602485,1.1837207,0.16033906638622283,0.4188074558973312,0.6
0.3887762691669008,0.38173747441746586,0.10585416242530633,37.08,17422.49353846151,1.6199999999999999,0.0,1.0,-0.12726218451491178,24.43,0.0,-0.46553645,0.39602485,1.1837207,0.16033906638622283,0.4188074558973312,0.6
0.3959355737523412,0.3825939007475133,0.09460144519329819,37.8,91512.08727272713,1.6199999999999999,0.0,1.0,-0.2798547318948934,24.435000000000002,0.0,-0.46553645,0.39602485,1.1837207,0.16033906638622283,0.4188074558973312,0.6
0.4062464435071098,0.38924153520761023,0.0909431604805008,38.699999999999996,114390.10909090891,1.6199999999999999,0.0,1.0,-0.21881771294290076,24.44,0.0,-0.09062275,0.92408645,2.1374242,0.2728131741285324,0.5772259354591369,0.6
0.41390792757437544,0.3932684334869049,0.09116581022700994,39.6,111025.69411764776,1.6199999999999999,0.0,1.0,0.11688589129305882,24.445,0.0,-0.09062275,0.92408645,2.1374242,0.2728131741285324,0.5772259354591369,0.6
0.4227935764607754,0.39017342515491266,0.09085143548200304,40.86,176160.76799999972,1.6199999999999999,0.0,1.0,-0.11200292977691362,24.45,0.0,-0.09062275,0.92408645,2.1374242,0.2728131741285324,0.5772259354591369,0.6
0.43275786492580903,0.3906055654376326,0.09719426037483578,41.94,24.846409601017985,1.6199999999999999,0.0,1.0,0.1626636555070533,24.455000000000002,0.0,-0.09062275,0.92408645,2.1374242,0.2728131741285324,0.5772259354591369,0.6
0.4399904118663461,0.3953734982160624,0.11466173349851609,43.199999999999996,76591.63826086944,1.6199999999999999,0.0,1.0,-0.21881771294290076,24.46,0.0,-0.5677806,1.4770863,2.4646065,0.1296658158302307,0.6,0.6
0.4455580013694585,0.4020397556273334,0.13373667407796333,44.46,146800.6400000006,1.6199999999999999,0.0,1.0,-0.035706656086922806,24.465,0.0,-0.5677806,1.4770863,2.4646065,0.1296658158302307,0.6,0.6
0.44987406504227495,0.40092038335299807,0.15021545837324776,45.72,176160.76799999972,1.7999999999999998,25165.82399999999,1.0,-0.2035584582049026,24.47,0.0,-0.5677806,1.4770863,2.4646065,0.1296658158302307,0.6,0.6
0.45199666257702753,0.39850263621332394,0.16993755674390626,46.98,176160.76799999972,1.98,25165.824000000022,1.0,0.010071108127071682,24.475,0.0,-0.5677806,1.4770863,2.4646065,0.1296658158302307,0.6,0.6
0.4509952392115594,0.39202224319451784,0.18813111850031938,47.879999999999995,117964.79999999981,2.16,23592.96000000002,1.0,-0.26459547715689524,24.48,0.0,-1.305087,2.0843177,1.8271321,0.0,0.6,0.6
0.4487114834225361,0.3963138432635964,0.203627380477228,48.78,117964.80000000075,2.88,94371.83999999997,1.0,-0.06622516556291913,24.485,0.0,-1.305087,2.0843177,1.8271321,0.0,0.6,0.6
0.4477839688530401,0.40641988035227083,0.220202958952657,49.32,20222.537142857112,3.5999999999999996,26963.38285714285,1.0,-0.3256324961088879,24.490000000000002,0.0,-1.305087,2.0843177,1.8271321,0.0,0.6,0.6
0.4459162621586076,0.40556522020673974,0.23713703905805988,49.5,20404.72216216213,4.859999999999999,142833.0551351351,1.0,-0.005188146610926481,24.495,0.0,-1.305087,2.0843177,1.8271321,0.0,0.6,0.6
0.4437487870073121,0.39552007371236153,0.2514542569105177,49.5,0.0,6.3,34.60845162103624,1.0,-0.2035584582049026,24.5,0.0,-1.7693797,1.8195328,1.6348251,0.0,0.6,0.6
0.4429917752577093,0.40758649712245726,0.26664447400286945,49.32,-5101.180540540532,7.739999999999999,40809.44432432431,1.0,-0.09674367503891546,24.505,0.0,-1.7693797,1.8195328,1.6348251,0.0,0.6,0.6
0.4412058974900923,0.3925606358599479,0.2827803536741149,49.14,-7947.1023157894615,8.82,47682.61389473688,1.0,-0.2798547318948934,24.51,0.0,-1.7693797,1.8195328,1.6348251,0.0,0.6,0.6
0.43881111053160904,0.3941437426043147,0.29603961536305945,48.96,-22205.138823529378,9.54,88820.55529411751,1.0,0.14740440076905514,24.515,0.0,-1.7693797,1.8195328,1.6348251,0.0,0.6,0.6
0.4354086182066852,0.40214974183285035,0.3095572386679385,48.96,0.0,9.719999999999999,26033.611034482718,1.0,-0.23407696768089892,24.52,0.0,-1.7739619,0.5407641,1.9507835,0.0,0.46222922801971433,0.6
0.43044225220477156,0.4024338192042374,0.32395234410121165,48.96,0.0,9.36,-45756.04363636357,1.0,-0.005188146610926481,24.525000000000002,0.0,-1.7739619,0.5407641,1.9507835,0.0,0.46222922801971433,0.6
0.41704739354052955,0.40647871408026026,0.33621657588952264,48.96,0.0,8.64,-94371.83999999985,1.0,-0.08148442030091729,24.53,0.0,-1.7739619,0.5407641,1.9507835,0.0,0.46222922801971433,0.6
0.3990078141604884,0.4109254774605532,0.3470527469273091,48.96,0.0,7.56,-146124.13935483884,1.0,-0.05096591082492097,24.535,0.0,-1.7739619,0.5407641,1.9507835,0.0,0.46222922801971433,0.6
0.383763765270696,0.41848244584121963,0.35933544401258294,48.96,0.0,5.9399999999999995,-37.21246306012246,1.0,-0.18829920346690443,24.54,0.0,-0.69201756,-0.8084855,2.0050516,0.09239473342895507,0.05745434761047363,0.6
0.36685247225208395,0.42693957042778286,0.36961431891044705,48.6,-16965.724044943792,4.32,-76345.75820224715,1.0,0.2084414197210478,24.545,0.0,-0.69201756,-0.8084855,2.0050516,0.09239473342895507,0.05745434761047363,0.6
0.348751433723476,0.4270405905375923,0.3786373418663832,48.059999999999995,-56623.104000000654,2.6999999999999997,-169869.31200000006,1.0,-0.08148442030091729,24.55,0.0,-0.69201756,-0.8084855,2.0050516,0.09239473342895507,0.05745434761047363,0.6
0.3339361623351004,0.42558469653646935,0.38787062181599674,46.98,-137268.1309090907,1.44,-160146.1527272727,1.0,-0.020447401348924643,24.555,0.0,-0.69201756,-0.8084855,2.0050516,0.09239473342895507,0.05745434761047363,0.6
0.31965791897889656,0.4318366156917137,0.39718598283768075,45.18,-260336.11034482718,1.7999999999999998,52067.2220689655,1.0,-0.18829920346690443,24.560000000000002,0.0,1.1586169,-1.0628036,0.3702813,0.6,0.0,0.4110843926668167
0.3022386849300322,0.428626817552655,0.4049206484239562,43.019999999999996,-67108.86400000012,2.34,16777.216,1.0,-0.14252143925290994,24.565,0.0,1.1586169,-1.0628036,0.3702813,0.6,0.0,0.4110843926668167
0.2824335472888899,0.4345596621893154,0.4134937415042626,40.68,-297414.28363636316,2.52,22878.021818181838,1.0,-0.020447401348924643,24.57,0.0,1.1586169,-1.0628036,0.3702813,0.6,0.0,0.4110843926668167
0.2608161248661901,0.437425454866963,0.42084600833652946,38.519999999999996,-274536.2618181823,1.98,-68634.06545454546,1.0,0.04058961760306801,24.575,0.0,1.1586169,-1.0628036,0.3702813,0.6,0.0,0.4110843926668167
0.23904231270245904,0.44616852443678773,0.42607871703275363,35.82,-377487.3599999994,1.6199999999999999,-50331.648000000016,1.0,-0.4477065340128732,24.580000000000002,8.522882461547852,1.2097452,-0.5011833,-1.2879692,0.6,0.14964501857757567,0.0
0.21728142832194675,0.44508407306770964,0.43181432567352873,32.94,-68.79275783910619,1.6199999999999999,0.0,1.0,-0.31037324137088973,24.585,8.522882461547852,1.2097452,-0.5011833,-1.2879692,0.6,0.14964501857757567,0.0
0.19694103206433847,0.4545392123727095,0.43766620305239556,29.7,-234302.49931034472,1.6199999999999999,0.0,1.0,-0.31037324137088973,24.59,8.522882461547852,1.2097452,-0.5011833,-1.2879692,0.6,0.14964501857757567,0.0
0.17756675984513792,0.4545271506758008,0.4418067042191682,26.459999999999997,-133230.83294117654,1.6199999999999999,0.0,1.0,-0.09674367503891546,24.595,8.522882461547852,1.2097452,-0.5011833,-1.2879692,0.6,0.14964501857757567,0.0
0.15959467836294594,0.45514464993487574,0.4462310173147984,23.22,-411804.3927272725,1.6199999999999999,0.0,1.0,-0.08148442030091729,24.6,20.0,1.0360355,-0.43357393,-0.16875315,0.6,0.16992782056331635,0.24937405586242675
0.14283203267972971,0.44635344651113146,0.45063835783024353,19.8,-270651.31471698097,1.6199999999999999,0.0,1.0,-0.11200292977691362,24.605,20.0,1.0360355,-0.43357393,-0.16875315,0.6,0.16992782056331635,0.24937405586242675
0.12793627051842144,0.4459661710817879,0.45386593607192355,16.2,-471859.2000000002,1.6199999999999999,0.0,1.0,-0.020447401348924643,24.61,20.0,1.0360355,-0.43357393,-0.16875315,0.6,0.16992782056331635,0.24937405586242675
0.10838643966172594,0.44255600439321385,0.4570143071352551,12.78,-421897.6376470588,1.6199999999999999,0.0,1.0,0.14740440076905514,24.615000000000002,20.0,1.0360355,-0.43357393,-0.16875315,0.6,0.16992782056331635,0.24937405586242675
0.09247522547389202,0.4404886064663825,0.46044639361688494,9.36,-462726.4412903226,1.6199999999999999,0.0,1.0,-0.05096591082492097,24.62,8.522882461547852,0.82016945,-0.9741179,-1.4258738,0.5460508346557617,0.007764637470245361,0.0
0.10373965940520047,0.44508217694179797,0.4630268639030203,5.9399999999999995,-79.37471809826305,1.44,-4.177616742013844,1.0,19.557176427503272,24.625,8.522882461547852,0.82016945,-0.9741179,-1.4258738,0.5460508346557617,0.007764637470245361,0.0
0.09985918489567212,0.4403136496921178,0.46356477936104373,3.2399999999999998,-209715.19999999998,7.199999999999999,447392.42666666664,1.0,-4.811853389080458,24.63,8.522882461547852,0.82016945,-0.9741179,-1.4258738,0.5460508346557617,0.007764637470245361,0.0
0.0985153154810557,0.43415332882743285,0.46593459971105594,1.7999999999999998,-188743.68,10.08,377487.3600000001,1.0,-0.11200292977691362,24.635,8.522882461547852,0.82016945,-0.9741179,-1.4258738,0.5460508346557617,0.007764637470245361,0.0
0.09543280341974349,0.4395693465589709,0.4673980621105399,1.7999999999999998,0.0,9.9,-26033.611034482718,1.0,-4.567705313272487,24.64,0.0,1.1338626,-1.3823012,-1.7140371,0.6,0.0,0.0
0.10626072788062453,0.4226423127730114,0.4665416342363188,2.88,161780.29714285716,6.4799999999999995,-512304.27428571443,1.0,11.607104709006009,24.645,0.0,1.1338626,-1.3823012,-1.7140371,0.6,0.0,0.0
0.1195674358731815,0.402195911941231,0.4630346754597577,4.859999999999999,267894.2554838709,4.5,-267894.2554838709,1.0,-1.3480025635548198,24.650000000000002,0.0,1.1338626,-1.3823012,-1.7140371,0.6,0.0,0.0
0.1274736038686872,0.38838280145176646,0.46055282961208893,7.56,333077.0823529412,1.6199999999999999,-355282.2211764706,1.0,0.04058961760306801,24.655,0.0,1.1338626,-1.3823012,-1.7140371,0.6,0.0,0.0
0.14785336918279715,0.3642603534435667,0.4567763850977772,8.82,170478.16258064526,1.7999999999999998,24354.023225806442,1.0,-0.43244727927487503,24.66,0.0,1.3870858,-1.6051853,-1.5734736,0.6,0.0,0.0
0.17178735652906965,0.3547999662944117,0.45128507491321984,11.16,88420.4627027027,2.16,13603.14810810812,1.0,-1.5158543656727996,24.665,0.0,1.3870858,-1.6051853,-1.5734736,0.6,0.0,0.0
0.18802741461871753,0.3316604940283984,0.4406602607274518,13.68,60.06538697156885,1.44,-17.161539134733964,1.0,0.8188116092410311,24.67,0.0,1.3870858,-1.6051853,-1.5734736,0.6,0.0,0.0
0.20853449820377973,0.3026455539911701,0.4236958184775927,15.84,167772.16,1.6199999999999999,13981.013333333329,1.0,-0.5392620624408622,24.675,0.0,1.3870858,-1.6051853,-1.5734736,0.6,0.0,0.0
0.2276598504444049,0.30098495010120097,0.4048527708403516,18.36,110100.47999999998,1.6199999999999999,0.0,1.0,0.5441450239570074,24.68,0.0,1.6074052,-2.0524137,-0.41278306,0.6,0.0,0.17616508305072784
0.24154497249881068,0.28460403372513066,0.38705771943168016,21.06,323560.5942857142,1.6199999999999999,0.0,1.0,-1.1038544877467942,24.685000000000002,0.0,1.6074052,-2.0524137,-0.41278306,0.6,0.0,0.17616508305072784
0.25759244711747276,0.27740147119342334,0.3734263615249465,23.759999999999998,377487.3599999999,1.6199999999999999,0.0,1.0,0.34577471236303126,24.69,0.0,1.6074052,-2.0524137,-0.41278306,0.6,0.0,0.17616508305072784
0.2751694411973069,0.27198040123460265,0.3593740314844215,26.459999999999997,353894.3999999999,1.6199999999999999,0.0,1.0,-0.524002807702864,24.695,0.0,1.6074052,-2.0524137,-0.41278306,0.6,0.0,0.17616508305072784
0.2883728799798343,0.2585169254086595,0.3413966391720161,29.34,389664.37161290355,1.6199999999999999,0.0,1.0,0.31525620288703493,24.7,0.0,1.3615553,-1.598185,-0.6994142,0.6,0.0,0.09017574191093444
0.3019490677155099,0.2514284318758859,0.3205650099976591,32.4,414018.3948387095,1.6199999999999999,0.0,1.0,-0.08148442030091729,24.705000000000002,0.0,1.3615553,-1.598185,-0.6994142,0.6,0.0,0.09017574191093444
0.31707505525321283,0.23548222836246488,0.2977889680939517,35.46,401080.3200000003,1.6199999999999999,0.0,1.0,-0.3714102603228824,24.71,0.0,1.3615553,-1.598185,-0.6994142,0.6,0.0,0.09017574191093444
0.32940781513775397,0.22107209049991805,0.27409059468040886,38.519999999999996,70.68818082680667,1.6199999999999999,0.0,1.0,0.14740440076905514,24.715,0.0,1.3615553,-1.598185,-0.6994142,0.6,0.0,0.09017574191093444
0.3409783064292003,0.20532772072985603,0.25041475963224075,41.58,79717.82757763981,1.6199999999999999,0.0,1.0,-0.2798547318948934,24.72,0.0,1.4416968,-1.8742099,0.22465456,0.6,0.0,0.36739636659622193
0.353690050526854,0.17732346904873475,0.22808890659331732,44.82,367284.9989189191,1.6199999999999999,0.0,1.0,0.22370067445904596,24.725,0.0,1.4416968,-1.8742099,0.22465456,0.6,0.0,0.36739636659622193
0.3650715966471104,0.15432039683409507,0.2063269789297663,48.059999999999995,438372.41806451546,1.7999999999999998,24354.023225806442,1.0,-0.43244727927487503,24.73,0.0,1.4416968,-1.8742099,0.22465456,0.6,0.0,0.36739636659622193
0.374757431388951,0.1372789224208548,0.1863692142511425,51.3,452984.8320000003,1.7999999999999998,0.0,1.0,0.22370067445904596,24.735,0.0,1.4416968,-1.8742099,0.22465456,0.6,0.0,0.36739636659622193
0.3852697457551639,0.12839118688344428,0.16763886136991146,54.54,424673.28000000026,1.7999999999999998,0.0,1.0,-0.5392620624408622,24.740000000000002,0.0,1.0530161,-1.3221302,-0.2880963,0.6,0.0,0.21357110738754273
0.3946239021254942,0.10545141626422595,0.1506660597601002,57.599999999999994,427819.00799999933,1.7999999999999998,0.0,1.0,0.34577471236303126,24.745,0.0,1.0530161,-1.3221302,-0.2880963,0.6,0.0,0.21357110738754273
0.402498854742413,0.10739621298817208,0.13523097541539375,60.839999999999996,438372.4180645164,1.7999999999999998,0.0,1.0,-0.5545213171788603,24.75,0.0,1.0530161,-1.3221302,-0.2880963,0.6,0.0,0.21357110738754273
0.4110087380584209,0.0990092914309704,0.12404913074737889,63.9,69.33408012446525,1.7999999999999998,0.0,1.0,-0.005188146610926481,24.755,0.0,1.0530161,-1.3221302,-0.2880963,0.6,0.0,0.21357110738754273
0.41900492271808065,0.100311771163659,0.12013709481803501,66.78,215707.06285714306,1.98,13481.691428571441,1.0,-0.17303994872890627,24.76,0.0,0.9697244,-1.2028829,-0.44399014,0.5909173250198364,0.0,0.16680295765399933
0.42525715637389144,0.08579216655840861,0.11857370366385694,69.66,389664.3716129026,2.16,24354.02322580647,1.0,-0.09674367503891546,24.765,0.0,0.9697244,-1.2028829,-0.44399014,0.5909173250198364,0.0,0.16680295765399933
0.43207237532950743,0.08706648779860912,0.11696325235819953,72.36,377487.3600000004,2.6999999999999997,75497.47199999994,1.0,-0.2035584582049026,24.77,0.0,0.9697244,-1.2028829,-0.44399014,0.5909173250198364,0.0,0.16680295765399933
0.4385149104689154,0.04829984266451112,0.11724729406746347,74.88,107853.53142857125,3.2399999999999998,23111.471020408164,1.0,0.04058961760306801,24.775000000000002,0.0,0.9697244,-1.2028829,-0.44399014,0.5909173250198364,0.0,0.16680295765399933
0.44392989182539067,0.033467053250825204,0.11759176198918325,77.39999999999999,330301.4399999995,3.96,94371.84000000003,1.0,-0.17303994872890627,24.78,0.0,0.935251,-1.4916342,0.46611682,0.5805752992630004,0.0,0.43983504474163054
0.4494848947717578,0.021838556621014166,0.11765607264164085,79.38,267894.2554838715,5.04,146124.13935483873,1.0,0.11688589129305882,24.785,0.0,0.935251,-1.4916342,0.46611682,0.5805752992630004,0.0,0.43983504474163054
0.455302262894982,0.024252690807367368,0.1195319544794306,81.17999999999999,251658.2399999996,6.66,226492.41600000003,1.0,-0.12726218451491178,24.79,0.0,0.935251,-1.4916342,0.46611682,0.5805752992630004,0.0,0.43983504474163054
0.4597471112618422,0.01524688107531352,0.12392978265245269,82.8,226492.41600000064,8.459999999999999,251658.23999999985,1.0,-0.05096591082492097,24.795,0.0,0.935251,-1.4916342,0.46611682,0.5805752992630004,0.0,0.43983504474163054
0.464382129882025,0.0011457241928008897,0.12871876870156643,83.88,26.361002566355676,10.799999999999999,57.115505560437384,1.0,-0.11200292977691362,24.8,0.0,0.48502496,-1.0228759,-0.3326025,0.44550748765468595,0.0,0.2002192497253418
0.4690952224933795,0.004407047498456209,0.13734640954784313,84.42,31457.280000000363,13.68,167772.16000000003,1.0,-0.035706656086922806,24.805,0.0,0.48502496,-1.0228759,-0.3326025,0.44550748765468595,0.0,0.2002192497253418
0.4728275683570695,0.005919713256653523,0.15276157570356685,84.78,41943.039999999935,16.74,356515.83999999985,1.0,-0.34089175084688605,24.810000000000002,0.0,0.48502496,-1.0228759,-0.3326025,0.44550748765468595,0.0,0.2002192497253418
0.476698283231512,0.0028546506404415637,0.1656318862430648,84.96,22205.1388235285,20.16,421897.63764705905,1.0,0.26947843867304044,24.815,0.0,0.48502496,-1.0228759,-0.3326025,0.44550748765468595,0.0,0.2002192497253418
0.47997513750476273,-0.007846269556833126,0.17601650211062156,84.78,-24354.023225805453,23.58,462726.44129032234,1.0,-0.05096591082492097,24.82,0.0,-0.49771723,-0.25237212,1.0846454,0.15068483054637907,0.22428836524486542,0.6
0.4816992325137166,-0.01730877216302077,0.18543733805608498,84.6,-23592.960000000894,26.64,401080.3200000003,1.0,-0.035706656086922806,24.825,0.0,-0.49771723,-0.25237212,1.0846454,0.15068483054637907,0.22428836524486542,0.6
0.4833396825170682,-0.018581601346114123,0.19137281285942825,84.42,-6452.77538461512,28.98,83886.08,1.0,-0.3256324961088879,24.830000000000002,0.0,-0.49771723,-0.25237212,1.0846454,0.15068483054637907,0.22428836524486542,0.6
0.4845983455832529,-0.01141612219623807,0.19503641095123675,84.42,0.0,30.599999999999998,117151.24965517223,1.0,0.0863673818170625,24.835,0.0,-0.49771723,-0.25237212,1.0846454,0.15068483054637907,0.22428836524486542,0.6
0.48620644749576014,-0.01177738388194463,0.19676830026444767,84.42,0.0,31.32,16.58692708648016,1.0,-0.020447401348924643,24.84,0.0,0.073067605,-0.5780921,-0.14233994,0.32192028164863584,0.1265723705291748,0.2572980165481567
0.4876713526710136,-0.0068000874475131765,0.19782859977385409,84.42,0.0,31.32,0.0,1.0,0.04058961760306801,24.845,0.0,0.073067605,-0.5780921,-0.14233994,0.32192028164863584,0.1265723705291748,0.2572980165481567
0.4888419982447983,-0.005965246837663382,0.1990781098316335,84.6,20971.51999999914,30.779999999999998,-62914.56000000032,1.0,-0.2798547318948934,24.85,0.0,0.073067605,-0.5780921,-0.14233994,0.32192028164863584,0.1265723705291748,0.2572980165481567
0.49052163359014217,-0.0030119512904954893,0.20676389438921858,84.6,0.0,29.88,-111025.69411764688,1.0,0.11688589129305882,24.855,0.0,0.073067605,-0.5780921,-0.14233994,0.32192028164863584,0.1265723705291748,0.2572980165481567
0.49182962390486396,-0.01414802211248906,0.22078769156879938,84.78,24354.023225807374,28.619999999999997,-170478.16258064538,1.0,-0.1577806939909081,24.86,0.0,0.44271073,-0.78156734,-1.2217976,0.4328132182359695,0.06552979946136474,0.0
0.4934476668404149,-0.02419973869039677,0.23261938560217546,84.6,-23592.960000000894,27.0,-212336.63999999966,1.0,-0.005188146610926481,24.865000000000002,0.0,0.44271073,-0.78156734,-1.2217976,0.4328132182359695,0.06552979946136474,0.0
0.4954658709059422,-0.007397520786605858,0.23988109700447277,84.6,0.0,25.2,-222051.3882352942,1.0,-0.18829920346690443,24.87,0.0,0.44271073,-0.78156734,-1.2217976,0.4328132182359695,0.06552979946136474,0.0
0.4965733325162304,-0.003798440759570657,0.24336392717934502,84.42,-24354.023225805453,23.22,-267894.25548387103,1.0,0.07110812707906433,24.875,0.0,0.44271073,-0.78156734,-1.2217976,0.4328132182359695,0.06552979946136474,0.0
0.4964668974144539,-0.004674927505011848,0.24537452972366794,84.24,-22878.021818182686,21.06,-274536.26181818184,1.0,-0.05096591082492097,24.88,0.0,0.18900889,-0.8359941,-1.3614031,0.3567026674747467,0.04920176267623901,0.0
0.4964218675459261,-0.009538491579325204,0.2513663428557474,84.06,-4.290945631045713,18.9,-51.49134757255067,1.0,-0.06622516556291913,24.885,0.0,0.18900889,-0.8359941,-1.3614031,0.3567026674747467,0.04920176267623901,0.0
0.4963745817316581,-0.006197494140791159,0.2606464161204149,83.7,-12582.91199999998,16.38,-88080.38399999999,1.0,-0.18829920346690443,24.89,0.0,0.18900889,-0.8359941,-1.3614031,0.3567026674747467,0.04920176267623901,0.0
0.4953063030172227,-0.006062400885464667,0.26830675103267754,83.52,-19867.75578947444,13.68,-298016.3368421052,1.0,0.14740440076905514,24.895,0.0,0.18900889,-0.8359941,-1.3614031,0.3567026674747467,0.04920176267623901,0.0
0.4943386302856142,0.0010873782656856108,0.27618853674807586,83.34,-22205.1388235285,10.98,-333077.0823529411,1.0,-0.24933622241889708,24.900000000000002,0.0,0.4126031,-0.8314986,-1.6209097,0.4237809330224991,0.050550413131713864,0.0
0.4933676946215963,0.006491443806369086,0.2901651468255334,82.98,-48708.04645161283,8.1,-389664.3716129033,1.0,-0.11200292977691362,24.905,0.0,0.4126031,-0.8314986,-1.6209097,0.4237809330224991,0.050550413131713864,0.0
0.491593805280776,0.012791108131600509,0.3041804942694902,82.44,-64712.11885714361,5.22,-345131.30057142855,1.0,-0.14252143925290994,24.91,0.0,0.4126031,-0.8314986,-1.6209097,0.4237809330224991,0.050550413131713864,0.0
0.490911641055678,0.035673755944855584,0.313444525244455,82.08,-45756.04363636357,2.34,-366048.34909090906,1.0,0.025330362865069844,24.915,0.0,0.4126031,-0.8314986,-1.6209097,0.4237809330224991,0.050550413131713864,0.0
0.4907897779598968,0.05744255077600976,0.3174389891395592,80.64,-194832.1858064513,1.44,-121770.11612903225,1.0,-0.2035584582049026,24.92,0.0,-0.01513911,-0.8820722,-1.6814982,0.2954582668840885,0.035378336906433105,0.0
0.4882501304923767,0.0632140181122397,0.32005364191580543,79.02,-36.79034744895483,2.6999999999999997,28.61471468252034,1.0,-0.24933622241889708,24.925,0.0,-0.01513911,-0.8820722,-1.6814982,0.2954582668840885,0.035378336906433105,0.0
0.48295104873319045,0.062021747111540376,0.32084242128702795,77.22,-57195.054545454455,3.5999999999999996,28597.52727272727,1.0,-0.11200292977691362,24.93,0.0,-0.01513911,-0.8820722,-1.6814982,0.2954582668840885,0.035378336906433105,0.0
0.47775217980293117,0.07169735266622503,0.3202633734756638,75.78,-172565.65028571401,3.96,43141.41257142861,1.0,-0.05096591082492097,24.935000000000002,0.0,-0.01513911,-0.8820722,-1.6814982,0.2954582668840885,0.035378336906433105,0.0
0.472082979488101,0.06980385568853525,0.319643492001075,74.34,-188743.6799999997,3.96,0.0,1.0,-0.09674367503891546,24.94,0.0,0.50704336,-0.9760833,-1.2030582,0.4521130084991455,0.0071750164031982415,0.0
0.46503223303957186,0.06680671027419534,0.31961042275715557,73.08,-182235.27724138004,3.5999999999999996,-52067.222068965566,1.0,0.0863673818170625,24.945,0.0,0.50704336,-0.9760833,-1.2030582,0.4521130084991455,0.0071750164031982415,0.0
0.459487686763595,0.08072421797113599,0.3174209892385452,71.82,-160146.15272727338,2.88,-91512.08727272724,1.0,-0.18829920346690443,24.95,0.0,0.50704336,-0.9760833,-1.2030582,0.4521130084991455,0.0071750164031982415,0.0
0.45358339190873664,0.06653858508481557,0.31203810806682025,70.74,-75497.47199999988,1.98,-62914.55999999999,1.0,-0.24933622241889708,24.955000000000002,0.0,0.50704336,-0.9760833,-1.2030582,0.4521130084991455,0.0071750164031982415,0.0
0.44353738507976687,0.07260456196845336,0.29937144226391454,69.3,-194832.1858064513,1.6199999999999999,-48708.046451612914,1.0,-0.18829920346690443,24.96,0.0,-0.0905935,-1.045827,-0.9799366,0.27282194942235943,0.0,0.006019020080566406
0.4342790069743836,0.0738596654071527,0.28233304325065584,68.03999999999999,-165150.72000000067,1.98,47185.92000000001,1.0,-0.09674367503891546,24.965,0.0,-0.0905935,-1.045827,-0.9799366,0.27282194942235943,0.0,0.006019020080566406
0.42828360463609816,0.07942609204398865,0.26126289796076585,66.78,-30.78854546195994,2.16,4.398363637422884,1.0,-0.09674367503891546,24.97,0.0,-0.0905935,-1.045827,-0.9799366,0.27282194942235943,0.0,0.006019020080566406
0.42322734737337353,0.08844445300316153,0.23997226974969968,65.34,-86282.82514285701,2.16,0.0,1.0,0.010071108127071682,24.975,0.0,-0.0905935,-1.045827,-0.9799366,0.27282194942235943,0.0,0.006019020080566406
0.4193554380552673,0.09036006187991188,0.21770563876985916,64.25999999999999,-41943.04000000049,2.16,0.0,1.0,-0.08148442030091729,24.98,0.0,0.14109153,-1.0704061,-0.68730164,0.3423274576663971,0.0,0.09380950927734374
0.4158473347877313,0.09018632756699077,0.1973361902192326,63.0,-142833.0551351341,1.98,-20404.72216216218,1.0,0.19318216498304963,24.985,0.0,0.14109153,-1.0704061,-0.68730164,0.3423274576663971,0.0,0.09380950927734374
0.40873340958333576,0.07831045356982377,0.17729655511099668,61.919999999999995,-79471.02315789514,1.6199999999999999,-26490.341052631586,1.0,-0.26459547715689524,24.990000000000002,0.0,0.14109153,-1.0704061,-0.68730164,0.3423274576663971,0.0,0.09380950927734374
0.4005382927766264,0.06547284355546633,0.15902999729692813,60.839999999999996,-141557.75999999978,1.6199999999999999,0.0,1.0,-0.1577806939909081,24.995,0.0,0.14109153,-1.0704061,-0.68730164,0.3423274576663971,0.0,0.09380950927734374
0.39400116713431876,0.07637593434147469,0.1418459741430184,59.76,-137268.1309090907,1.6199999999999999,0.0,1.0,-0.3561510055848842,25.0,0.0,-0.17709711,-0.34631574,-0.8563002,0.2468708664178848,0.19610527753829957,0.043109947443008424
0.3890624830444818,0.0684088718360689,0.1267828268638005,58.68,-150994.94399999976,1.6199999999999999,0.0,1.0,-0.11200292977691362,25.005,0.0,-0.17709711,-0.34631574,-0.8563002,0.2468708664178848,0.19610527753829957,0.043109947443008424
0.385327770437302,0.06536376875373542,0.11288097750310597,57.599999999999994,-24.769240931311025,1.6199999999999999,0.0,1.0,-0.08148442030091729,25.01,0.0,-0.17709711,-0.34631574,-0.8563002,0.2468708664178848,0.19610527753829957,0.043109947443008424
0.3834401744587137,0.07786475409417776,0.10079786719239311,56.699999999999996,-44938.971428571356,1.6199999999999999,0.0,1.0,-0.005188146610926481,25.015,0.0,-0.17709711,-0.34631574,-0.8563002,0.2468708664178848,0.19610527753829957,0.043109947443008424
0.38252525127978126,0.0774580518577545,0.08948462225266152,55.8,-92070.0878048779,1.6199999999999999,0.0,1.0,-0.21881771294290076,25.02,0.0,-0.20360982,0.15572485,-0.050419606,0.2389170527458191,0.3467174559831619,0.2848741181194782
0.3828978130139824,0.0626311249761759,0.08051536535602126,55.08,-88820.55529411751,1.6199999999999999,0.0,1.0,-0.09674367503891546,25.025000000000002,0.0,-0.20360982,0.15572485,-0.050419606,0.2389170527458191,0.3467174559831619,0.2848741181194782
0.3835318317734407,0.06951119509662143,0.07250821832101761,54.36,-104134.44413793087,1.6199999999999999,0.0,1.0,0.05584887234106617,25.03,0.0,-0.20360982,0.15572485,-0.050419606,0.2389170527458191,0.3467174559831619,0.2848741181194782
0.38364118314479617,0.06650979055064103,0.05914602093766862,53.82,-70778.87999999989,1.6199999999999999,0.0,1.0,-0.08148442030091729,25.035,0.0,-0.20360982,0.15572485,-0.050419606,0.2389170527458191,0.3467174559831619,0.2848741181194782
0.3828826492355063,0.06445531093796808,0.054553686486875766,53.28,-62914.5599999999,1.6199999999999999,0.0,1.0,-0.035706656086922806,25.04,0.0,-0.2793182,0.30707628,-0.18227366,0.2162045359611511,0.392122882604599,0.24531790316104887
0.3816676086932272,0.050283940347990774,0.03855492470577795,52.919999999999995,-12376.634754098586,1.6199999999999999,0.0,1.0,0.010071108127071682,25.045,0.0,-0.2793182,0.30707628,-0.18227366,0.2162045359611511,0.392122882604599,0.24531790316104887
0.37975677260145146,0.05238555995952332,0.04226574838523308,52.559999999999995,-47185.919999999925,1.6199999999999999,0.0,1.0,-0.035706656086922806,25.05,0.0,-0.2793182,0.30707628,-0.18227366,0.2162045359611511,0.392122882604599,0.24531790316104887
0.376173440250953,0.05367670859796283,0.03155311343122238,52.379999999999995,-4.372128168451281,1.6199999999999999,0.0,1.0,-0.08148442030091729,25.055,0.0,-0.2793182,0.30707628,-0.18227366,0.2162045359611511,0.392122882604599,0.24531790316104887
0.3722995446077439,0.0460222696883933,0.029240202976400953,52.199999999999996,-10941.662608695635,1.6199999999999999,0.0,1.0,-0.23407696768089892,25.060000000000002,0.0,0.06928516,-0.17481017,-0.9637052,0.3207855485379696,0.2475569486618042,0.010888445377349853
0.3686761589652042,0.03968850574227989,0.03329434368344724,52.019999999999996,-5676.50165413533,1.6199999999999999,0.0,1.0,-0.12726218451491178,25.065,0.0,0.06928516,-0.17481017,-0.9637052,0.3207855485379696,0.2475569486618042,0.010888445377349853
0.36205997536280343,0.04198022758625904,0.02392074263474524,52.019999999999996,0.0,1.6199999999999999,0.0,1.0,-0.14252143925290994,25.07,0.0,0.06928516,-0.17481017,-0.9637052,0.3207855485379696,0.2475569486618042,0.010888445377349853
0.35360307371486205,0.035109196573249464,0.025463096239683465,51.839999999999996,-25165.82399999996,1.6199999999999999,0.0,1.0,0.04058961760306801,25.075,0.0,0.06928516,-0.17481017,-0.9637052,0.3207855485379696,0.2475569486618042,0.010888445377349853
0.3471173613398793,0.03391177208227359,0.022877794292766047,51.839999999999996,0.0,1.6199999999999999,0.0,1.0,-0.12726218451491178,25.080000000000002,0.0,0.08461219,-0.5526247,-0.95941794,0.3253836572170257,0.13421258926391602,0.012174618244171142
0.3393244778730973,0.04601508805448378,0.021552098879197637,51.839999999999996,0.0,1.6199999999999999,0.0,1.0,0.04058961760306801,25.085,0.0,0.08461219,-0.5526247,-0.95941794,0.3253836572170257,0.13421258926391602,0.012174618244171142
0.33068495031121425,0.06334013987234681,0.022565555817767927,51.66,-23592.959999999963,1.7999999999999998,23592.959999999992,1.0,-0.17303994872890627,25.09,0.0,0.08461219,-0.5526247,-0.95941794,0.3253836572170257,0.13421258926391602,0.012174618244171142
0.3245114276951145,0.06815055819282533,0.03808624915438516,51.66,0.0,1.7999999999999998,0.0,1.0,-0.11200292977691362,25.095,0.0,0.08461219,-0.5526247,-0.95941794,0.3253836572170257,0.13421258926391602,0.012174618244171142
0.3179395251037556,0.07477331330473617,0.06467649672555884,51.3,-20971.519999999968,1.98,10485.76000000001,1.0,-0.24933622241889708,25.1,0.0,0.10948172,-0.808383,-0.89290345,0.3328445166349411,0.057485103607177734,0.032128965854644774
0.31100201415202655,0.0939101642741224,0.07262919112455182,51.12,-20404.72216216213,2.16,20404.72216216218,1.0,0.07110812707906433,25.105,0.0,0.10948172,-0.808383,-0.89290345,0.3328445166349411,0.057485103607177734,0.032128965854644774
0.3054151759887496,0.13015489078241096,0.09186901900500091,50.58,-73062.06967741923,2.52,48708.046451612885,1.0,-0.21881771294290076,25.11,0.0,0.10948172,-0.808383,-0.89290345,0.3328445166349411,0.057485103607177734,0.032128965854644774
0.30002060926855917,0.13994770982994334,0.11132464619391952,50.22,-50331.64799999992,2.88,50331.64799999998,1.0,0.14740440076905514,25.115000000000002,0.0,0.10948172,-0.808383,-0.89290345,0.3328445166349411,0.057485103607177734,0.032128965854644774
0.2937271169683404,0.16900309329070692,0.11599007322542294,49.68,-75497.47199999988,3.2399999999999998,50331.64799999998,1.0,-0.2035584582049026,25.12,0.0,0.069046244,-0.55156505,-0.9244163,0.3207138732075691,0.13453048467636108,0.022675108909606934
0.28809787257791014,0.1699984874590515,0.12920609438551225,48.96,-24753.26950819668,3.78,18564.952131147544,1.0,0.0863673818170625,25.125,0.0,0.069046244,-0.55156505,-0.9244163,0.3207138732075691,0.13453048467636108,0.022675108909606934
0.28488237624787427,0.19314487313674228,0.13893491361666213,48.239999999999995,-94371.84000000078,4.5,94371.84000000003,1.0,-0.21881771294290076,25.13,0.0,0.069046244,-0.55156505,-0.9244163,0.3207138732075691,0.13453048467636108,0.022675108909606934
0.2840703532757453,0.21025368169227335,0.14436104795665228,47.339999999999996,-125829.1199999998,5.04,75497.47200000001,1.0,0.14740440076905514,25.135,0.0,0.069046244,-0.55156505,-0.9244163,0.3207138732075691,0.13453048467636108,0.022675108909606934
0.28383752005414525,0.21009207476413616,0.14695606355168414,46.44,-20.456249796785382,5.76,16.36499983742833,1.0,-0.005188146610926481,25.14,0.0,0.5455203,0.013770029,-0.3922029,0.46365609169006344,0.30413100868463516,0.18233912587165832
0.2843874462429265,0.21027183975575017,0.14841455325079184,45.54,-38916.22268041231,6.4799999999999995,31132.978144329885,1.0,-0.035706656086922806,25.145,0.0,0.5455203,0.013770029,-0.3922029,0.46365609169006344,0.30413100868463516,0.18233912587165832
0.2861951214668959,0.21944903932755938,0.14888484922312237,44.64,-87787.75813953475,7.02,52672.654883720934,1.0,-0.17303994872890627,25.150000000000002,0.0,0.5455203,0.013770029,-0.3922029,0.46365609169006344,0.30413100868463516,0.18233912587165832
0.28741094330666567,0.21202106403516732,0.14853114693075928,43.739999999999995,-117964.80000000075,7.38,47185.92000000004,1.0,-0.06622516556291913,25.155,0.0,0.5455203,0.013770029,-0.3922029,0.46365609169006344,0.30413100868463516,0.18233912587165832
0.28827295182806745,0.21493231109812805,0.14844722670119737,43.019999999999996,-97416.09290322565,7.739999999999999,48708.04645161283,1.0,-0.1577806939909081,25.16,0.0,0.96680963,0.19353575,0.73833674,0.5900428891181946,0.3580607235431671,0.5215010225772857
0.2903654456743925,0.22334390091929054,0.14859331765354114,42.3,-88820.55529411751,7.92,22205.138823529487,1.0,-0.12726218451491178,25.165,0.0,0.96680963,0.19353575,0.73833674,0.5900428891181946,0.3580607235431671,0.5215010225772857
0.29144825221098014,0.21582733524716666,0.1480243726274603,41.58,-94371.83999999985,7.92,0.0,1.0,-0.17303994872890627,25.17,0.0,0.96680963,0.19353575,0.73833674,0.5900428891181946,0.3580607235431671,0.5215010225772857
0.29276713478217836,0.21128417242927297,0.14742899597809736,41.04,-75497.47199999988,7.739999999999999,-25165.824000000084,1.0,-0.035706656086922806,25.175,0.0,0.96680963,0.19353575,0.73833674,0.5900428891181946,0.3580607235431671,0.5215010225772857
0.29440939262172783,0.20593907291690752,0.14758370128522413,40.5,-75497.47199999988,7.38,-50331.64799999992,1.0,-0.17303994872890627,25.18,0.0,0.64244926,0.43094885,0.8089233,0.49273477792739867,0.429284656047821,0.5426769912242889
0.29577303185521014,0.21018713143050677,0.1470063140942484,40.14,-8.59155973325442,6.84,-12.88733959988165,1.0,0.17792291024505147,25.185000000000002,0.0,0.64244926,0.43094885,0.8089233,0.49273477792739867,0.429284656047821,0.5426769912242889
0.29616137273933707,0.2123028179370907,0.1464267103581195,39.96,-11614.995692307673,5.9399999999999995,-58074.978461538485,1.0,-0.08148442030091729,25.19,0.0,0.64244926,0.43094885,0.8089233,0.49273477792739867,0.429284656047821,0.5426769912242889
0.2974794975883567,0.2083324137793103,0.14555521426034196,39.78,-21570.706285714252,5.04,-107853.53142857137,1.0,-0.035706656086922806,25.195,0.0,0.64244926,0.43094885,0.8089233,0.49273477792739867,0.429284656047821,0.5426769912242889
0.29828215427880483,0.20911003743644707,0.1443280537925433,39.78,0.0,3.78,-39146.837333333344,1.0,-0.12726218451491178,25.2,0.0,0.6907767,-0.09113631,0.02900786,0.5072330117225646,0.272659108042717,0.30870235785841943
0.2985490560967057,0.20572864970102878,0.14148403405810364,39.96,23592.959999999963,2.34,-188743.68,1.0,0.23895992919704412,25.205000000000002,0.0,0.6907767,-0.09113631,0.02900786,0.5072330117225646,0.272659108042717,0.30870235785841943
0.29944715701323266,0.20607794866574175,0.13835125458686678,39.96,0.0,1.44,-104857.59999999999,1.0,-0.18829920346690443,25.21,0.0,0.6907767,-0.09113631,0.02900786,0.5072330117225646,0.272659108042717,0.30870235785841943
0.30108819624988603,0.2111597326557035,0.13639979038551517,39.6,-45756.04363636357,1.98,68634.06545454546,1.0,0.010071108127071682,25.215,0.0,0.6907767,-0.09113631,0.02900786,0.5072330117225646,0.272659108042717,0.30870235785841943
0.30324909329632876,0.2013624582240893,0.13573531705582295,39.42,-25165.82399999996,2.34,50331.64799999998,1.0,-0.035706656086922806,25.22,0.0,0.9026849,-1.0321758,-0.7046968,0.5708054780960082,0.0,0.08859096765518189
0.30563975392967613,0.20718435204286567,0.1352136551932388,39.42,0.0,2.52,4.191253698697063,1.0,-0.29511398663289157,25.225,0.0,0.9026849,-1.0321758,-0.7046968,0.5708054780960082,0.0,0.08859096765518189
0.31367528212739704,0.20556070896433368,0.13463285913859702,39.42,0.0,2.34,-13481.691428571441,1.0,-0.21881771294290076,25.23,0.0,0.9026849,-1.0321758,-0.7046968,0.5708054780960082,0.0,0.08859096765518189
0.3302325823691948,0.21142252275679987,0.13616020502583226,39.78,45756.04363636357,1.98,-45756.04363636362,1.0,-0.020447401348924643,25.235,0.0,0.9026849,-1.0321758,-0.7046968,0.5708054780960082,0.0,0.08859096765518189
0.3458352174850585,0.21509807841593886,0.14252694772401237,40.14,40809.44432432426,1.6199999999999999,-40809.44432432434,1.0,-0.11200292977691362,25.240000000000002,0.0,1.1986825,-1.6904228,-0.6617104,0.6,0.0,0.10148688554763793
0.35993442094321637,0.2305836455763073,0.151138306485976,40.68,70778.87999999989,1.6199999999999999,0.0,1.0,0.010071108127071682,25.245,0.0,1.1986825,-1.6904228,-0.6617104,0.6,0.0,0.10148688554763793
0.3752045821799728,0.23977684453649964,0.16147786348291732,41.4,91512.08727272713,1.6199999999999999,0.0,1.0,0.010071108127071682,25.25,0.0,1.1986825,-1.6904228,-0.6617104,0.6,0.0,0.10148688554763793
0.38797776710161125,0.24911799872008514,0.17773033490231782,42.3,31990.454237288086,1.6199999999999999,0.0,1.0,0.025330362865069844,25.255,0.0,1.1986825,-1.6904228,-0.6617104,0.6,0.0,0.10148688554763793
0.3975456826806628,0.2614059018992706,0.19510548179424847,43.199999999999996,114390.10909090891,1.6199999999999999,0.0,1.0,-0.08148442030091729,25.26,0.0,1.227344,-1.8444189,-0.35361418,0.6,0.0,0.19391574561595917
0.4063423572555543,0.2811933694530045,0.20995314624163092,44.46,165150.72000000067,1.6199999999999999,0.0,1.0,0.010071108127071682,25.265,0.0,1.227344,-1.8444189,-0.35361418,0.6,0.0,0.19391574561595917
0.4119478975256695,0.2904124332770274,0.22583043314416146,45.72,29.977838006477878,1.6199999999999999,0.0,1.0,-0.24933622241889708,25.27,0.0,1.227344,-1.8444189,-0.35361418,0.6,0.0,0.19391574561595917
0.41537926069714837,0.2923911221307936,0.24017873855451777,47.16,116149.95692307674,1.6199999999999999,0.0,1.0,0.17792291024505147,25.275000000000002,0.0,1.227344,-1.8444189,-0.35361418,0.6,0.0,0.19391574561595917
0.41868004501787526,0.30117536942587586,0.2509371263760252,48.78,194136.35657142912,1.6199999999999999,0.0,1.0,-0.1577806939909081,25.28,0.0,1.1825734,-1.7322398,-0.0017130077,0.6,0.0,0.2994860976934433
0.4214869195787415,0.3082150873659022,0.2602091474691025,50.22,183024.17454545427,1.6199999999999999,0.0,1.0,-0.21881771294290076,25.285,0.0,1.1825734,-1.7322398,-0.0017130077,0.6,0.0,0.2994860976934433
0.42354185452411236,0.30199481199072564,0.2671283091542423,51.839999999999996,226492.41599999965,1.6199999999999999,0.0,1.0,0.010071108127071682,25.29,0.0,1.1825734,-1.7322398,-0.0017130077,0.6,0.0,0.2994860976934433
0.4269846806957355,0.30414728530281276,0.2705166081665588,53.28,194832.18580645227,1.6199999999999999,0.0,1.0,-0.06622516556291913,25.295,0.0,1.1825734,-1.7322398,-0.0017130077,0.6,0.0,0.2994860976934433
0.43048622470890163,0.302990831847376,0.2711890459624361,54.72,56979.22415094331,1.7999999999999998,7122.403018867922,1.0,-0.11200292977691362,25.3,0.0,0.85193694,-1.2889887,0.49937186,0.5555810809135436,0.0,0.44981155693531033
0.433565005185487,0.31316075771971946,0.27142270239753447,55.98,155435.97176470564,1.98,22205.138823529433,1.0,-0.08148442030091729,25.305,0.0,0.85193694,-1.2889887,0.49937186,0.5555810809135436,0.0,0.44981155693531033
0.43714357808819215,0.30333526663496285,0.27210194970699925,57.239999999999995,29.083031340285565,2.16,4.154718762897948,1.0,-0.2798547318948934,25.310000000000002,0.0,0.85193694,-1.2889887,0.49937186,0.5555810809135436,0.0,0.44981155693531033
0.4418350870745778,0.2902949125416582,0.2707730357040993,58.5,94371.84000000039,2.34,13481.691428571407,1.0,-0.2035584582049026,25.315,0.0,0.85193694,-1.2889887,0.49937186,0.5555810809135436,0.0,0.44981155693531033
0.4459784276091187,0.2713462817415271,0.2695957847612054,59.58,125829.1199999998,2.34,0.0,1.0,-0.26459547715689524,25.32,0.0,0.7512387,-1.3083009,0.33100858,0.5253716111183167,0.0,0.39930257499217986
0.44959824342855526,0.25152068405491196,0.2696950960832054,60.839999999999996,170478.1625806449,2.16,-24354.023225806413,1.0,-0.020447401348924643,25.325,0.0,0.7512387,-1.3083009,0.33100858,0.5253716111183167,0.0,0.39930257499217986
0.45414574906139205,0.23086635108361397,0.2684436955472273,62.099999999999994,170478.1625806449,1.98,-24354.02322580647,1.0,-0.17303994872890627,25.330000000000002,0.0,0.7512387,-1.3083009,0.33100858,0.5253716111183167,0.0,0.39930257499217986
0.4577989185016629,0.20415824889981446,0.2676318389330093,63.36,160146.15272727338,1.6199999999999999,-45756.04363636365,1.0,0.05584887234106617,25.335,0.0,0.7512387,-1.3083009,0.33100858,0.5253716111183167,0.0,0.39930257499217986
0.4611387890258676,0.1776808041395478,0.26745455683877273,64.44,133230.83294117625,1.6199999999999999,0.0,1.0,0.1626636555070533,25.34,0.0,0.06094485,-1.3356854,-0.71972173,0.3182834554463625,0.0,0.08408347964286804
0.46538970523725887,0.16573116692823456,0.2665571644068607,65.7,170478.16258064585,1.6199999999999999,0.0,1.0,0.010071108127071682,25.345,0.0,0.06094485,-1.3356854,-0.71972173,0.3182834554463625,0.0,0.08408347964286804
0.4686086898001496,0.14151391538795138,0.26643656900624296,66.78,150994.94399999976,1.6199999999999999,0.0,1.0,-0.12726218451491178,25.35,0.0,0.06094485,-1.3356854,-0.71972173,0.3182834554463625,0.0,0.08408347964286804
0.471594785539782,0.1299833085275776,0.26615961657057424,68.03999999999999,30.637898581391486,1.6199999999999999,0.0,1.0,0.3305154576250331,25.355,0.0,0.06094485,-1.3356854,-0.71972173,0.3182834554463625,0.0,0.08408347964286804
0.47526302583382407,0.10681890878057822,0.26581049129293627,69.12,61214.16648648719,1.6199999999999999,0.0,1.0,-0.18829920346690443,25.36,0.0,-0.4135781,-0.93515396,-0.94354117,0.17592657208442689,0.019453811645507812,0.016937649250030516
0.47864100023411527,0.10317126933524458,0.26582196150992893,70.2,119206.53473684192,1.6199999999999999,0.0,1.0,-0.020447401348924643,25.365000000000002,0.0,-0.4135781,-0.93515396,-0.94354117,0.17592657208442689,0.019453811645507812,0.016937649250030516
0.4812128263889533,0.08820841219589916,0.265725135663131,71.28,141557.75999999978,1.6199999999999999,0.0,1.0,-0.17303994872890627,25.37,0.0,-0.4135781,-0.93515396,-0.94354117,0.17592657208442689,0.019453811645507812,0.016937649250030516
0.48397657189805465,0.08412742749718845,0.26573597528203624,72.53999999999999,170478.16258064393,1.6199999999999999,0.0,1.0,-0.26459547715689524,25.375,0.0,-0.4135781,-0.93515396,-0.94354117,0.17592657208442689,0.019453811645507812,0.016937649250030516
0.4868494712234467,0.07419638154504388,0.2667057323942759,73.44,114390.10909090981,1.6199999999999999,0.0,1.0,-0.06622516556291913,25.38,0.0,0.113392904,-0.62344265,-1.4273773,0.33401787132024763,0.11296720504760742,0.0
0.4886820005724349,0.05531127091585161,0.2673846121733348,74.52,133230.83294117625,1.6199999999999999,0.0,1.0,-0.1577806939909081,25.385,0.0,0.113392904,-0.62344265,-1.4273773,0.33401787132024763,0.11296720504760742,0.0
0.49048778692440154,0.03581994018926773,0.267217580210487,75.42,121770.11612903302,1.7999999999999998,24354.023225806442,1.0,0.025330362865069844,25.39,0.0,0.113392904,-0.62344265,-1.4273773,0.33401787132024763,0.11296720504760742,0.0
0.4923056154476618,0.026781227139424244,0.26968647628673725,76.14,16.27232200878301,1.7999999999999998,0.0,1.0,0.2847376934110386,25.395,0.0,0.113392904,-0.62344265,-1.4273773,0.33401787132024763,0.11296720504760742,0.0
0.4932863364842695,0.02507326439527192,0.2756182414052002,76.86,52067.222068965435,1.7999999999999998,0.0,1.0,-0.26459547715689524,25.400000000000002,0.0,0.9305521,-0.25732362,-1.3757116,0.5791656374931335,0.22280291318893433,0.0
0.49287189787689284,0.02754684486496173,0.2805366125260834,77.39999999999999,68634.06545454444,1.98,22878.021818181838,1.0,-0.1577806939909081,25.405,0.0,0.9305521,-0.25732362,-1.3757116,0.5791656374931335,0.22280291318893433,0.0
0.4932582469181205,0.025083954884957602,0.2810893225934134,77.94,19867.755789473915,2.16,6622.585263157901,1.0,-0.17303994872890627,25.41,0.0,0.9305521,-0.25732362,-1.3757116,0.5791656374931335,0.22280291318893433,0.0
0.4924810482909814,0.019953157492216284,0.2814565856378434,78.3,26033.611034482718,2.16,0.0,1.0,0.29999694814903677,25.415,0.0,0.9305521,-0.25732362,-1.3757116,0.5791656374931335,0.22280291318893433,0.0
0.49088203497440797,0.00975228317568445,0.28225803360492435,78.48,23592.960000000894,2.34,23592.959999999963,1.0,-0.05096591082492097,25.42,0.0,0.4887055,0.34775403,-1.134826,0.44661164581775664,0.4043262094259262,0.0
0.4897946605916744,0.004964519808441315,0.2815363970431196,78.66,22878.021818180878,2.34,0.0,1.0,-0.05096591082492097,25.425,0.0,0.4887055,0.34775403,-1.134826,0.44661164581775664,0.4043262094259262,0.0
0.48950395861793067,-0.0007590160796422976,0.28026673558634474,78.66,0.0,2.52,24354.02322580647,1.0,-0.12726218451491178,25.43,0.0,0.4887055,0.34775403,-1.134826,0.44661164581775664,0.4043262094259262,0.0
0.4873894311332684,0.006499664135767369,0.28074995944963854,78.66,0.0,2.52,0.0,1.0,0.0863673818170625,25.435000000000002,0.0,0.4887055,0.34775403,-1.134826,0.44661164581775664,0.4043262094259262,0.0
0.4860567575126475,0.006368407754663725,0.27975885630910213,78.66,0.0,2.52,0.0,1.0,-0.035706656086922806,25.44,0.0,-0.13355888,0.6719476,-0.7608998,0.2599323347210884,0.5015842795372009,0.07173006534576416
0.4860817399665809,0.01614072974460737,0.276437121204239,78.48,-13481.691428570875,2.34,-13481.691428571441,1.0,-0.020447401348924643,25.445,0.0,-0.13355888,0.6719476,-0.7608998,0.2599323347210884,0.5015842795372009,0.07173006534576416
0.4845924801977336,0.006516956917702894,0.2715834329880163,78.48,0.0,2.16,-4839.581538461531,1.0,-0.23407696768089892,25.45,0.0,-0.13355888,0.6719476,-0.7608998,0.2599323347210884,0.5015842795372009,0.07173006534576416
0.4781020646741668,-0.006941440083846944,0.2668569290955744,78.11999999999999,-40809.44432432587,1.98,-20404.72216216218,1.0,-0.11200292977691362,25.455000000000002,0.0,-0.13355888,0.6719476,-0.7608998,0.2599323347210884,0.5015842795372009,0.07173006534576416
0.47035591803791393,0.00033974221789865883,0.2578780947122393,77.75999999999999,-48708.04645161283,1.98,0.0,1.0,-0.2035584582049026,25.46,0.0,-0.30754596,0.34823442,-0.46343395,0.20773621201515197,0.4044703245162964,0.16096981465816498
0.4653107107243574,0.005027988188210288,0.2435895727932564,77.39999999999999,-45756.04363636357,1.98,0.0,1.0,-0.06622516556291913,25.465,0.0,-0.30754596,0.34823442,-0.46343395,0.20773621201515197,0.4044703245162964,0.16096981465816498
0.4634567539466086,0.029419326411078653,0.22640733631346643,76.86,-73062.06967741827,1.98,0.0,1.0,-0.2035584582049026,25.47,0.0,-0.30754596,0.34823442,-0.46343395,0.20773621201515197,0.4044703245162964,0.16096981465816498
0.4624068709289574,0.05462342279200239,0.20761667948554283,76.32,-37748.736000000434,2.16,12582.912000000011,1.0,0.04058961760306801,25.475,0.0,-0.30754596,0.34823442,-0.46343395,0.20773621201515197,0.4044703245162964,0.16096981465816498
0.4618665605044911,0.06438603295142782,0.18894180121053583,75.6,-16.379734444155144,2.34,4.094933611038786,1.0,0.04058961760306801,25.48,0.0,0.11961353,-0.056251124,-1.0095522,0.33588405847549435,0.2831246629357338,0.0
0.462594085373334,0.08315684506710744,0.17064210532233193,74.88,-55924.05333333324,2.6999999999999997,27962.026666666658,1.0,-0.14252143925290994,25.485,0.0,0.11961353,-0.056251124,-1.0095522,0.33588405847549435,0.2831246629357338,0.0
0.46320386205012065,0.08230554709411728,0.15301865149513344,73.98,-121770.1161290311,3.06,48708.04645161294,1.0,-0.11200292977691362,25.490000000000002,0.0,0.11961353,-0.056251124,-1.0095522,0.33588405847549435,0.2831246629357338,0.0
0.4638453455966138,0.09405772498964309,0.13651041427486335,73.25999999999999,-97416.09290322757,3.2399999999999998,24354.023225806413,1.0,0.04058961760306801,25.495,0.0,0.11961353,-0.056251124,-1.0095522,0.33588405847549435,0.2831246629357338,0.0
0.4647106857088565,0.11372624507695686,0.12181825845472734,72.53999999999999,-104134.44413793087,3.5999999999999996,52067.2220689655,1.0,-0.12726218451491178,25.5,0.0,0.40267754,-0.63744795,-0.9743873,0.42080326080322267,0.10876561403274536,0.007683813571929932
0.46530173256800955,0.13317680811472257,0.10787353547387357,71.64,-130168.05517241255,3.78,26033.611034482783,1.0,-0.29511398663289157,25.505,0.0,0.40267754,-0.63744795,-0.9743873,0.42080326080322267,0.10876561403274536,0.007683813571929932
0.46620587761894106,0.14335986998727832,0.09732036934726379,70.74,-117964.80000000075,4.14,47185.919999999984,1.0,-0.005188146610926481,25.51,0.0,0.40267754,-0.63744795,-0.9743873,0.42080326080322267,0.10876561403274536,0.007683813571929932
0.4646861734385374,0.1727051273087708,0.08693965199202967,69.84,-125829.1199999988,4.5,50331.648000000045,1.0,0.11688589129305882,25.515,0.0,0.40267754,-0.63744795,-0.9743873,0.42080326080322267,0.10876561403274536,0.007683813571929932
0.45615524134921737,0.18555226635074404,0.08042470095212005,68.75999999999999,-47185.920000000544,4.859999999999999,15728.639999999976,1.0,-0.2035584582049026,25.52,0.0,-0.43134752,-0.5817902,-0.9330797,0.1705957442522049,0.1254629373550415,0.02007608413696289
0.44682031606646017,0.20778597930657042,0.07536024465847281,67.67999999999999,-24.42203728663694,5.3999999999999995,12.21101864331849,1.0,-0.24933622241889708,25.525000000000002,0.0,-0.43134752,-0.5817902,-0.9330797,0.1705957442522049,0.1254629373550415,0.02007608413696289
0.43697550259406215,0.23109382800939304,0.07300308143694141,66.24,-97416.09290322565,6.12,48708.04645161294,1.0,-0.23407696768089892,25.53,0.0,-0.43134752,-0.5817902,-0.9330797,0.1705957442522049,0.1254629373550415,0.02007608413696289
0.42073046891838134,0.2422640003211463,0.07124810768569419,64.8,-118427.40705882334,7.199999999999999,88820.55529411758,1.0,-0.11200292977691362,25.535,0.0,-0.43134752,-0.5817902,-0.9330797,0.1705957442522049,0.1254629373550415,0.02007608413696289
0.4039786308378383,0.24311425324969782,0.07169224934482059,63.0,-228780.21818181782,8.28,137268.13090909092,1.0,-0.08148442030091729,25.54,0.0,0.19910458,-0.5456668,0.54284304,0.35973137319087983,0.13629995584487914,0.4628529131412506
0.3893424289605944,0.27202950920127367,0.07162052361504019,61.019999999999996,-276824.06400000054,9.9,226492.41600000014,1.0,-0.005188146610926481,25.545,0.0,0.19910458,-0.5456668,0.54284304,0.35973137319087983,0.13629995584487914,0.4628529131412506
0.37577697489867057,0.2789249127040504,0.07181850965468757,58.86,-283115.51999999955,11.52,212336.6399999999,1.0,-0.2798547318948934,25.55,0.0,0.19910458,-0.5456668,0.54284304,0.35973137319087983,0.13629995584487914,0.4628529131412506
0.36546921244742225,0.2913456426001641,0.07180366926286831,56.699999999999996,-283115.5200000005,13.139999999999999,212336.6399999999,1.0,-0.035706656086922806,25.555,0.0,0.19910458,-0.5456668,0.54284304,0.35973137319087983,0.13629995584487914,0.4628529131412506
0.35932760117683815,0.29294452664405596,0.07118332438555683,54.54,-292248.27870967693,14.94,243540.2322580646,1.0,-0.2798547318948934,25.560000000000002,0.0,-0.2302706,-0.3050732,-1.2316265,0.23091882169246672,0.20847803950309754,0.0
0.3571949107320799,0.2927859095950571,0.0712948330344151,52.379999999999995,-301989.8880000005,16.38,201326.59199999992,1.0,-0.035706656086922806,25.565,0.0,-0.2302706,-0.3050732,-1.2316265,0.23091882169246672,0.20847803950309754,0.0
0.35659080846091606,0.29137866326226336,0.0719142301309824,50.22,-52.97262778758777,17.64,30.900699542759618,1.0,-0.3256324961088879,25.57,0.0,-0.2302706,-0.3050732,-1.2316265,0.23091882169246672,0.20847803950309754,0.0
0.35644818632145525,0.2846882460298645,0.07007116417699777,48.42,-132451.7052631577,18.54,66225.85263157885,1.0,-0.06622516556291913,25.575,0.0,-0.2302706,-0.3050732,-1.2316265,0.23091882169246672,0.20847803950309754,0.0
0.3581740069120916,0.28601109258098056,0.06624909258664703,46.8,-205902.19636363693,18.9,45756.04363636357,1.0,-0.05096591082492097,25.580000000000002,0.0,0.5936072,-0.38520965,-1.6777991,0.4780821561813354,0.1844371050596237,0.0
0.36045000144394096,0.2833770021861989,0.04952733120433231,45.54,-176160.76799999972,18.9,0.0,1.0,0.04058961760306801,25.585,0.0,0.5936072,-0.38520965,-1.6777991,0.4780821561813354,0.1844371050596237,0.0
0.3620779991412614,0.2865412070542852,0.043917102610488035,44.64,-39321.59999999994,18.36,-23592.959999999963,1.0,-0.1577806939909081,25.59,0.0,0.5936072,-0.38520965,-1.6777991,0.4780821561813354,0.1844371050596237,0.0
0.36185032123903194,0.286923985901109,0.042995768204716504,43.92,-91512.08727272713,17.28,-137268.1309090907,1.0,0.11688589129305882,25.595,0.0,0.5936072,-0.38520965,-1.6777991,0.4780821561813354,0.1844371050596237,0.0
0.35769884428255505,0.2807276879297256,0.026681501783371756,43.559999999999995,-48708.04645161379,16.02,-170478.16258064538,1.0,-0.1577806939909081,25.6,0.0,0.5244504,-0.16725186,-2.0460594,0.45733512639999385,0.2498244434595108,0.0
0.3523376651018653,0.2869827363587069,0.02413436719348326,43.559999999999995,0.0,14.219999999999999,-251658.2400000001,1.0,-0.34089175084688605,25.605,0.0,0.5244504,-0.16725186,-2.0460594,0.45733512639999385,0.2498244434595108,0.0
0.3477505306212114,0.2895268956164647,0.026354153037990814,43.559999999999995,0.0,12.059999999999999,-48.738966871456086,1.0,-0.14252143925290994,25.61,0.0,0.5244504,-0.16725186,-2.0460594,0.45733512639999385,0.2498244434595108,0.0
0.3436185940627019,0.2890306504235547,0.021885179434568917,43.739999999999995,10066.329599999985,9.54,-140928.61439999996,1.0,0.04058961760306801,25.615000000000002,0.0,0.5244504,-0.16725186,-2.0460594,0.45733512639999385,0.2498244434595108,0.0
0.34095597453249044,0.28805841714898744,0.026527124246794244,44.1,40809.444324325064,7.02,-285666.1102702702,1.0,-0.26459547715689524,25.62,0.0,0.518582,0.23455757,-1.9460846,0.4555745959281921,0.3703672707080841,0.0
0.33736292748781355,0.2806805128867803,0.04105881520469292,44.64,16902.419104477583,4.32,-84512.09552238804,1.0,-0.18829920346690443,25.625,0.0,0.518582,0.23455757,-1.9460846,0.4555745959281921,0.3703672707080841,0.0
0.3316993130545373,0.2787466231848595,0.04726540246486133,45.18,70778.87999999989,1.6199999999999999,-353894.4,1.0,0.04058961760306801,25.63,0.0,0.518582,0.23455757,-1.9460846,0.4555745959281921,0.3703672707080841,0.0
0.3272323987819377,0.269042840999021,0.04480924264903293,44.46,-86282.82514285701,1.6199999999999999,0.0,1.0,0.22370067445904596,25.635,0.0,0.518582,0.23455757,-1.9460846,0.4555745959281921,0.3703672707080841,0.0
0.3240499171937959,0.25548115355438705,0.05541961225843411,43.92,-68634.06545454534,2.88,160146.15272727274,1.0,-0.26459547715689524,25.64,0.0,0.7598052,0.62372196,-0.68910384,0.5279415607452392,0.4871165871620178,0.09326884746551513
0.32018528759204545,0.24848793633822047,0.05177020575419271,43.379999999999995,-73062.06967742021,3.78,121770.11612903225,1.0,-0.14252143925290994,25.645,0.0,0.7598052,0.62372196,-0.68910384,0.5279415607452392,0.4871165871620178,0.09326884746551513
0.31731197625592594,0.2428517661506893,0.05271322220440556,43.019999999999996,-25592.36338983047,4.5,51184.72677966103,1.0,-0.005188146610926481,25.650000000000002,0.0,0.7598052,0.62372196,-0.68910384,0.5279415607452392,0.4871165871620178,0.09326884746551513
0.31512054322869676,0.24944163636688435,0.06443185634015326,42.66,-8.733736139790716,5.22,17.467472279581454,1.0,0.1626636555070533,25.655,0.0,0.7598052,0.62372196,-0.68910384,0.5279415607452392,0.4871165871620178,0.09326884746551513
0.3150873000261441,0.23024479562731742,0.06509856670075637,42.48,-10202.361081081064,5.58,20404.72216216218,1.0,-0.2798547318948934,25.66,0.0,0.804688,0.70405364,0.74322295,0.5414063930511475,0.5112160921096801,0.5229668855667114
0.3162309824213022,0.2272704801356841,0.06488324038574068,42.3,-20971.519999999968,5.76,20971.519999999968,1.0,0.10162663655506066,25.665,0.0,0.804688,0.70405364,0.74322295,0.5414063930511475,0.5112160921096801,0.5229668855667114
0.3164656350286504,0.2324667462395274,0.06487654890688882,42.3,0.0,5.58,-22205.138823529378,1.0,-0.23407696768089892,25.67,0.0,0.804688,0.70405364,0.74322295,0.5414063930511475,0.5112160921096801,0.5229668855667114
0.3186100980894587,0.237797132015025,0.05675537834953247,42.48,23592.959999999963,5.22,-47185.92000000004,1.0,-0.005188146610926481,25.675,0.0,0.804688,0.70405364,0.74322295,0.5414063930511475,0.5112160921096801,0.5229668855667114
0.31991688701097476,0.23969674753320577,0.05460359864528494,42.66,20971.519999999968,4.68,-62914.560000000005,1.0,0.04058961760306801,25.68,0.0,0.4133438,0.81581175,1.5317204,0.4240031361579895,0.544743525981903,0.6
0.319804066722564,0.2387133327835344,0.04115151516816212,43.019999999999996,45756.04363636357,4.14,-68634.06545454546,1.0,-0.1577806939909081,25.685000000000002,0.0,0.4133438,0.81581175,1.5317204,0.4240031361579895,0.544743525981903,0.6
0.32082694376246146,0.2323632210952351,0.040263819720015,43.379999999999995,52067.222068965435,3.42,-104134.444137931,1.0,-0.12726218451491178,25.69,0.0,0.4133438,0.81581175,1.5317204,0.4240031361579895,0.544743525981903,0.6
0.32511954223653583,0.22887682529973513,0.0338130910427063,43.739999999999995,8.170677864297259,2.52,-20.426694660743177,1.0,0.05584887234106617,25.695,0.0,0.4133438,0.81581175,1.5317204,0.4240031361579895,0.544743525981903,0.6
0.32968981293600036,0.23344914567430158,0.020357203183611807,44.28,15728.640000000181,1.6199999999999999,-26214.400000000005,1.0,-0.020447401348924643,25.7,0.0,-0.13615532,0.81716967,1.5095071,0.25915340334177017,0.545150899887085,0.6
0.3345621013632266,0.24642625780570074,0.019175261713213404,44.46,20971.519999999968,1.6199999999999999,0.0,1.0,0.010071108127071682,25.705000000000002,0.0,-0.13615532,0.81716967,1.5095071,0.25915340334177017,0.545150899887085,0.6
0.3459353332984878,0.25348788285223883,0.012924017443489576,44.82,45756.04363636357,1.7999999999999998,22878.02181818181,1.0,-0.035706656086922806,25.71,0.0,-0.13615532,0.81716967,1.5095071,0.25915340334177017,0.545150899887085,0.6
0.35963477951766853,0.2568382622983955,0.01784416236682563,45.18,50331.64799999992,1.7999999999999998,0.0,1.0,-0.09674367503891546,25.715,0.0,-0.13615532,0.81716967,1.5095071,0.25915340334177017,0.545150899887085,0.6
0.37058363006838396,0.26781434736193604,0.022013323301461246,45.72,75497.47199999988,1.6199999999999999,-25165.82399999999,1.0,-0.23407696768089892,25.72,0.0,-0.15036304,0.66816306,1.7031302,0.25489108711481095,0.5004489183425903,0.6
0.3828638975515334,0.28560352775468784,0.008299484475291106,46.26,73062.06967741923,1.6199999999999999,0.0,1.0,-0.3256324961088879,25.725,0.0,-0.15036304,0.66816306,1.7031302,0.25489108711481095,0.5004489183425903,0.6
0.395174828805938,0.2954732589987598,0.025828179119691177,46.98,60397.977599999904,1.6199999999999999,0.0,1.0,-0.43244727927487503,25.73,0.0,-0.15036304,0.66816306,1.7031302,0.25489108711481095,0.5004489183425903,0.6
0.40445062945973836,0.3175063247995643,0.04379653685201449,47.699999999999996,104134.44413793087,1.6199999999999999,0.0,1.0,0.04058961760306801,25.735,0.0,-0.15036304,0.66816306,1.7031302,0.25489108711481095,0.5004489183425903,0.6
0.4124134701254089,0.3284400962691802,0.0584683602355407,48.42,17.644852613804492,1.6199999999999999,0.0,1.0,-0.17303994872890627,25.740000000000002,0.0,0.14997113,1.0618794,2.4824455,0.34499133825302125,0.6,0.6
0.4204084599343735,0.3381230109615678,0.07075261830062923,49.14,55924.05333333324,1.6199999999999999,0.0,1.0,-0.020447401348924643,25.745,0.0,0.14997113,1.0618794,2.4824455,0.34499133825302125,0.6,0.6
0.4262661108187609,0.3561671027615566,0.089159372703847,49.86,33185.70197802193,1.7999999999999998,8296.42549450549,1.0,-0.08148442030091729,25.75,0.0,0.14997113,1.0618794,2.4824455,0.34499133825302125,0.6,0.6
0.4301640473371711,0.36310348948955984,0.10001483375986028,50.22,44410.277647058756,2.16,44410.277647058865,1.0,0.22370067445904596,25.755,0.0,0.14997113,1.0618794,2.4824455,0.34499133825302125,0.6,0.6
0.4325362750139909,0.3688772618506806,0.11349019982835895,50.4,14803.425882352918,2.88,59213.703529411745,1.0,-0.035706656086922806,25.76,0.0,-0.29536363,1.5873696,2.8436522,0.21139090955257414,0.6,0.6
0.4343132030456461,0.3678232137257997,0.13515946317157057,50.4,0.0,3.78,114390.10909090909,1.0,-0.12726218451491178,25.765,0.0,-0.29536363,1.5873696,2.8436522,0.21139090955257414,0.6,0.6
0.43389600112097226,0.3822714179979879,0.15366874847901416,50.4,0.0,4.859999999999999,137268.13090909086,1.0,-0.21881771294290076,25.77,0.0,-0.29536363,1.5873696,2.8436522,0.21139090955257414,0.6,0.6
0.4329507927635398,0.3918569009671277,0.16863822525207944,50.22,-23592.959999999963,6.12,165150.7200000001,1.0,-0.11200292977691362,25.775000000000002,0.0,-0.29536363,1.5873696,2.8436522,0.21139090955257414,0.6,0.6
0.4338007112781729,0.4051451754490884,0.1854374189888831,49.86,-8.183209442981159,7.199999999999999,24.5496283289435,1.0,-0.14252143925290994,25.78,0.0,-1.0700257,2.147321,2.208458,0.0,0.6,0.6
0.43271976616049007,0.4028710732837029,0.2022136494003136,49.5,-27962.02666666662,8.459999999999999,97867.09333333332,1.0,0.04058961760306801,25.785,0.0,-1.0700257,2.147321,2.208458,0.0,0.6,0.6
0.43190096799810096,0.41290199811865436,0.21593895638659316,49.14,-47185.919999999925,9.36,117964.80000000005,1.0,-0.2798547318948934,25.79,0.0,-1.0700257,2.147321,2.208458,0.0,0.6,0.6
0.4322793330750859,0.4120507319094603,0.23094142320586641,48.96,-25165.82399999996,10.08,100663.29600000009,1.0,-0.14252143925290994,25.795,0.0,-1.0700257,2.147321,2.208458,0.0,0.6,0.6
0.4314946863014148,0.42866650700901865,0.24662474077886473,48.78,-24354.023225806413,10.62,73062.06967741923,1.0,-0.11200292977691362,25.8,0.0,-1.4411426,1.7000084,1.8898894,0.0,0.6,0.6
0.4302096051085498,0.43480144156652406,0.2594788605078697,48.6,-22205.138823529378,10.62,0.0,1.0,-0.005188146610926481,25.805,0.0,-1.4411426,1.7000084,1.8898894,0.0,0.6,0.6
0.43030712383902037,0.44208175355258705,0.2729448350812438,48.6,0.0,10.26,-48708.04645161283,1.0,-0.020447401348924643,25.810000000000002,0.0,-1.4411426,1.7000084,1.8898894,0.0,0.6,0.6
0.42870870544632483,0.44364670125397926,0.2870501274429957,48.6,0.0,9.54,-97416.09290322589,1.0,0.04058961760306801,25.815,0.0,-1.4411426,1.7000084,1.8898894,0.0,0.6,0.6
0.4229495144778712,0.44202927594558505,0.2988841139208118,48.78,25165.82399999996,8.64,-125829.1199999998,1.0,-0.06622516556291913,25.82,0.0,-1.3945903,0.26679155,1.9116167,0.0,0.38003746569156643,0.6
0.4163225040477286,0.4381620210121742,0.3100626648432974,48.78,0.0,7.199999999999999,-34.84324491467737,1.0,-0.005188146610926481,25.825,0.0,-1.3945903,0.26679155,1.9116167,0.0,0.38003746569156643,0.6
0.41101091677687907,0.44671709276101923,0.32274577519757874,48.78,0.0,5.76,-118427.40705882349,1.0,-0.18829920346690443,25.830000000000002,0.0,-1.3945903,0.26679155,1.9116167,0.0,0.38003746569156643,0.6
0.40149734436550283,0.4507440265668097,0.3332815154020887,48.6,-7703.8236734693755,4.14,-69334.41306122449,1.0,0.010071108127071682,25.835,0.0,-1.3945903,0.26679155,1.9116167,0.0,0.38003746569156643,0.6
0.3870304013328348,0.44532442527200294,0.34315127990996364,48.239999999999995,-47185.92000000086,2.52,-212336.63999999996,1.0,-0.035706656086922806,25.84,0.0,0.11865045,-1.118532,1.6303133,0.3355951353907585,0.0,0.6
0.37484252438452403,0.45322603525103816,0.35397669071054066,47.519999999999996,-97416.09290322565,1.44,-146124.13935483873,1.0,-0.1577806939909081,25.845,0.0,0.11865045,-1.118532,1.6303133,0.3355951353907585,0.0,0.6
0.36185095105709497,0.44582717370968705,0.3645443156081502,46.08,-188743.6799999997,1.7999999999999998,47185.919999999984,1.0,-0.3256324961088879,25.85,0.0,0.11865045,-1.118532,1.6303133,0.3355951353907585,0.0,0.6
0.34627804625676234,0.44148546764635754,0.3734276531840847,44.64,-183024.17454545427,2.52,91512.0872727273,1.0,-0.06622516556291913,25.855,0.0,0.11865045,-1.118532,1.6303133,0.3355951353907585,0.0,0.6
0.3318739007703994,0.4482220449218187,0.3833936676054486,42.66,-276824.06400000054,2.88,50331.64799999998,1.0,-0.1577806939909081,25.86,0.0,1.631964,-1.4566139,-1.0429478,0.6,0.0,0.0
0.3188360030302736,0.44985859369389714,0.3925547514829711,41.04,-36.75074899398549,2.6999999999999997,-4.083416554887287,1.0,-0.14252143925290994,25.865000000000002,0.0,1.631964,-1.4566139,-1.0429478,0.6,0.0,0.0
0.30201260423064025,0.44720081618547514,0.3999370520506176,39.059999999999995,-122128.26352941201,1.98,-44410.27764705881,1.0,-0.18829920346690443,25.87,0.0,1.631964,-1.4566139,-1.0429478,0.6,0.0,0.0
0.2830347965086326,0.44847427542071955,0.40733669196748407,36.9,-92445.88408163251,1.44,-23111.471020408164,1.0,-0.12726218451491178,25.875,0.0,1.631964,-1.4566139,-1.0429478,0.6,0.0,0.0
0.26114233788945773,0.4486448818330898,0.41497387932191354,34.379999999999995,-285666.1102702706,1.6199999999999999,20404.722162162154,1.0,-0.21881771294290076,25.88,8.522882461547852,1.5791861,-0.4821662,-0.47014526,0.6,0.15535013973712922,0.15895642340183258
0.24000649269084856,0.44792748530038595,0.4204986244931825,31.86,-340956.3251612898,1.44,-24354.023225806442,1.0,-0.1577806939909081,25.885,8.522882461547852,1.5791861,-0.4821662,-0.47014526,0.6,0.15535013973712922,0.15895642340183258
0.21763065450258343,0.44888672147131503,0.42662476073193406,29.16,-390504.1655172413,1.6199999999999999,26033.61103448275,1.0,-0.06622516556291913,25.89,8.522882461547852,1.5791861,-0.4821662,-0.47014526,0.6,0.15535013973712922,0.15895642340183258
0.19737285395008117,0.4505043608153033,0.4326028720274983,26.279999999999998,-355282.2211764709,1.44,-22205.138823529403,1.0,-0.020447401348924643,25.895,8.522882461547852,1.5791861,-0.4821662,-0.47014526,0.6,0.15535013973712922,0.15895642340183258
0.1773035809706473,0.4461952528313298,0.4372280741974718,23.22,-427819.0079999998,1.44,0.0,1.0,-0.21881771294290076,25.900000000000002,20.0,0.9554708,-0.72968554,-1.5181843,0.586641240119934,0.08109433650970459,0.0
0.15996250761061212,0.44300277196098314,0.44177005610508724,20.16,-442571.3875862067,1.44,0.0,1.0,-0.18829920346690443,25.905,20.0,0.9554708,-0.72968554,-1.5181843,0.586641240119934,0.08109433650970459,0.0
0.14384208778911578,0.43831302877025663,0.4468557933339395,17.099999999999998,-74.18826728323705,1.44,0.0,1.0,-0.1577806939909081,25.91,20.0,0.9554708,-0.72968554,-1.5181843,0.586641240119934,0.08109433650970459,0.0
0.13757875649446394,0.443679241006762,0.4503958526399875,14.04,-127074.95287128708,1.44,0.0,1.0,-0.18829920346690443,25.915,20.0,0.9554708,-0.72968554,-1.5181843,0.586641240119934,0.08109433650970459,0.0
0.13742447388890675,0.4406542484239811,0.4538540504098889,11.16,-83307.5553103448,1.44,0.0,1.0,-0.1577806939909081,25.92,8.522882461547852,1.142401,-0.8868357,-1.2255031,0.6,0.033949291706085204,0.0
0.13735891783447088,0.43822052688636565,0.4581929603304814,8.28,-274536.2618181819,1.44,0.0,1.0,-0.05096591082492097,25.925,8.522882461547852,1.142401,-0.8868357,-1.2255031,0.6,0.033949291706085204,0.0
0.1407807502589855,0.4290070157301148,0.4614604328182656,5.76,-293601.27999999997,1.6199999999999999,20971.519999999993,1.0,25.79821161534469,25.93,8.522882461547852,1.142401,-0.8868357,-1.2255031,0.6,0.033949291706085204,0.0
0.15011018897359468,0.4151459287706011,0.4618918866247493,4.14,-174224.93538461538,6.12,483958.1538461539,1.0,0.4525894955290184,25.935000000000002,8.522882461547852,1.142401,-0.8868357,-1.2255031,0.6,0.033949291706085204,0.0
0.1623611745906893,0.4029136850274069,0.4617995435968989,3.96,-18874.36799999997,6.66,56623.10400000001,1.0,1.551255836664943,25.94,0.0,1.0370435,-1.3610231,-1.9285558,0.6,0.0,0.0
0.1721505258195003,0.3751069673553993,0.462019327769995,4.859999999999999,62914.55999999996,4.5,-150994.94400000002,1.0,-0.7223731192968401,25.945,0.0,1.0370435,-1.3610231,-1.9285558,0.6,0.0,0.0
0.19044326935631067,0.3359335363569125,0.4596676328616184,7.02,283115.52,1.44,-401080.32,1.0,7.120883816034439,25.95,0.0,1.0370435,-1.3610231,-1.9285558,0.6,0.0,0.0
0.21012165747204156,0.315124291020757,0.45587270135184643,8.459999999999999,33.08028130134734,1.6199999999999999,4.135035162668418,1.0,0.6204412976469982,25.955000000000002,0.0,1.0370435,-1.3610231,-1.9285558,0.6,0.0,0.0
0.22534824310555304,0.29007211064281185,0.4534677487154808,10.98,113652.10838709683,1.44,-8118.007741935481,1.0,0.19318216498304963,25.96,0.0,1.1113892,-1.8419448,-1.1155332,0.6,0.0,0.0
0.24237727228209782,0.26959807312728357,0.448770386811681,13.32,239382.2282926829,1.44,0.0,1.0,0.5899227881710019,25.965,0.0,1.1113892,-1.8419448,-1.1155332,0.6,0.0,0.0
0.26140817174265113,0.25094332911178513,0.43528681690994325,16.02,323560.5942857142,1.44,0.0,1.0,-0.2798547318948934,25.97,0.0,1.1113892,-1.8419448,-1.1155332,0.6,0.0,0.0
0.275055939058384,0.2175806977839079,0.41841798822441895,19.08,388926.37090909074,1.6199999999999999,22878.02181818181,1.0,0.6509598071229945,25.975,0.0,1.1113892,-1.8419448,-1.1155332,0.6,0.0,0.0
0.28902576837740385,0.20383323583249105,0.40340396101187476,22.32,377487.3600000002,1.6199999999999999,0.0,1.0,-0.6613361003448475,25.98,0.0,0.7263633,-1.4610485,-1.5988625,0.5179089903831482,0.0,0.0
0.3049711682189977,0.1905276823026699,0.3861416958006602,25.74,448266.23999999976,1.6199999999999999,0.0,1.0,0.31525620288703493,25.985,0.0,0.7263633,-1.4610485,-1.5988625,0.5179089903831482,0.0,0.0
0.31739848266428555,0.18275025167162628,0.3655795900216933,29.16,462726.4412903228,1.6199999999999999,0.0,1.0,-0.9817804498428089,25.990000000000002,0.0,0.7263633,-1.4610485,-1.5988625,0.5179089903831482,0.0,0.0
0.32936220638574465,0.17829402104014905,0.3418439087414455,32.94,87.18192582002139,1.6199999999999999,0.0,1.0,0.5899227881710019,25.995,0.0,0.7263633,-1.4610485,-1.5988625,0.5179089903831482,0.0,0.0
0.34307157130383475,0.18530601295727867,0.3165045401241049,36.72,220200.96000000008,1.6199999999999999,0.0,1.0,-0.6918546098208438,26.0,0.0,0.5815966,-1.3930488,-1.5816702,0.4744789838790893,0.0,0.0
0.3545428022310621,0.18247360466380808,0.29123325579625603,40.5,428499.1654054055,1.6199999999999999,0.0,1.0,0.31525620288703493,26.005,0.0,0.5815966,-1.3930488,-1.5816702,0.4744789838790893,0.0,0.0
0.36443748807875054,0.17789349144099786,0.26622352454677584,44.46,519045.1200000001,1.6199999999999999,0.0,1.0,-0.41718802453687687,26.01,0.0,0.5815966,-1.3930488,-1.5816702,0.4744789838790893,0.0,0.0
0.3756511993853971,0.17646109867380344,0.24230304184571075,48.42,553648.1280000001,1.6199999999999999,0.0,1.0,-0.06622516556291913,26.015,0.0,0.5815966,-1.3930488,-1.5816702,0.4744789838790893,0.0,0.0
0.3856289019730459,0.16683004610877364,0.21903458462849257,52.379999999999995,519045.1199999992,1.7999999999999998,23592.959999999992,1.0,0.0863673818170625,26.02,0.0,0.7968347,-1.5975829,-0.38409963,0.5390504121780395,0.0,0.18477011024951934
0.3943137620427301,0.16250876945275627,0.1979727414143128,56.339999999999996,553648.1280000001,1.7999999999999998,0.0,1.0,-0.4477065340128732,26.025000000000002,0.0,0.7968347,-1.5975829,-0.38409963,0.5390504121780395,0.0,0.18477011024951934
0.4036038064618048,0.14885593070419445,0.17799466572329556,60.3,519045.1200000001,1.7999999999999998,0.0,1.0,0.42207098605302207,26.03,0.0,0.7968347,-1.5975829,-0.38409963,0.5390504121780395,0.0,0.18477011024951934
0.4117207914408076,0.13395671129595751,0.1604376895818764,64.08,495452.16000000015,1.7999999999999998,0.0,1.0,-0.2035584582049026,26.035,0.0,0.7968347,-1.5975829,-0.38409963,0.5390504121780395,0.0,0.18477011024951934
0.4190351726947232,0.12103470056808267,0.1436169618745028,67.67999999999999,86.26409351112316,1.98,4.313204675556169,1.0,0.010071108127071682,26.04,0.0,0.1077541,-1.1120466,-1.025011,0.33232622891664504,0.0,0.0
0.4268781613261123,0.1113894695837244,0.12896779369404143,71.28,86282.82514285734,2.34,8628.282514285711,1.0,-0.29511398663289157,26.045,0.0,0.1077541,-1.1120466,-1.025011,0.33232622891664504,0.0,0.0
0.43433328809078864,0.09721634251835282,0.11532078030014635,74.7,235156.06032786897,2.88,37129.90426229509,1.0,0.14740440076905514,26.05,0.0,0.1077541,-1.1120466,-1.025011,0.33232622891664504,0.0,0.0
0.44063887938934726,0.08570374781930075,0.10401772738181563,77.75999999999999,401080.31999999844,3.78,117964.79999999999,1.0,-0.38666951506088054,26.055,0.0,0.1077541,-1.1120466,-1.025011,0.33232622891664504,0.0,0.0
0.4466753077913695,0.07915862386347286,0.09194304280491354,80.64,377487.36000000127,5.04,165150.72000000003,1.0,-0.18829920346690443,26.060000000000002,0.0,0.34646222,-1.2760999,0.18595637,0.4039386659860611,0.0,0.35578691214323044
0.4518521611207306,0.07312005555916289,0.08199929617243674,82.98,288666.8047058828,6.84,222051.3882352941,1.0,-0.17303994872890627,26.065,0.0,0.34646222,-1.2760999,0.18595637,0.4039386659860611,0.0,0.35578691214323044
0.45544543075092153,0.06285068600667836,0.07241995765532343,84.78,222051.38823529377,9.18,288666.8047058823,1.0,-0.17303994872890627,26.07,0.0,0.34646222,-1.2760999,0.18595637,0.4039386659860611,0.0,0.35578691214323044
0.45844302774942847,0.05056173742407294,0.058937765861964524,86.22,194832.1858064513,12.24,414018.39483870973,1.0,0.19318216498304963,26.075,0.0,0.34646222,-1.2760999,0.18595637,0.4039386659860611,0.0,0.35578691214323044
0.46065780215078866,0.03801197924019896,0.049196513379578956,86.94,16.309848237721273,16.02,85.62670324803679,1.0,-0.12726218451491178,26.080000000000002,0.0,-0.24464053,-0.88510454,-0.6245808,0.22660784125328062,0.034468638896942135,0.1126257598400116
0.4612082760299597,0.01768065738081506,0.049440567313502215,87.3,25165.82399999996,20.7,327155.712,1.0,-0.06622516556291913,26.085,0.0,-0.24464053,-0.88510454,-0.6245808,0.22660784125328062,0.034468638896942135,0.1126257598400116
0.46286096062416476,0.021618752078723238,0.044702053671352,87.11999999999999,-22205.138823530255,25.74,621743.8870588234,1.0,0.025330362865069844,26.09,0.0,-0.24464053,-0.88510454,-0.6245808,0.22660784125328062,0.034468638896942135,0.1126257598400116
0.46447882187850287,-0.0012501110070293742,0.052255403446681725,86.58,-73062.06967741827,31.14,730620.6967741938,1.0,-0.020447401348924643,26.095,0.0,-0.24464053,-0.88510454,-0.6245808,0.22660784125328062,0.034468638896942135,0.1126257598400116
0.46614610458185046,0.0027343913810682265,0.050859761838721824,86.03999999999999,-22424.991683168577,36.18,209299.92237623758,1.0,-0.005188146610926481,26.1,0.0,-0.83381844,-0.19766277,1.0978398,0.049854469299316403,0.24070116877555847,0.6
0.4663608751586075,0.006928162902597439,0.047812011314123035,85.32,-94371.83999999985,41.04,637009.9199999999,1.0,-0.08148442030091729,26.105,0.0,-0.83381844,-0.19766277,1.0978398,0.049854469299316403,0.24070116877555847,0.6
0.46718658034791816,0.008829453781705037,0.04670939396698629,84.6,-51184.72677966094,45.18,294312.17898305086,1.0,-0.29511398663289157,26.11,0.0,-0.83381844,-0.19766277,1.0978398,0.049854469299316403,0.24070116877555847,0.6
0.4671483369239139,0.005565517191910722,0.04341416976645768,84.24,-45756.04363636357,48.239999999999995,388926.37090909027,1.0,-0.09674367503891546,26.115000000000002,0.0,-0.83381844,-0.19766277,1.0978398,0.049854469299316403,0.24070116877555847,0.6
0.46570328531187183,-0.0007147055093225968,0.044655585572817125,84.06,-26033.61103448169,49.86,234302.49931034548,1.0,0.04058961760306801,26.12,0.0,-0.47804782,-0.50840974,-0.09514778,0.1565856546163559,0.14747707843780516,0.27145566567778584
0.46548177189458095,0.00021840621996819476,0.045525462744363636,84.24,4.387245298807379,50.04,4.387245298807552,1.0,0.010071108127071682,26.125,0.0,-0.47804782,-0.50840974,-0.09514778,0.1565856546163559,0.14747707843780516,0.27145566567778584
0.465014703766069,-0.004703433057867323,0.06283236810998218,84.6,16965.724044943792,49.14,-42414.31011235948,1.0,-0.24933622241889708,26.13,0.0,-0.47804782,-0.50840974,-0.09514778,0.1565856546163559,0.14747707843780516,0.27145566567778584
0.4635863907446457,-0.00950170203911873,0.07991656467721013,84.96,39735.511578947306,47.519999999999996,-178809.80210526366,1.0,-0.12726218451491178,26.135,0.0,-0.47804782,-0.50840974,-0.09514778,0.1565856546163559,0.14747707843780516,0.27145566567778584
0.46289943398671507,0.002714034243752124,0.08236888083729807,85.14,20971.520000000794,45.54,-230686.71999999962,1.0,-0.14252143925290994,26.14,0.0,-0.010194063,-0.60536885,-1.1446964,0.2969417810440063,0.11838934421539306,0.0
0.4629076055681136,0.004692530808764833,0.10355209641106917,85.32,5551.284705882125,43.199999999999996,-72166.7011764707,1.0,-0.21881771294290076,26.145,0.0,-0.010194063,-0.60536885,-1.1446964,0.2969417810440063,0.11838934421539306,0.0
0.46204046281913,-0.0018740900108858095,0.12418213775402104,85.32,0.0,40.68,-293601.27999999956,1.0,-0.29511398663289157,26.150000000000002,0.0,-0.010194063,-0.60536885,-1.1446964,0.2969417810440063,0.11838934421539306,0.0
0.4600227228397124,-0.008198223332278487,0.1378579228610053,85.32,0.0,38.16,-170478.16258064538,1.0,-0.09674367503891546,26.155,0.0,-0.010194063,-0.60536885,-1.1446964,0.2969417810440063,0.11838934421539306,0.0
0.4593370073279359,0.003948886980861842,0.14383528047491936,84.96,-48708.04645161283,35.46,-365310.3483870962,1.0,0.05584887234106617,26.16,0.0,-0.17934108,-0.57698035,-1.0513386,0.24619767665863035,0.12690589427947999,0.0
0.45810204988799424,-0.012986227418372857,0.14733647273632325,84.6,-8.300347636795395,32.76,-62.25260727596563,1.0,-0.11200292977691362,26.165,0.0,-0.17934108,-0.57698035,-1.0513386,0.24619767665863035,0.12690589427947999,0.0
0.4511620247095187,0.003835167140345859,0.14911148247102893,84.06,-26033.611034482376,30.24,-121490.18482758618,1.0,0.0863673818170625,26.17,0.0,-0.17934108,-0.57698035,-1.0513386,0.24619767665863035,0.12690589427947999,0.0
0.4358420534632009,0.02789649931600016,0.15694531386239952,83.34,-75497.47199999988,27.72,-264241.15199999994,1.0,-0.12726218451491178,26.175,0.0,-0.17934108,-0.57698035,-1.0513386,0.24619767665863035,0.12690589427947999,0.0
0.420184806734098,0.026636110839325135,0.17340702180190207,82.44,-102023.61081081146,25.2,-285666.1102702702,1.0,-0.26459547715689524,26.18,0.0,0.26560503,-0.59819317,-1.2072847,0.3796815097332001,0.12054204940795898,0.0
0.4030019777537357,0.04763000608087638,0.18935076379768623,81.53999999999999,-117964.80000000075,22.86,-306708.48,1.0,0.07110812707906433,26.185000000000002,0.0,0.26560503,-0.59819317,-1.2072847,0.3796815097332001,0.12054204940795898,0.0
0.38467641266298114,0.061106496421376985,0.20355759492219574,80.46,-133230.83294117625,20.52,-288666.8047058823,1.0,-0.1577806939909081,26.19,0.0,0.26560503,-0.59819317,-1.2072847,0.3796815097332001,0.12054204940795898,0.0
0.3674977376533155,0.06691910758627892,0.21761909403364593,79.02,-194832.1858064513,18.36,-292248.27870967746,1.0,0.0863673818170625,26.195,0.0,0.26560503,-0.59819317,-1.2072847,0.3796815097332001,0.12054204940795898,0.0
0.3516685575980712,0.07460051818293163,0.22660363175319187,77.75999999999999,-165150.72000000067,16.2,-283115.52,1.0,-0.06622516556291913,26.2,0.0,0.17274685,-0.6864613,-0.98829496,0.35182405561208724,0.09406160116195679,0.003511512279510498
0.3352645185063808,0.09779063193227724,0.22990746103904383,76.32,-201326.59199999968,14.219999999999999,-276824.0640000001,1.0,-0.05096591082492097,26.205000000000002,0.0,0.17274685,-0.6864613,-0.98829496,0.35182405561208724,0.09406160116195679,0.003511512279510498
0.3212687343844212,0.09960194838745091,0.23119180502857517,74.7,-39.093779191862005,12.24,-47.7812856789427,1.0,-0.34089175084688605,26.21,0.0,0.17274685,-0.6864613,-0.98829496,0.35182405561208724,0.09406160116195679,0.003511512279510498
0.31007358971625254,0.11054752280373006,0.2323491131409044,73.08,-79938.49976470611,10.26,-97702.61082352944,1.0,-0.020447401348924643,26.215,0.0,0.17274685,-0.6864613,-0.98829496,0.35182405561208724,0.09406160116195679,0.003511512279510498
0.3018086778387134,0.1053916765575687,0.23198884977664022,71.28,-58525.17209302316,8.459999999999999,-58525.17209302328,1.0,-0.08148442030091729,26.22,0.0,0.5853028,-0.7887486,-0.9397696,0.47559084892272946,0.06337541341781616,0.0180691123008728
0.29655875621513006,0.10420269347641581,0.23062584624794158,69.48,-116149.95692307674,6.66,-116149.95692307685,1.0,-0.23407696768089892,26.225,0.0,0.5853028,-0.7887486,-0.9397696,0.47559084892272946,0.06337541341781616,0.0180691123008728
0.29296400435702047,0.1148791807594718,0.2289590804237397,67.5,-237277.7691428576,5.04,-194136.3565714286,1.0,-0.08148442030091729,26.23,0.0,0.5853028,-0.7887486,-0.9397696,0.47559084892272946,0.06337541341781616,0.0180691123008728
0.2891092651418287,0.11471721843637575,0.22422676096794336,65.52,-251658.24000000051,3.5999999999999996,-183024.1745454546,1.0,-0.05096591082492097,26.235,0.0,0.5853028,-0.7887486,-0.9397696,0.47559084892272946,0.06337541341781616,0.0180691123008728
0.286184165115662,0.10938457074480652,0.21265515648277675,63.54,-251658.2399999996,2.16,-183024.17454545447,1.0,-0.23407696768089892,26.240000000000002,0.0,0.4242365,-1.0343711,-0.75621694,0.42727095186710357,0.0,0.07313491702079773
0.28412594575113004,0.11047419852392942,0.1981533907559156,60.839999999999996,-365310.3483870972,1.7999999999999998,-48708.04645161294,1.0,0.010071108127071682,26.245,0.0,0.4242365,-1.0343711,-0.75621694,0.42727095186710357,0.0,0.07313491702079773
0.2841341267249263,0.12763833184730694,0.1809687573182276,57.96,-65.05528548809244,2.34,12.197866029017353,1.0,-0.2798547318948934,26.25,0.0,0.4242365,-1.0343711,-0.75621694,0.42727095186710357,0.0,0.07313491702079773
0.2848303299255144,0.14082800001360024,0.16383671578173675,55.08,-150994.94400000013,3.06,37748.73600000001,1.0,-0.06622516556291913,26.255,0.0,0.4242365,-1.0343711,-0.75621694,0.42727095186710357,0.0,0.07313491702079773
0.28503200073400164,0.11872318424116901,0.14671370326573224,52.019999999999996,-102676.56192000008,3.78,24159.19103999999,1.0,-0.08148442030091729,26.26,0.0,0.88538086,-0.8858305,0.0006863475,0.5656142592430115,0.03425084352493286,0.3002059042453766
0.2865320387279414,0.12314042108832557,0.13153359134416245,48.96,-346880.2767567562,4.68,102023.6108108108,1.0,-0.21881771294290076,26.265,0.0,0.88538086,-0.8858305,0.0006863475,0.5656142592430115,0.03425084352493286,0.3002059042453766
0.28878511846896143,0.12677965907986113,0.11647592666862006,45.72,-424673.28000000026,5.3999999999999995,94371.83999999997,1.0,-0.18829920346690443,26.27,0.0,0.88538086,-0.8858305,0.0006863475,0.5656142592430115,0.03425084352493286,0.3002059042453766
0.29037441125594105,0.1327958593311817,0.10338803893479964,42.839999999999996,-335544.3200000003,6.12,83886.08000000007,1.0,-0.21881771294290076,26.275000000000002,0.0,0.88538086,-0.8858305,0.0006863475,0.5656142592430115,0.03425084352493286,0.3002059042453766
0.29361863922609005,0.1378011509945365,0.09250333346431942,39.78,-366702.00685714226,6.4799999999999995,43141.412571428504,1.0,0.010071108127071682,26.28,0.0,0.36233124,-1.2261794,-0.87424386,0.4086993724107742,0.0,0.03772684335708618
0.29665715582304775,0.12097027054629897,0.0834858834985044,37.08,-333077.0823529415,6.66,22205.138823529487,1.0,-0.18829920346690443,26.285,0.0,0.36233124,-1.2261794,-0.87424386,0.4086993724107742,0.0,0.03772684335708618
0.29972233417846983,0.12172231498286043,0.075639276252455,34.56,-167772.15999999974,6.4799999999999995,-11983.725714285754,1.0,-0.23407696768089892,26.29,0.0,0.36233124,-1.2261794,-0.87424386,0.4086993724107742,0.0,0.03772684335708618
0.303746976852323,0.12085408616511034,0.06745366637744399,32.4,-52.78743686853982,5.58,-21.99476536189154,1.0,-0.14252143925290994,26.295,0.0,0.36233124,-1.2261794,-0.87424386,0.4086993724107742,0.0,0.03772684335708618
0.30832050034272884,0.11361829864106733,0.05318792263411845,30.779999999999998,-117151.24965517249,4.32,-91117.63862068964,1.0,-0.14252143925290994,26.3,0.0,0.6747508,-1.3327086,-1.0103025,0.5024252414703368,0.0,0.0
0.31206324492720827,0.11048570698004895,0.04320447000658104,29.34,-172565.65028571401,2.16,-258848.47542857146,1.0,-0.035706656086922806,26.305,0.0,0.6747508,-1.3327086,-1.0103025,0.5024252414703368,0.0,0.0
0.3157809308561174,0.11679661296400976,0.0384909284848168,27.72,-205902.1963636365,1.44,-91512.0872727273,1.0,-0.26459547715689524,26.310000000000002,0.0,0.6747508,-1.3327086,-1.0103025,0.5024252414703368,0.0,0.0
0.3251575655887596,0.11366905875079907,0.038602672382728666,26.459999999999997,-160146.1527272729,1.98,68634.06545454546,1.0,-0.3714102603228824,26.315,0.0,0.6747508,-1.3327086,-1.0103025,0.5024252414703368,0.0,0.0
0.33582695848164223,0.10794730359676344,0.03270433217458407,25.74,-94371.83999999985,1.6199999999999999,-47185.92000000001,1.0,0.1626636555070533,26.32,0.0,0.87291217,-1.4652843,-1.4090056,0.5618736505508423,0.0,0.0
0.3425389938874448,0.10096951281042045,0.02929846142743519,25.02,-94371.83999999985,1.44,-23592.959999999992,1.0,-0.06622516556291913,26.325,0.0,0.87291217,-1.4652843,-1.4090056,0.5618736505508423,0.0,0.0
0.35293303417624655,0.10698492896285001,0.033606245708049896,25.02,0.0,1.44,0.0,1.0,-0.4477065340128732,26.330000000000002,0.0,0.87291217,-1.4652843,-1.4090056,0.5618736505508423,0.0,0.0
0.3680851569109602,0.1046618125874861,0.04476879366454884,25.38,8.121937711796017,1.44,0.0,1.0,0.0863673818170625,26.335,0.0,0.87291217,-1.4652843,-1.4090056,0.5618736505508423,0.0,0.0
0.37996448511431413,0.11542891999488357,0.06827385644777013,25.919999999999998,27621.02634146337,1.44,0.0,1.0,-0.24933622241889708,26.34,0.0,0.92133105,-1.5321325,-0.9356855,0.5763993144035339,0.0,0.01929434537887573
0.3899672592878831,0.12592774432463175,0.07812355201650378,27.0,125829.12000000021,1.44,0.0,1.0,-0.1577806939909081,26.345,0.0,0.92133105,-1.5321325,-0.9356855,0.5763993144035339,0.0,0.01929434537887573
0.4003745672390353,0.1388499878519069,0.09014098358213424,28.619999999999997,188743.6799999997,1.44,0.0,1.0,-0.005188146610926481,26.35,0.0,0.92133105,-1.5321325,-0.9356855,0.5763993144035339,0.0,0.01929434537887573
0.4073615218321354,0.1357140603334781,0.08180793603746288,30.419999999999998,260336.1103448277,1.44,0.0,1.0,0.17792291024505147,26.355,0.0,0.92133105,-1.5321325,-0.9356855,0.5763993144035339,0.0,0.01929434537887573
0.41100778608076693,0.13216110193792832,0.08712636965532398,32.58,170937.6724528302,1.44,0.0,1.0,-0.1577806939909081,26.36,0.0,0.7067485,-1.452023,-0.038766034,0.5120245456695557,0.0,0.2883701898157596
0.4131326466653035,0.1228980584653275,0.09470217517112776,35.1,293601.2800000004,1.44,0.0,1.0,-0.005188146610926481,26.365000000000002,0.0,0.7067485,-1.452023,-0.038766034,0.5120245456695557,0.0,0.2883701898157596
0.4134038828906732,0.11192293130456699,0.08465516898361947,37.8,343170.32727272675,1.44,0.0,1.0,-0.2035584582049026,26.37,0.0,0.7067485,-1.452023,-0.038766034,0.5120245456695557,0.0,0.2883701898157596
0.4141945064566624,0.09745759606285616,0.08968904341357815,40.68,402653.18400000036,1.44,0.0,1.0,-0.020447401348924643,26.375,0.0,0.7067485,-1.452023,-0.038766034,0.5120245456695557,0.0,0.2883701898157596
0.4177906190982153,0.0926401698265829,0.08377460209961891,43.739999999999995,70.9170639849706,1.44,0.0,1.0,-0.31037324137088973,26.38,0.0,0.44482693,-0.76813304,-0.4721547,0.4334480792284012,0.06956008672714233,0.15835358798503876
0.42106724173988036,0.06882680012498595,0.09383059210786991,46.98,222779.42557377063,1.44,0.0,1.0,-0.26459547715689524,26.385,0.0,0.44482693,-0.76813304,-0.4721547,0.4334480792284012,0.06956008672714233,0.15835358798503876
0.42461205479614966,0.058931911133840297,0.0929510970604218,50.4,448266.2400000002,1.44,0.0,1.0,-0.035706656086922806,26.39,0.0,0.44482693,-0.76813304,-0.4721547,0.4334480792284012,0.06956008672714233,0.15835358798503876
0.4300883226775708,0.04405541774343216,0.09004466267788418,53.82,494638.6096551727,1.6199999999999999,26033.61103448275,1.0,-0.09674367503891546,26.395,0.0,0.44482693,-0.76813304,-0.4721547,0.4334480792284012,0.06956008672714233,0.15835358798503876
0.4369801433853486,0.0386877525859951,0.08444974492191658,57.239999999999995,421897.6376470582,1.6199999999999999,0.0,1.0,-0.14252143925290994,26.400000000000002,0.0,0.66789126,-0.7428353,0.42175764,0.5003673791885376,0.07714941501617431,0.4265272915363312
0.4418681750784974,0.021851829858697203,0.07830188132704577,60.66,462726.4412903228,1.6199999999999999,0.0,1.0,-0.17303994872890627,26.405,0.0,0.66789126,-0.7428353,0.42175764,0.5003673791885376,0.07714941501617431,0.4265272915363312
0.4476811393643535,0.028882501848309573,0.07773021039481245,64.25999999999999,471859.19999999925,1.6199999999999999,0.0,1.0,-0.05096591082492097,26.41,0.0,0.66789126,-0.7428353,0.42175764,0.5003673791885376,0.07714941501617431,0.4265272915363312
0.4536287990039791,0.025643633030095876,0.06724958128324189,67.67999999999999,448266.2400000002,1.6199999999999999,0.0,1.0,-0.11200292977691362,26.415,0.0,0.66789126,-0.7428353,0.42175764,0.5003673791885376,0.07714941501617431,0.4265272915363312
0.4581826322210856,0.008783361069851779,0.06290341206062099,71.1,152601.27319148942,1.7999999999999998,8031.645957446805,1.0,-0.11200292977691362,26.42,0.0,0.19632564,0.058650844,-0.3534259,0.35889769345521927,0.31759525313973425,0.1939722329378128
0.4635440425685903,-0.0030978424013212717,0.053971972556376265,74.52,82.81338036544183,1.98,4.358598966602203,1.0,-0.21881771294290076,26.425,0.0,0.19632564,0.058650844,-0.3534259,0.35889769345521927,0.31759525313973425,0.1939722329378128
0.4689713660427729,-0.0139929742451179,0.03635563069311965,77.75999999999999,178809.80210526288,2.16,9933.87789473685,1.0,-0.26459547715689524,26.43,0.0,0.19632564,0.058650844,-0.3534259,0.35889769345521927,0.31759525313973425,0.1939722329378128
0.4724171517133377,-0.027043099175958846,0.05008485513991538,80.64,268435.4560000009,2.6999999999999997,50331.647999999965,1.0,0.025330362865069844,26.435000000000002,0.0,0.19632564,0.058650844,-0.3534259,0.35889769345521927,0.31759525313973425,0.1939722329378128
0.47688290169956504,-0.014340965545068,0.056483344552683175,83.34,276210.26341463445,3.5999999999999996,92070.08780487804,1.0,-0.1577806939909081,26.44,0.0,0.27789354,0.09751813,0.70346117,0.38336806297302245,0.32925543934106827,0.5110383510589599
0.4803495044371925,-0.02332731010571065,0.07239153790530271,85.67999999999999,239382.22829268183,5.04,147312.14048780492,1.0,-0.05096591082492097,26.445,0.0,0.27789354,0.09751813,0.70346117,0.38336806297302245,0.32925543934106827,0.5110383510589599
0.48361886570332907,-0.015299001411889036,0.09020111597114316,87.47999999999999,198677.55789473653,6.84,198677.55789473682,1.0,-0.035706656086922806,26.45,0.0,0.27789354,0.09751813,0.70346117,0.38336806297302245,0.32925543934106827,0.5110383510589599
0.4850428522467149,-0.0016319478265091722,0.09712471592850878,88.92,183024.17454545607,9.54,343170.32727272715,1.0,-0.11200292977691362,26.455000000000002,0.0,0.27789354,0.09751813,0.70346117,0.38336806297302245,0.32925543934106827,0.5110383510589599
0.48519670523464387,-0.013104357282976632,0.1016666031329423,89.64,25165.82399999996,12.959999999999999,119537.664,1.0,0.14740440076905514,26.46,0.0,0.1928651,0.108638085,0.3435953,0.35785953104496,0.33259142562747,0.40307858884334563
0.485977186747817,-0.005337750606911186,0.10882343987128154,89.82,4.07464525112512,17.099999999999998,93.71684077588158,1.0,0.05584887234106617,26.465,0.0,0.1928651,0.108638085,0.3435953,0.35785953104496,0.33259142562747,0.40307858884334563
0.4859937198007776,-0.012098534905757453,0.12305084915205347,89.46,-10708.861276595728,21.96,144569.62723404265,1.0,-0.08148442030091729,26.47,0.0,0.1928651,0.108638085,0.3435953,0.35785953104496,0.33259142562747,0.40307858884334563
0.48486484978503724,-0.023108135732331316,0.12893097319781754,88.92,-66615.41647058725,27.0,621743.8870588234,1.0,-0.1577806939909081,26.475,0.0,0.1928651,0.108638085,0.3435953,0.35785953104496,0.33259142562747,0.40307858884334563
0.48455028365477015,-0.012876311993417237,0.14330076398704192,87.84,-146124.13935483847,31.86,657558.6270967742,1.0,0.010071108127071682,26.48,0.0,-0.4727657,0.65559876,1.5090023,0.158170285820961,0.4966796278953552,0.6
0.4836289593110497,-0.006499604641208881,0.16067430689437093,86.94,-121770.11612903302,36.18,584496.5574193549,1.0,-0.24933622241889708,26.485,0.0,-0.4727657,0.65559876,1.5090023,0.158170285820961,0.4966796278953552,0.6
0.4830978594806794,0.012944441793221987,0.17488147069067958,86.22,-91512.08727272713,39.42,411804.392727273,1.0,-0.08148442030091729,26.490000000000002,0.0,-0.4727657,0.65559876,1.5090023,0.158170285820961,0.4966796278953552,0.6
0.48343634085974324,0.0404383266871424,0.18576305362820042,85.5,-100663.29599999984,41.22,251658.2399999996,1.0,-0.09674367503891546,26.495,0.0,-0.4727657,0.65559876,1.5090023,0.158170285820961,0.4966796278953552,0.6
0.4827030828872303,0.03945074288850836,0.19182843927329715,85.32,-22878.021818182686,41.4,22878.021818181784,1.0,-0.18829920346690443,26.5,0.0,-0.0730115,0.73006535,0.5716885,0.2780965492129326,0.519019603729248,0.47150654196739195
0.4814416321954764,0.06509788941116267,0.1954959091285236,85.14,-26033.61103448169,40.5,-130168.05517241359,1.0,-0.26459547715689524,26.505,0.0,-0.0730115,0.73006535,0.5716885,0.2780965492129326,0.519019603729248,0.47150654196739195
0.4814676778517858,0.08569737184129546,0.20559087602426587,84.78,-8.775612511769,38.879999999999995,-39.490256302960674,1.0,-0.11200292977691362,26.51,0.0,-0.0730115,0.73006535,0.5716885,0.2780965492129326,0.519019603729248,0.47150654196739195
0.48080854126975514,0.10751466756116607,0.22191110623860583,84.42,-9933.877894736826,36.72,-59603.26736842096,1.0,-0.17303994872890627,26.515,0.0,-0.0730115,0.73006535,0.5716885,0.2780965492129326,0.519019603729248,0.47150654196739195
0.47990471468413204,0.13464285960848224,0.23479693039301477,83.88,-61214.16648648719,34.199999999999996,-285666.1102702706,1.0,-0.23407696768089892,26.52,0.0,0.34143135,0.76582074,0.08299783,0.40242940485477446,0.5297462224960326,0.3248993486166
0.4803226529675462,0.15928610898255435,0.24762708724722376,83.16,-51184.72677966094,31.68,-179146.54372881327,1.0,-0.1577806939909081,26.525000000000002,0.0,0.34143135,0.76582074,0.08299783,0.40242940485477446,0.5297462224960326,0.3248993486166
0.4803400878791427,0.16722095045856158,0.2636880438836576,82.25999999999999,-125829.1200000008,28.619999999999997,-427819.0080000003,1.0,-0.09674367503891546,26.53,0.0,0.34143135,0.76582074,0.08299783,0.40242940485477446,0.5297462224960326,0.3248993486166
0.47975943709889013,0.1910542449727365,0.2766613386006579,81.17999999999999,-141557.75999999978,25.56,-401080.31999999983,1.0,0.2542191839350423,26.535,0.0,0.34143135,0.76582074,0.08299783,0.40242940485477446,0.5297462224960326,0.3248993486166
0.479050073365287,0.19513759619558818,0.2878455401244398,79.74,-177641.11058823502,22.32,-399692.4988235292,1.0,-0.06622516556291913,26.54,0.0,0.6763109,0.79213834,-0.2208297,0.5028932690620422,0.5376415014266968,0.23375109136104583
0.47842852622687615,0.20635677392346624,0.29886208140447507,78.3,-194832.1858064513,19.08,-438372.4180645164,1.0,-0.14252143925290994,26.545,0.0,0.6763109,0.79213834,-0.2208297,0.5028932690620422,0.5376415014266968,0.23375109136104583
0.47438386290234447,0.2206974931901026,0.30691770656108075,76.5,-40.77131763270017,15.84,-73.38837173886039,1.0,-0.2035584582049026,26.55,0.0,0.6763109,0.79213834,-0.2208297,0.5028932690620422,0.5376415014266968,0.23375109136104583
0.4599661212571479,0.2383218854931651,0.3135934658541772,74.7,-130168.05517241359,12.6,-234302.49931034484,1.0,-0.24933622241889708,26.555,0.0,0.6763109,0.79213834,-0.2208297,0.5028932690620422,0.5376415014266968,0.23375109136104583
0.44197105803204784,0.2503350486505306,0.32308984412081426,72.53999999999999,-301989.8880000015,9.54,-427819.0080000001,1.0,-0.21881771294290076,26.560000000000002,0.0,1.1631663,-0.019666903,-0.16216424,0.6,0.2940999291837215,0.2513507276773453
0.42572265337714743,0.2537815166958225,0.33340985861607403,70.02,-352321.53599999944,6.66,-402653.18399999983,1.0,-0.12726218451491178,26.565,0.0,1.1631663,-0.019666903,-0.16216424,0.6,0.2940999291837215,0.2513507276773453
0.4075851765844623,0.2655497975205756,0.3421037926420262,67.32,-390504.1655172418,3.96,-390504.1655172414,1.0,0.010071108127071682,26.57,0.0,1.1631663,-0.019666903,-0.16216424,0.6,0.2940999291837215,0.2513507276773453
0.3910912382787614,0.282749711049714,0.3512147061739789,64.62,-127242.93033707811,1.44,-118760.06831460675,1.0,-0.035706656086922806,26.575,0.0,1.1631663,-0.019666903,-0.16216424,0.6,0.2940999291837215,0.2513507276773453
0.37897786030755326,0.2945684975784506,0.3590291396730083,60.3,-323560.59428571485,1.7999999999999998,26963.38285714285,1.0,0.2084414197210478,26.580000000000002,0.0,0.4050473,-0.44557664,-0.8388478,0.42151418924331663,0.16632700860500335,0.0483456552028656
0.3681936808475126,0.30133065937408965,0.3649164535030445,56.339999999999996,-519045.1200000001,2.6999999999999997,117964.79999999999,1.0,-0.11200292977691362,26.585,0.0,0.4050473,-0.44557664,-0.8388478,0.42151418924331663,0.16632700860500335,0.0483456552028656
0.36017328084480504,0.3134343374007406,0.3677513513255062,52.559999999999995,-528482.3040000001,2.88,25165.824000000022,1.0,-0.3561510055848842,26.59,0.0,0.4050473,-0.44557664,-0.8388478,0.42151418924331663,0.16632700860500335,0.0483456552028656
0.3551613512252696,0.3137883888292309,0.3694747212964276,48.78,-92.38608900361851,2.34,-13.198012714802665,1.0,0.22370067445904596,26.595,0.0,0.4050473,-0.44557664,-0.8388478,0.42151418924331663,0.16632700860500335,0.0483456552028656
0.3545650866780879,0.32203494235724317,0.369708964492302,45.36,-292745.29959183687,1.44,-77038.23673469387,1.0,-0.18829920346690443,26.6,0.0,0.9536164,-0.8833283,-0.8188813,0.5860849142074585,0.03500150442123413,0.054335618019104005
0.35722356088175206,0.33772263954460957,0.36851306006347023,41.76,-164124.93913043485,1.44,0.0,1.0,0.26947843867304044,26.605,0.0,0.9536164,-0.8833283,-0.8188813,0.5860849142074585,0.03500150442123413,0.054335618019104005
0.3596391189525684,0.3492708063131513,0.36826077470058294,38.519999999999996,-411804.392727273,1.44,0.0,1.0,-0.23407696768089892,26.61,0.0,0.9536164,-0.8833283,-0.8188813,0.5860849142074585,0.03500150442123413,0.054335618019104005
0.36436514308234963,0.35273632332417715,0.36771120607979146,35.28,-468604.9986206889,1.44,0.0,1.0,-0.18829920346690443,26.615000000000002,0.0,0.9536164,-0.8833283,-0.8188813,0.5860849142074585,0.03500150442123413,0.054335618019104005
0.3691855464915639,0.3680666809502388,0.36629367928060735,32.58,-365310.3483870972,1.44,0.0,1.0,-0.2798547318948934,26.62,0.0,0.47114858,-1.0462162,-1.3382429,0.44134457409381866,0.0,0.0
0.37324148734969564,0.3711599597164501,0.3655163380854922,30.24,-288666.8047058823,1.44,0.0,1.0,-0.23407696768089892,26.625,0.0,0.47114858,-1.0462162,-1.3382429,0.44134457409381866,0.0,0.0
0.3784613341411312,0.3782244436394262,0.36496991171649656,28.259999999999998,-276824.0640000001,1.44,0.0,1.0,0.010071108127071682,26.63,0.0,0.47114858,-1.0462162,-1.3382429,0.44134457409381866,0.0,0.0
0.38341787436951774,0.3842125940202471,0.3632696171365751,26.82,-33.11383404150328,1.44,0.0,1.0,-0.23407696768089892,26.635,0.0,0.47114858,-1.0462162,-1.3382429,0.44134457409381866,0.0,0.0
0.38658884650699704,0.3852123435123049,0.36243125168914636,25.919999999999998,-59918.628571428715,1.44,0.0,1.0,0.025330362865069844,26.64,0.0,0.40407944,-1.0802928,-0.5524221,0.4212238311767578,0.0,0.13427336812019347
0.38980580645348456,0.38181115752810074,0.3624337683731126,25.38,-66615.41647058813,1.44,0.0,1.0,-0.1577806939909081,26.645,0.0,0.40407944,-1.0802928,-0.5524221,0.4212238311767578,0.0,0.13427336812019347
0.3919071988798979,0.3795626967615011,0.3608088628057957,25.38,0.0,1.44,0.0,1.0,-0.08148442030091729,26.650000000000002,0.0,0.40407944,-1.0802928,-0.5524221,0.4212238311767578,0.0,0.13427336812019347
0.3925968453756091,0.3781633472291075,0.3554129103281543,25.919999999999998,78100.83310344815,1.44,0.0,1.0,0.07110812707906433,26.655,0.0,0.40407944,-1.0802928,-0.5524221,0.4212238311767578,0.0,0.13427336812019347
0.39312410403263076,0.37599098144848414,0.3478260714461009,26.82,117964.80000000028,1.44,0.0,1.0,-0.23407696768089892,26.66,0.0,-0.095972136,-0.23425919,-0.19604015,0.2712083593010902,0.22972224354743956,0.2411879539489746
0.39269558324586346,0.3704423584204209,0.34002706548620854,28.08,160146.15272727248,1.44,0.0,1.0,-0.14252143925290994,26.665,0.0,-0.095972136,-0.23425919,-0.19604015,0.2712083593010902,0.22972224354743956,0.2411879539489746
0.391542442243553,0.3704704893479763,0.3268810394171861,29.52,194832.18580645177,1.44,0.0,1.0,0.07110812707906433,26.67,0.0,-0.095972136,-0.23425919,-0.19604015,0.2712083593010902,0.22972224354743956,0.2411879539489746
0.389675181809052,0.3763449047252242,0.3133962784161821,31.5,276824.0640000001,1.44,0.0,1.0,-0.06622516556291913,26.675,0.0,-0.095972136,-0.23425919,-0.19604015,0.2712083593010902,0.22972224354743956,0.2411879539489746
0.38921027431724897,0.3747548172935934,0.30099994122861645,33.48,47.303641562524845,1.44,0.0,1.0,-0.14252143925290994,26.68,0.0,-0.3438874,0.31808025,0.7009824,0.1968337833881378,0.39542407393455503,0.5102947175502777
0.39391913147511626,0.36055179693322725,0.2879243173066452,35.64,76131.90453781525,1.44,0.0,1.0,-0.21881771294290076,26.685000000000002,0.0,-0.3438874,0.31808025,0.7009824,0.1968337833881378,0.39542407393455503,0.5102947175502777
0.3993117475791298,0.3542094331682265,0.2737052292993494,37.98,166350.36203389804,1.44,0.0,1.0,-0.05096591082492097,26.69,0.0,-0.3438874,0.31808025,0.7009824,0.1968337833881378,0.39542407393455503,0.5102947175502777
0.40466131942082234,0.3443664373287478,0.26168270756304485,40.68,343170.3272727276,1.44,0.0,1.0,-0.06622516556291913,26.695,0.0,-0.3438874,0.31808025,0.7009824,0.1968337833881378,0.39542407393455503,0.5102947175502777
0.409620090438393,0.3183849185804801,0.24946387936064834,43.379999999999995,377487.3599999994,1.6199999999999999,25165.82399999999,1.0,0.025330362865069844,26.7,0.0,0.13083369,-0.29323602,0.38958398,0.33925010561943053,0.21202919483184815,0.4168751925230026
0.4128268817725031,0.2905991449211701,0.2358057508711285,46.08,353894.4000000004,1.6199999999999999,0.0,1.0,0.05584887234106617,26.705000000000002,0.0,0.13083369,-0.29323602,0.38958398,0.33925010561943053,0.21202919483184815,0.4168751925230026
0.4153062833767674,0.25591173528647326,0.22155883945547736,49.14,388926.3709090912,1.6199999999999999,0.0,1.0,-0.05096591082492097,26.71,0.0,0.13083369,-0.29323602,0.38958398,0.33925010561943053,0.21202919483184815,0.4168751925230026
0.41768818329885804,0.23347476295036373,0.20836114548477108,52.019999999999996,377487.3599999994,1.6199999999999999,0.0,1.0,-0.09674367503891546,26.715,0.0,0.13083369,-0.29323602,0.38958398,0.33925010561943053,0.21202919483184815,0.4168751925230026
0.4193429409843661,0.22092913442133907,0.19774727514112392,55.08,70.20216406032068,1.6199999999999999,0.0,1.0,-0.2798547318948934,26.72,0.0,-0.39428025,-0.9381763,-0.89791167,0.18171592354774474,0.018547117710113525,0.030626499652862547
0.4191206669313831,0.18533525504925338,0.19060433235318036,58.14,142606.3360000001,1.6199999999999999,0.0,1.0,-0.035706656086922806,26.725,0.0,-0.39428025,-0.9381763,-0.89791167,0.18171592354774474,0.018547117710113525,0.030626499652862547
0.416748462012046,0.16810150981613878,0.18704606895978743,61.019999999999996,301989.8879999995,1.7999999999999998,18874.367999999995,1.0,-0.06622516556291913,26.73,0.0,-0.39428025,-0.9381763,-0.89791167,0.18171592354774474,0.018547117710113525,0.030626499652862547
0.4147898104574898,0.16331140090121612,0.18610419253921764,63.9,345131.3005714289,1.98,21570.706285714306,1.0,-0.05096591082492097,26.735,0.0,-0.39428025,-0.9381763,-0.89791167,0.18171592354774474,0.018547117710113525,0.030626499652862547
0.4123447380457831,0.16158403698399976,0.18502876980400698,66.6,390504.16551724076,2.34,52067.2220689655,1.0,-0.18829920346690443,26.740000000000002,0.0,-0.023796976,-1.0882103,-0.37680364,0.2928609073162079,0.0,0.186958909034729
0.4090913491661641,0.15658008334125226,0.18561249553123993,68.94,327155.71200000047,3.06,100663.29600000003,1.0,-0.2798547318948934,26.745,0.0,-0.023796976,-1.0882103,-0.37680364,0.2928609073162079,0.0,0.186958909034729
0.4074182855968513,0.14471238332153605,0.1889005106786306,71.28,81112.98644628111,3.78,24957.841983471066,1.0,0.025330362865069844,26.75,0.0,-0.023796976,-1.0882103,-0.37680364,0.2928609073162079,0.0,0.186958909034729
0.40639217276778866,0.15169693370954318,0.1955547502577689,73.08,228780.21818181782,5.04,160146.15272727277,1.0,-0.035706656086922806,26.755,0.0,-0.023796976,-1.0882103,-0.37680364,0.2928609073162079,0.0,0.186958909034729
0.40448669295137624,0.16419252600259154,0.20340524086204584,74.7,226492.41600000064,6.84,251658.23999999996,1.0,-0.14252143925290994,26.76,0.0,-0.12734698,-0.8578502,-0.8227315,0.2617959067225456,0.042644941806793214,0.05318055152893066
0.4035024949846661,0.16751997557010556,0.21823720568227542,75.6,20.37575554751874,9.0,48.90181331404544,1.0,0.05584887234106617,26.765,0.0,-0.12734698,-0.8578502,-0.8227315,0.2617959067225456,0.042644941806793214,0.05318055152893066
0.40298888712210323,0.1784169181816367,0.2371298589417057,76.14,39050.41655172459,11.52,182235.27724137928,1.0,0.2542191839350423,26.77,0.0,-0.12734698,-0.8578502,-0.8227315,0.2617959067225456,0.042644941806793214,0.05318055152893066
0.40193737459999984,0.19477046685572325,0.2547844412393379,76.32,6926.373577981367,14.399999999999999,110821.97724770638,1.0,-0.18829920346690443,26.775000000000002,0.0,-0.12734698,-0.8578502,-0.8227315,0.2617959067225456,0.042644941806793214,0.05318055152893066
0.4022836816990557,0.19812724471593773,0.2708023022238204,76.14,-22878.021818180878,17.28,366048.3490909094,1.0,-0.23407696768089892,26.78,0.0,-0.15916757,-0.13270344,0.37036052,0.25224972814321517,0.2601889684796333,0.41110815703868864
0.402252382758952,0.20274471059748325,0.28816165257848414,75.96,-26963.38285714388,19.62,350523.9771428571,1.0,-0.06622516556291913,26.785,0.0,-0.15916757,-0.13270344,0.37036052,0.25224972814321517,0.2601889684796333,0.41110815703868864
0.399555560796948,0.20332776320914075,0.3007036965645143,75.78,-13726.813090908527,20.88,96087.69163636348,1.0,-0.24933622241889708,26.79,0.0,-0.15916757,-0.13270344,0.37036052,0.25224972814321517,0.2601889684796333,0.41110815703868864
0.3930124696930915,0.212598501100924,0.305219697100033,75.6,-21570.706285715103,21.06,21570.706285714252,1.0,-0.29511398663289157,26.795,0.0,-0.15916757,-0.13270344,0.37036052,0.25224972814321517,0.2601889684796333,0.41110815703868864
0.38512049270964854,0.21517328114812392,0.30716905617989415,75.6,0.0,20.34,-104134.44413793087,1.0,0.010071108127071682,26.8,0.0,0.20791666,0.7830374,0.45701623,0.36237499862909317,0.5349112272262573,0.43710486888885497
0.3763076903770417,0.20838109778488106,0.30911034441104696,75.42,-25165.823999998967,19.259999999999998,-150994.94400000025,1.0,-0.05096591082492097,26.805,0.0,0.20791666,0.7830374,0.45701623,0.36237499862909317,0.5349112272262573,0.43710486888885497
0.36541792972347964,0.20630061611805764,0.308200297167211,75.06,-8.738386180155661,17.82,-34.953544720622645,1.0,-0.21881771294290076,26.810000000000002,0.0,0.20791666,0.7830374,0.45701623,0.36237499862909317,0.5349112272262573,0.43710486888885497
0.3563933152127339,0.20860867596185542,0.30646452254009476,74.7,-20684.238904109556,16.38,-82736.95561643843,1.0,-0.11200292977691362,26.815,0.0,0.20791666,0.7830374,0.45701623,0.36237499862909317,0.5349112272262573,0.43710486888885497
0.3482357015024819,0.2119053446830841,0.30576716897234996,74.16,-61214.16648648719,14.94,-163237.77729729723,1.0,-0.23407696768089892,26.82,0.0,-0.040566795,0.5741941,0.910703,0.2878299616277218,0.47225822210311885,0.5732109010219574
0.34022842088354244,0.19538206372070643,0.3035926090382893,73.25999999999999,-111025.69411764776,13.5,-177641.11058823523,1.0,-0.05096591082492097,26.825,0.0,-0.040566795,0.5741941,0.910703,0.2878299616277218,0.47225822210311885,0.5732109010219574
0.33384926864743747,0.19719931904179874,0.2987638336079279,72.36,-121770.1161290311,12.24,-170478.16258064512,1.0,0.04058961760306801,26.830000000000002,0.0,-0.040566795,0.5741941,0.910703,0.2878299616277218,0.47225822210311885,0.5732109010219574
0.32853984835986416,0.1891946884852991,0.29356844874302895,71.1,-160146.15272727338,10.98,-160146.1527272727,1.0,-0.09674367503891546,26.835,0.0,-0.040566795,0.5741941,0.910703,0.2878299616277218,0.47225822210311885,0.5732109010219574
0.32286472402313354,0.1694938299581262,0.2875209009059252,69.84,-165150.7199999988,9.719999999999999,-165150.7200000002,1.0,-0.05096591082492097,26.84,0.0,-1.0900874,0.969499,0.89438266,0.0,0.5908496975898743,0.5683147966861725
0.3177008051314086,0.1716192800409018,0.2774314412853547,68.58,-37217.06366197198,8.64,-31900.34028169009,1.0,0.17792291024505147,26.845,0.0,-1.0900874,0.969499,0.89438266,0.0,0.5908496975898743,0.5683147966861725
0.313326121672572,0.17411193738987985,0.2661346762337196,67.14,-33.22495123360008,7.38,-29.07183232940013,1.0,-0.14252143925290994,26.85,0.0,-1.0900874,0.969499,0.89438266,0.0,0.5908496975898743,0.5683147966861725
0.3087567778698929,0.1736817177988732,0.25772281130245,65.7,-90146.23522388046,6.4799999999999995,-56341.397014925395,1.0,-0.18829920346690443,26.855,0.0,-1.0900874,0.969499,0.89438266,0.0,0.5908496975898743,0.5683147966861725
0.3036291360121423,0.17915134911445474,0.2551863938515686,64.08,-194136.35657142912,5.3999999999999995,-129424.23771428573,1.0,-0.1577806939909081,26.86,0.0,-0.010505401,0.3430048,0.6775574,0.29684837982058526,0.4029014378786087,0.5032672226428986
0.3000347622949822,0.1762582151982581,0.2539650288883713,62.46,-194136.35657142827,4.5,-107853.53142857137,1.0,-0.12726218451491178,26.865000000000002,0.0,-0.010505401,0.3430048,0.6775574,0.29684837982058526,0.4029014378786087,0.5032672226428986
0.29849234237947053,0.17854395924271696,0.252374615978426,60.66,-243540.23225806508,3.5999999999999996,-121770.1161290323,1.0,0.05584887234106617,26.87,0.0,-0.010505401,0.3430048,0.6775574,0.29684837982058526,0.4029014378786087,0.5032672226428986
0.2980450060617979,0.1807673345846654,0.2534669309388063,58.68,-259522.5599999996,2.88,-94371.83999999997,1.0,-0.2035584582049026,26.875,0.0,-0.010505401,0.3430048,0.6775574,0.29684837982058526,0.4029014378786087,0.5032672226428986
0.2979094893792403,0.20007051747098378,0.256988730302932,56.699999999999996,-276824.06400000054,2.34,-75497.47200000001,1.0,-0.26459547715689524,26.88,0.0,0.8569478,-0.05461465,-0.79733783,0.5570843338966369,0.283615605533123,0.060798650979995726
0.2981838582209449,0.21095164607195793,0.2606534032138737,54.54,-312403.3324137926,1.7999999999999998,-78100.83310344828,1.0,-0.14252143925290994,26.885,0.0,0.8569478,-0.05461465,-0.79733783,0.5570843338966369,0.283615605533123,0.060798650979995726
0.29958137246035654,0.23963565134138184,0.26779307386899115,52.199999999999996,-327155.71200000047,1.6199999999999999,-25165.82399999999,1.0,-0.020447401348924643,26.89,0.0,0.8569478,-0.05461465,-0.79733783,0.5570843338966369,0.283615605533123,0.060798650979995726
0.30033693824940966,0.24437651830825774,0.28171301711886054,49.86,-55.780391015731475,1.7999999999999998,4.290799308902426,1.0,-0.1577806939909081,26.895,0.0,0.8569478,-0.05461465,-0.79733783,0.5570843338966369,0.283615605533123,0.060798650979995726
0.3018232020062291,0.26129499334159034,0.2982179318720826,47.519999999999996,-192444.53647058853,1.6199999999999999,-14803.425882352936,1.0,-0.020447401348924643,26.900000000000002,0.0,0.81773496,-0.30283442,-0.40514988,0.5453204870223999,0.20914967358112335,0.1784550368785858
0.3032777928099291,0.2869536984807593,0.3127497934926018,45.0,-330301.4399999995,1.6199999999999999,0.0,1.0,-0.18829920346690443,26.905,0.0,0.81773496,-0.30283442,-0.40514988,0.5453204870223999,0.20914967358112335,0.1784550368785858
0.3052238521077875,0.29931564750483447,0.3285547557056301,42.66,-316602.30193548434,1.6199999999999999,0.0,1.0,-0.020447401348924643,26.91,0.0,0.81773496,-0.30283442,-0.40514988,0.5453204870223999,0.20914967358112335,0.1784550368785858
0.3076674880938369,0.31118901573257585,0.34298371297723523,40.5,-312403.3324137926,1.6199999999999999,0.0,1.0,-0.11200292977691362,26.915,0.0,0.81773496,-0.30283442,-0.40514988,0.5453204870223999,0.20914967358112335,0.1784550368785858
0.3056054546642691,0.3198059019060324,0.35543523106577113,38.16,-306708.48000000045,1.6199999999999999,0.0,1.0,0.14740440076905514,26.92,0.0,-0.35518777,-0.12757424,-0.9142178,0.19344366788864134,0.2617277294397354,0.0257346510887146
0.2957052637466898,0.32712552185031984,0.36742023629816445,36.0,-75497.47199999988,1.6199999999999999,0.0,1.0,-0.08148442030091729,26.925,0.0,-0.35518777,-0.12757424,-0.9142178,0.19344366788864134,0.2617277294397354,0.0257346510887146
0.2819464768970493,0.337308025428158,0.37883038987987655,33.839999999999996,-274536.2618181823,1.6199999999999999,0.0,1.0,-0.08148442030091729,26.93,0.0,-0.35518777,-0.12757424,-0.9142178,0.19344366788864134,0.2617277294397354,0.0257346510887146
0.2711574202767624,0.3514275647341697,0.3874750220069934,31.86,-45.78404379537892,1.6199999999999999,0.0,1.0,-0.005188146610926481,26.935000000000002,0.0,-0.35518777,-0.12757424,-0.9142178,0.19344366788864134,0.2617277294397354,0.0257346510887146
0.263983394945107,0.3592691147125756,0.3952541719651922,29.88,-94371.84000000003,1.44,-8579.258181818179,1.0,-0.05096591082492097,26.94,0.0,-0.26135224,-0.1788635,-0.652358,0.22159432768821716,0.2463409513235092,0.1042926013469696
0.26000488470992744,0.361522500826575,0.401939832100409,28.08,-58074.978461538485,1.44,0.0,1.0,-0.3561510055848842,26.945,0.0,-0.26135224,-0.1788635,-0.652358,0.22159432768821716,0.2463409513235092,0.1042926013469696
0.259316254479485,0.3664845040503932,0.40600661022951606,26.279999999999998,-204047.2216216217,1.44,0.0,1.0,0.05584887234106617,26.95,0.0,-0.26135224,-0.1788635,-0.652358,0.22159432768821716,0.2463409513235092,0.1042926013469696
0.2616270879058331,0.3663300611738644,0.40587524042705003,24.84,-183024.17454545427,1.44,0.0,1.0,-0.11200292977691362,26.955000000000002,0.0,-0.26135224,-0.1788635,-0.652358,0.22159432768821716,0.2463409513235092,0.1042926013469696
0.2628256171849411,0.35924751390825116,0.4055536449224728,23.4,-188743.68000000017,1.44,0.0,1.0,-0.005188146610926481,26.96,0.0,0.6432049,-0.38323373,-0.1344068,0.49296147823333736,0.18502988219261168,0.25967795848846437
0.2652945721282252,0.3604458018606499,0.4057731548494464,22.32,-129424.23771428551,1.44,0.0,1.0,-0.11200292977691362,26.965,0.0,0.6432049,-0.38323373,-0.1344068,0.49296147823333736,0.18502988219261168,0.25967795848846437
0.27227244808972717,0.35083980580657237,0.4040433644097535,21.599999999999998,-94371.84000000032,1.44,0.0,1.0,-0.11200292977691362,26.97,0.0,0.6432049,-0.38323373,-0.1344068,0.49296147823333736,0.18502988219261168,0.25967795848846437
0.28310483530711705,0.3486146924567094,0.4020307488578168,21.06,-73062.06967741923,1.44,0.0,1.0,-0.4934842982268677,26.975,0.0,0.6432049,-0.38323373,-0.1344068,0.49296147823333736,0.18502988219261168,0.25967795848846437
0.2922198801332978,0.34525561482887335,0.40097154021041415,20.88,-4.37499113382705,1.44,0.0,1.0,0.0863673818170625,26.98,0.0,0.6116935,-0.2391356,-1.2235845,0.48350805044174194,0.22825932204723356,0.0
0.30555260901185416,0.337522740998745,0.39563650146942014,21.06,10202.361081081064,1.44,0.0,1.0,-0.17303994872890627,26.985,0.0,0.6116935,-0.2391356,-1.2235845,0.48350805044174194,0.22825932204723356,0.0
0.3222614997877832,0.3460497728290987,0.3830114723246558,21.779999999999998,23778.73133858264,1.44,0.0,1.0,-0.09674367503891546,26.990000000000002,0.0,0.6116935,-0.2391356,-1.2235845,0.48350805044174194,0.22825932204723356,0.0
0.3329109735663458,0.34741129989122643,0.36876992030543765,22.68,104857.60000000025,1.44,0.0,1.0,-0.05096591082492097,26.995,0.0,0.6116935,-0.2391356,-1.2235845,0.48350805044174194,0.22825932204723356,0.0
0.3356449874354473,0.3394816373716625,0.35575495962559955,23.759999999999998,43979.109902912554,1.44,0.0,1.0,-0.21881771294290076,27.0,0.0,-0.3545879,0.1923016,-1.2705653,0.1936236262321472,0.35769048035144807,0.0
0.3375716599110087,0.3429052356301933,0.33991092648897053,25.2,183024.1745454547,1.44,0.0,1.0,0.05584887234106617,27.005,0.0,-0.3545879,0.1923016,-1.2705653,0.1936236262321472,0.35769048035144807,0.0
0.336745888182126,0.3457417169910938,0.32508557598274684,27.0,235929.6000000001,1.44,0.0,1.0,-0.12726218451491178,27.01,0.0,-0.3545879,0.1923016,-1.2705653,0.1936236262321472,0.35769048035144807,0.0
0.3339050516645237,0.3462680614250236,0.31204830855730353,28.799999999999997,251658.2399999996,1.44,0.0,1.0,-0.24933622241889708,27.015,0.0,-0.3545879,0.1923016,-1.2705653,0.1936236262321472,0.35769048035144807,0.0
0.332141676342101,0.35621811545670284,0.29816682298432295,30.599999999999998,40.50793391888486,1.6199999999999999,4.050793391888483,1.0,-0.23407696768089892,27.02,0.0,-0.29916432,0.8640014,-0.38113034,0.2102507025003433,0.5592004179954528,0.18566089868545532
0.3295877640591211,0.3546163690180628,0.2849343744825767,32.76,141557.76,1.6199999999999999,0.0,1.0,0.010071108127071682,27.025000000000002,0.0,-0.29916432,0.8640014,-0.38113034,0.2102507025003433,0.5592004179954528,0.18566089868545532
0.32744527799052986,0.3409042599313011,0.27495704163010026,34.74,244256.52705882402,1.6199999999999999,0.0,1.0,0.010071108127071682,27.03,0.0,-0.29916432,0.8640014,-0.38113034,0.2102507025003433,0.5592004179954528,0.18566089868545532
0.3258487555567484,0.33732096211412127,0.26759786681853326,36.9,94371.83999999985,1.6199999999999999,0.0,1.0,-0.005188146610926481,27.035,0.0,-0.29916432,0.8640014,-0.38113034,0.2102507025003433,0.5592004179954528,0.18566089868545532
0.3239792900475611,0.3187263144390165,0.26300378281695913,39.059999999999995,251658.2399999996,1.6199999999999999,0.0,1.0,0.07110812707906433,27.04,0.0,0.21050411,0.7411108,0.21647924,0.36315123438835145,0.5223332405090332,0.3649437725543976
0.32616575313967405,0.3127385810023157,0.2595370043930971,41.22,266461.6658823534,1.6199999999999999,0.0,1.0,-0.21881771294290076,27.045,0.0,0.21050411,0.7411108,0.21647924,0.36315123438835145,0.5223332405090332,0.3649437725543976
0.335327229436005,0.2995639411412614,0.25439287432663743,43.379999999999995,266461.6658823525,1.6199999999999999,0.0,1.0,-0.2035584582049026,27.05,0.0,0.21050411,0.7411108,0.21647924,0.36315123438835145,0.5223332405090332,0.3649437725543976
0.34606863421670103,0.29195824714635954,0.24622561863915982,45.36,153791.146666667,1.6199999999999999,0.0,1.0,-0.17303994872890627,27.055,0.0,0.21050411,0.7411108,0.21647924,0.36315123438835145,0.5223332405090332,0.3649437725543976
0.3545234726924258,0.2866904610183322,0.2388570512492639,47.519999999999996,312403.3324137926,1.7999999999999998,26033.61103448275,1.0,-0.06622516556291913,27.060000000000002,0.0,1.2331481,0.7680795,-0.13245568,0.6,0.5304238557815552,0.26026329696178435
0.36591087443583675,0.28751157564487045,0.23102877635111824,49.5,48.50350673698606,1.7999999999999998,0.0,1.0,-0.05096591082492097,27.065,0.0,1.2331481,0.7680795,-0.13245568,0.6,0.5304238557815552,0.26026329696178435
0.3762917956374444,0.29180481905524813,0.22020900726125325,51.3,157286.39999999976,1.98,15728.640000000014,1.0,-0.09674367503891546,27.07,0.0,1.2331481,0.7680795,-0.13245568,0.6,0.5304238557815552,0.26026329696178435
0.3818091338088905,0.28067365930961297,0.2070092237627324,53.1,228780.21818181872,2.34,45756.04363636362,1.0,-0.12726218451491178,27.075,0.0,1.2331481,0.7680795,-0.13245568,0.6,0.5304238557815552,0.26026329696178435
0.3827136395971334,0.28672020462270653,0.19127071950666535,54.54,201326.59199999968,3.06,100663.29600000003,1.0,0.0863673818170625,27.080000000000002,0.0,0.5741614,1.0576639,0.5778902,0.4722484230995178,0.6,0.4733670651912689
0.38361340865983523,0.29201791347506945,0.17513396910429913,55.62,150994.94399999976,4.14,150994.94399999996,1.0,0.025330362865069844,27.085,0.0,0.5741614,1.0576639,0.5778902,0.4722484230995178,0.6,0.4733670651912689
0.3833111291999171,0.29268482605273277,0.15886466003793762,56.339999999999996,94371.83999999985,5.58,188743.68000000005,1.0,-0.05096591082492097,27.09,0.0,0.5741614,1.0576639,0.5778902,0.4722484230995178,0.6,0.4733670651912689
0.38136841991695347,0.291615654790488,0.1465758329294047,56.879999999999995,68634.06545454534,7.38,228780.21818181817,1.0,-0.14252143925290994,27.095,0.0,0.5741614,1.0576639,0.5778902,0.4722484230995178,0.6,0.4733670651912689
0.3809685060614232,0.2976809284824795,0.1412719890908026,57.059999999999995,24354.023225806413,9.719999999999999,316602.30193548376,1.0,-0.18829920346690443,27.1,0.0,0.010637067,1.3108511,0.8784934,0.3031911201775074,0.6,0.5635480284690857
0.3804353174094766,0.2992597820123095,0.1381366829065285,56.879999999999995,-4.064620039516961,12.6,65.03392063227149,1.0,0.23895992919704412,27.105,0.0,0.010637067,1.3108511,0.8784934,0.3031911201775074,0.6,0.5635480284690857
0.3793955450349604,0.31726447447835515,0.13678614835012246,56.339999999999996,-25737.774545454504,15.66,145847.38909090913,1.0,-0.2035584582049026,27.11,0.0,0.010637067,1.3108511,0.8784934,0.3031911201775074,0.6,0.5635480284690857
0.3799087404745189,0.319286708357625,0.1382916131842237,55.44,-99338.77894736826,19.08,377487.3599999998,1.0,0.07110812707906433,27.115000000000002,0.0,0.010637067,1.3108511,0.8784934,0.3031911201775074,0.6,0.5635480284690857
0.38003474395392994,0.3296275983012081,0.1420346493351271,54.54,-117964.79999999981,22.5,448266.2400000002,1.0,-0.18829920346690443,27.12,0.0,0.60747087,1.1103648,2.320237,0.4822412610054016,0.6,0.6
0.3819864969107543,0.3474496707104003,0.14593563908794396,53.28,-182235.27724137902,26.099999999999998,520672.2206896549,1.0,0.22370067445904596,27.125,0.0,0.60747087,1.1103648,2.320237,0.4822412610054016,0.6,0.6
0.38414151902459065,0.3529103452511801,0.15639859450205962,52.019999999999996,-182235.27724138004,29.16,442571.38758620725,1.0,0.10162663655506066,27.13,0.0,0.60747087,1.1103648,2.320237,0.4822412610054016,0.6,0.6
0.3856453210307283,0.36988559107905494,0.17072924548827986,50.94,-133230.83294117625,31.68,310871.9435294117,1.0,-0.2798547318948934,27.135,0.0,0.60747087,1.1103648,2.320237,0.4822412610054016,0.6,0.6
0.3876311266335323,0.39017066831792274,0.18190170270458464,49.68,-170478.1625806449,33.3,219186.20903225773,1.0,0.05584887234106617,27.14,0.0,0.016868085,1.6289302,2.3119938,0.3050604254007339,0.6,0.6
0.39054697352667317,0.3878393458906152,0.19372476469932548,48.96,-104134.44413793087,34.019999999999996,104134.44413793087,1.0,-0.05096591082492097,27.145,0.0,0.016868085,1.6289302,2.3119938,0.3050604254007339,0.6,0.6
0.39209872418676023,0.3993326000157361,0.20975420757717994,48.239999999999995,-17.528812528296775,33.48,-13.146609396222452,1.0,0.14740440076905514,27.150000000000002,0.0,0.016868085,1.6289302,2.3119938,0.3050604254007339,0.6,0.6
0.3940136769085063,0.41853798695704614,0.22187580632986545,47.879999999999995,-19113.284050632883,31.86,-86009.77822784797,1.0,-0.17303994872890627,27.155,0.0,0.016868085,1.6289302,2.3119938,0.3050604254007339,0.6,0.6
0.39610029155425036,0.43474020039227956,0.23148722387993584,47.519999999999996,-16063.291914893593,29.7,-96379.7514893617,1.0,0.17792291024505147,27.16,0.0,-0.6896621,1.7860147,1.6862931,0.09310137033462525,0.6,0.6
0.3975687321367668,0.4359775082717801,0.24683779648089132,47.339999999999996,-21570.706285714252,26.82,-345131.30057142844,1.0,-0.12726218451491178,27.165,0.0,-0.6896621,1.7860147,1.6862931,0.09310137033462525,0.6,0.6
0.39837249960547233,0.43701049062306807,0.26215477763599343,47.16,-25165.82399999996,23.4,-478150.65600000025,1.0,0.0863673818170625,27.17,0.0,-0.6896621,1.7860147,1.6862931,0.09310137033462525,0.6,0.6
0.3982740724945257,0.45310357276927526,0.2744082834356086,47.16,0.0,19.439999999999998,-519045.1200000001,1.0,-0.21881771294290076,27.175,0.0,-0.6896621,1.7860147,1.6862931,0.09310137033462525,0.6,0.6
0.3981184006172054,0.44973361232660836,0.28824964619943355,47.16,0.0,15.12,-549072.5236363634,1.0,-0.18829920346690443,27.18,0.0,-1.1937784,1.7010069,1.8826787,0.0,0.6,0.6
0.3982878575195875,0.4448753603087657,0.3026054781474311,47.16,0.0,10.62,-608850.5806451613,1.0,0.010071108127071682,27.185000000000002,0.0,-1.1937784,1.7010069,1.8826787,0.0,0.6,0.6
0.3989555903428617,0.4481002647507043,0.3141901562261959,47.16,0.0,5.9399999999999995,-633204.6038709678,1.0,-0.12726218451491178,27.19,0.0,-1.1937784,1.7010069,1.8826787,0.0,0.6,0.6
0.3992703135656966,0.4582120522316577,0.32648632044995457,47.16,0.0,1.44,-104.21379036176509,1.0,-0.035706656086922806,27.195,0.0,-1.1937784,1.7010069,1.8826787,0.0,0.6,0.6
0.3997756718313209,0.4611912435817948,0.3397300706822971,44.64,-155435.97176470564,1.98,33307.70823529412,1.0,0.39155247657702574,27.2,0.0,-1.3030103,0.49904153,2.4914145,0.0,0.4497124582529068,0.6
0.40159134286551185,0.45687669508916867,0.3518432749146517,43.019999999999996,-199846.24941176525,3.5999999999999996,199846.24941176467,1.0,-0.43244727927487503,27.205000000000002,0.0,-1.3030103,0.49904153,2.4914145,0.0,0.4497124582529068,0.6
0.40315265506510556,0.4574702721078988,0.36358938446896033,41.22,-69263.7357798164,3.78,6926.373577981658,1.0,-0.34089175084688605,27.21,0.0,-1.3030103,0.49904153,2.4914145,0.0,0.4497124582529068,0.6
0.4057076893404823,0.4559320209983561,0.3761615495704382,39.78,-107853.53142857125,3.42,-26963.38285714285,1.0,0.2084414197210478,27.215,0.0,-1.3030103,0.49904153,2.4914145,0.0,0.4497124582529068,0.6
0.4066888548416181,0.45401812870974007,0.3856173516131908,38.879999999999995,-117964.80000000075,1.6199999999999999,-235929.6,1.0,0.22370067445904596,27.22,0.0,-0.117754504,0.13073948,2.5737562,0.26467364877462385,0.33922184407711026,0.6
0.4080879641562383,0.4550887307112763,0.39394688048112764,37.26,-212336.63999999966,1.6199999999999999,0.0,1.0,0.07110812707906433,27.225,0.0,-0.117754504,0.13073948,2.5737562,0.26467364877462385,0.33922184407711026,0.6
0.40973029292174873,0.4569384937263981,0.40350618646656233,36.36,-125829.1199999998,1.6199999999999999,0.0,1.0,-0.615558336130853,27.23,0.0,-0.117754504,0.13073948,2.5737562,0.26467364877462385,0.33922184407711026,0.6
0.41013587671277507,0.4548577951108167,0.41138524855141656,35.28,-24.292638601383562,1.44,-4.048773100230599,1.0,0.2084414197210478,27.235,0.0,-0.117754504,0.13073948,2.5737562,0.26467364877462385,0.33922184407711026,0.6
0.41082862392161096,0.45990769056203473,0.4177570642198849,34.56,-43141.412571428504,1.44,0.0,1.0,0.05584887234106617,27.240000000000002,0.0,0.80295503,0.12137611,1.3024073,0.5408865094184875,0.33641283363103863,0.6
0.4114465582405495,0.4577915183634941,0.4250303726507543,34.199999999999996,-43141.412571429355,1.44,0.0,1.0,-0.035706656086922806,27.245,0.0,0.80295503,0.12137611,1.3024073,0.5408865094184875,0.33641283363103863,0.6
0.41121727360073757,0.4637448253670488,0.431113902801294,33.839999999999996,-48708.04645161283,1.44,0.0,1.0,0.025330362865069844,27.25,0.0,0.80295503,0.12137611,1.3024073,0.5408865094184875,0.33641283363103863,0.6
0.4029535186481052,0.47072930965095083,0.43586492533210597,33.839999999999996,0.0,1.44,0.0,1.0,-0.14252143925290994,27.255,0.0,0.80295503,0.12137611,1.3024073,0.5408865094184875,0.33641283363103863,0.6
0.3822633655373811,0.47269531870412523,0.441352861890768,33.66,-24354.023225806413,1.44,0.0,1.0,-0.020447401348924643,27.26,8.522882461547852,-0.10829222,1.5101409,0.16095862,0.26751233339309693,0.6,0.34828758537769317
0.35576782800575835,0.47269442435639436,0.44636509100954197,33.66,0.0,1.6199999999999999,24354.023225806442,1.0,-0.3256324961088879,27.265,8.522882461547852,-0.10829222,1.5101409,0.16095862,0.26751233339309693,0.6,0.34828758537769317
0.32656144102975837,0.4698553040718448,0.4502236238414833,33.3,-13245.17052631577,1.6199999999999999,0.0,1.0,-0.14252143925290994,27.27,8.522882461547852,-0.10829222,1.5101409,0.16095862,0.26751233339309693,0.6,0.34828758537769317
0.29810429633572694,0.4735352103035017,0.45468648826839714,33.12,-14518.744615384592,1.6199999999999999,0.0,1.0,-0.21881771294290076,27.275000000000002,8.522882461547852,-0.10829222,1.5101409,0.16095862,0.26751233339309693,0.6,0.34828758537769317
0.2709471044478764,0.4739326973047396,0.4588991844386845,32.58,-13.199474101356685,1.6199999999999999,0.0,1.0,-0.18829920346690443,27.28,20.0,-0.7027229,1.7311751,-0.074888356,0.08918312788009643,0.6,0.2775334931910038
0.246330012308106,0.4759985092911819,0.4618885308367836,31.86,-43766.65043478254,1.6199999999999999,0.0,1.0,-0.08148442030091729,27.285,20.0,-0.7027229,1.7311751,-0.074888356,0.08918312788009643,0.6,0.2775334931910038
0.22288888800159745,0.46752220662472876,0.4660108131744777,30.959999999999997,-107853.53142857169,1.6199999999999999,0.0,1.0,-0.21881771294290076,27.29,20.0,-0.7027229,1.7311751,-0.074888356,0.08918312788009643,0.6,0.2775334931910038
0.2033699671178981,0.46584828485395546,0.469891420450895,29.88,-146124.13935483847,1.6199999999999999,0.0,1.0,0.07110812707906433,27.295,20.0,-0.7027229,1.7311751,-0.074888356,0.08918312788009643,0.6,0.2775334931910038
0.19139768735389054,0.4618411284449308,0.4729833006340146,28.619999999999997,-170478.16258064538,1.6199999999999999,0.0,1.0,-0.020447401348924643,27.3,8.522882461547852,-0.35066983,0.7902918,0.7224742,0.1947990506887436,0.5370875358581543,0.5167422652244568
0.1875804189864881,0.4599546188555803,0.47642458711428953,27.18,-177641.11058823502,1.6199999999999999,0.0,1.0,-0.005188146610926481,27.305,8.522882461547852,-0.35066983,0.7902918,0.7224742,0.1947990506887436,0.5370875358581543,0.5167422652244568
0.1852677593092876,0.4642542002115584,0.48034525506769454,25.74,-188743.68000000017,1.44,-23592.959999999992,1.0,-0.14252143925290994,27.310000000000002,8.522882461547852,-0.35066983,0.7902918,0.7224742,0.1947990506887436,0.5370875358581543,0.5167422652244568
0.18545304956289962,0.4620880404746037,0.48332424171302024,24.119999999999997,-212336.64000000013,1.44,0.0,1.0,-0.05096591082492097,27.315,8.522882461547852,-0.35066983,0.7902918,0.7224742,0.1947990506887436,0.5370875358581543,0.5167422652244568
0.18867787574092867,0.45972421856255946,0.48597295471065527,22.5,-36.6821019899154,1.44,0.0,1.0,-0.035706656086922806,27.32,0.0,0.48562074,-0.32160985,1.6993833,0.4456862211227417,0.20351704359054565,0.6
0.19061673651830913,0.4595034854728038,0.48960883305697245,20.88,-99923.12470588241,1.44,0.0,1.0,0.05584887234106617,27.325,0.0,0.48562074,-0.32160985,1.6993833,0.4456862211227417,0.20351704359054565,0.6
0.19448802742573318,0.45596294016402794,0.4921755252854692,19.439999999999998,-177641.11058823546,1.44,0.0,1.0,-0.18829920346690443,27.330000000000002,0.0,0.48562074,-0.32160985,1.6993833,0.4456862211227417,0.20351704359054565,0.6
0.203002570392596,0.4516677622474701,0.49270848878173873,18.18,-165150.71999999974,1.44,0.0,1.0,-0.14252143925290994,27.335,0.0,0.48562074,-0.32160985,1.6993833,0.4456862211227417,0.20351704359054565,0.6
0.21319607499776483,0.4535817414468583,0.4916134996143396,16.919999999999998,-182235.27724137955,1.44,0.0,1.0,-0.17303994872890627,27.34,0.0,1.6450264,-0.53742313,0.90431005,0.6,0.1387730598449707,0.5712930142879485
0.2193491115516639,0.4467436960297068,0.49152632145068886,15.84,-141557.75999999978,1.44,0.0,1.0,-0.23407696768089892,27.345,0.0,1.6450264,-0.53742313,0.90431005,0.6,0.1387730598449707,0.5712930142879485
0.22305490872193404,0.44933665133036943,0.4899219443584345,14.94,-114390.10909090913,1.44,0.0,1.0,-0.14252143925290994,27.35,0.0,1.6450264,-0.53742313,0.90431005,0.6,0.1387730598449707,0.5712930142879485
0.22558051023008388,0.44674451574237617,0.4876815156382842,14.399999999999999,-70778.88000000012,1.44,0.0,1.0,-0.31037324137088973,27.355,0.0,1.6450264,-0.53742313,0.90431005,0.6,0.1387730598449707,0.5712930142879485
0.22705697794311275,0.4560795476980849,0.48753191688381087,14.04,-52067.222068965435,1.44,0.0,1.0,-0.12726218451491178,27.36,8.522882461547852,1.1044586,0.106224895,-0.8442433,0.6,0.3318674683570862,0.04672701358795166
0.22779639220962344,0.463971681308755,0.48659335676720006,13.86,-4.391788070224418,1.44,0.0,1.0,-0.005188146610926481,27.365000000000002,8.522882461547852,1.1044586,0.106224895,-0.8442433,0.6,0.3318674683570862,0.04672701358795166
0.22838581816865275,0.4586361234166036,0.48496151189361203,13.86,0.0,1.44,0.0,1.0,0.14740440076905514,27.37,8.522882461547852,1.1044586,0.106224895,-0.8442433,0.6,0.3318674683570862,0.04672701358795166
0.22889207854521182,0.45460787701543093,0.4846604638697508,14.04,20404.72216216213,1.44,0.0,1.0,-0.1577806939909081,27.375,8.522882461547852,1.1044586,0.106224895,-0.8442433,0.6,0.3318674683570862,0.04672701358795166
0.22882084978909065,0.46444711554085355,0.48419402038915643,14.399999999999999,41943.039999999935,1.44,0.0,1.0,-0.24933622241889708,27.38,20.0,0.48598623,0.31865692,-0.69945925,0.4457958698272705,0.3955970764160156,0.09016222357749938
0.22877332100399048,0.4618470354636719,0.48353980054238616,14.94,41943.04000000007,1.44,0.0,1.0,-0.21881771294290076,27.385,20.0,0.48598623,0.31865692,-0.69945925,0.4457958698272705,0.3955970764160156,0.09016222357749938
0.22838478025329906,0.46835645049897484,0.48350204368771765,15.479999999999999,68634.06545454534,1.44,0.0,1.0,-0.18829920346690443,27.39,20.0,0.48598623,0.31865692,-0.69945925,0.4457958698272705,0.3955970764160156,0.09016222357749938
0.2287255731527649,0.47091410226793906,0.4828693006308851,16.2,91512.08727272735,1.44,0.0,1.0,0.17792291024505147,27.395,20.0,0.48598623,0.31865692,-0.69945925,0.4457958698272705,0.3955970764160156,0.09016222357749938
0.23138263546135493,0.48202713351202786,0.4828614082897047,16.919999999999998,100663.29599999984,1.44,0.0,1.0,0.025330362865069844,27.400000000000002,8.522882461547852,0.48001802,0.76284564,0.9155069,0.4440054059028625,0.528853690624237,0.5746520698070526
0.23540902399657054,0.48472587504642906,0.48306652149382084,17.64,16.596042535652515,1.44,0.0,1.0,-0.21881771294290076,27.405,8.522882461547852,0.48001802,0.76284564,0.9155069,0.4440054059028625,0.528853690624237,0.5746520698070526
0.23991706864998852,0.4836668784099152,0.4824940774322559,18.36,42533.787042253454,1.44,0.0,1.0,-0.23407696768089892,27.41,8.522882461547852,0.48001802,0.76284564,0.9155069,0.4440054059028625,0.528853690624237,0.5746520698070526
0.2527731559909758,0.476287828227864,0.4828548166498206,19.259999999999998,107853.53142857125,1.44,0.0,1.0,-0.3561510055848842,27.415,8.522882461547852,0.48001802,0.76284564,0.9155069,0.4440054059028625,0.528853690624237,0.5746520698070526
0.2733783047490272,0.47579542395553825,0.48318037494668326,20.16,104857.60000000025,1.44,0.0,1.0,-0.08148442030091729,27.42,0.0,0.11190905,1.1482494,1.5442724,0.3335727140307426,0.6,0.6
0.2896170789512757,0.45985286509063905,0.4824736133465829,21.24,39735.511578947306,1.44,0.0,1.0,-0.05096591082492097,27.425,0.0,0.11190905,1.1482494,1.5442724,0.3335727140307426,0.6,0.6
0.30523902531274283,0.4382915642835059,0.4814928403896172,22.68,172565.65028571445,1.44,0.0,1.0,-0.06622516556291913,27.43,0.0,0.11190905,1.1482494,1.5442724,0.3335727140307426,0.6,0.6
0.3237317655699071,0.4255330204963645,0.47958388107879873,24.119999999999997,177641.11058823502,1.44,0.0,1.0,-0.18829920346690443,27.435000000000002,0.0,0.11190905,1.1482494,1.5442724,0.3335727140307426,0.6,0.6
0.3389221284990016,0.4057733231016894,0.47852387213469794,25.919999999999998,235929.6000000001,1.44,0.0,1.0,-0.1577806939909081,27.44,0.0,-0.92720413,2.0551338,1.5495865,0.02183876037597656,0.6,0.6
0.35206338466900294,0.3921334964158256,0.476689821900148,27.9,159706.1907692308,1.44,0.0,1.0,0.10162663655506066,27.445,0.0,-0.92720413,2.0551338,1.5495865,0.02183876037597656,0.6,0.6
0.3665338609994357,0.39182859491926636,0.46670837552483985,30.24,56.1447935472799,1.44,0.0,1.0,-0.1577806939909081,27.45,0.0,-0.92720413,2.0551338,1.5495865,0.02183876037597656,0.6,0.6
0.37715468387856294,0.39417560218951164,0.4509985311112471,32.58,110277.20629213483,1.44,0.0,1.0,-0.26459547715689524,27.455000000000002,0.0,-0.92720413,2.0551338,1.5495865,0.02183876037597656,0.6,0.6
0.3852209488116365,0.39186637328884855,0.4369610124793203,35.1,73400.3200000001,1.44,0.0,1.0,-0.08148442030091729,27.46,0.0,-0.9641663,1.6225632,1.0800272,0.010750114917755127,0.6,0.6
0.3926286225194855,0.3939734279906645,0.41956913699209053,37.44,245366.7839999996,1.6199999999999999,18874.367999999995,1.0,-0.08148442030091729,27.465,0.0,-0.9641663,1.6225632,1.0800272,0.010750114917755127,0.6,0.6
0.39705495955177256,0.40228900093742787,0.40166579458633656,39.78,316602.30193548434,1.6199999999999999,0.0,1.0,-0.005188146610926481,27.47,0.0,-0.9641663,1.6225632,1.0800272,0.010750114917755127,0.6,0.6
0.4006607660638646,0.39776257730652104,0.38761525418954695,42.12,280419.1817142853,1.6199999999999999,0.0,1.0,-0.29511398663289157,27.475,0.0,-0.9641663,1.6225632,1.0800272,0.010750114917755127,0.6,0.6
0.4048329257606811,0.3993634349948799,0.38198875842169616,44.1,129761.28000000026,1.6199999999999999,0.0,1.0,-0.24933622241889708,27.48,0.0,-1.1877285,0.6065992,1.3888607,0.0,0.481979763507843,0.6
0.4081846634843153,0.4072336903549931,0.3801013812957341,45.9,235929.59999999963,1.6199999999999999,0.0,1.0,-0.09674367503891546,27.485,0.0,-1.1877285,0.6065992,1.3888607,0.0,0.481979763507843,0.6
0.40856385016681246,0.4107915804987099,0.3773317692374056,47.519999999999996,36.76188365650964,1.7999999999999998,4.084653739612187,1.0,-0.23407696768089892,27.490000000000002,0.0,-1.1877285,0.6065992,1.3888607,0.0,0.481979763507843,0.6
0.40751116075587734,0.4100209482412378,0.3770230302125826,48.78,97867.09333333373,1.7999999999999998,0.0,1.0,-0.26459547715689524,27.495,0.0,-1.1877285,0.6065992,1.3888607,0.0,0.481979763507843,0.6
0.40637116620587854,0.40117625558163933,0.37871456701726847,49.5,30504.029090909044,1.98,7626.007272727279,1.0,-0.11200292977691362,27.5,0.0,0.062281996,-0.9292418,1.3222866,0.3186845988035202,0.02122746706008911,0.6
0.40478473374650215,0.4109527549540503,0.37796340411099294,50.04,62914.5599999999,2.16,20971.52000000002,1.0,-0.29511398663289157,27.505,0.0,0.062281996,-0.9292418,1.3222866,0.3186845988035202,0.02122746706008911,0.6
0.4022142947498365,0.4092777568530351,0.379621378903791,50.04,0.0,2.34,26963.382857142813,1.0,0.010071108127071682,27.51,0.0,0.062281996,-0.9292418,1.3222866,0.3186845988035202,0.02122746706008911,0.6
0.4010956972417411,0.4102621529063026,0.3865579642665777,49.86,-23592.959999999963,2.34,0.0,1.0,-0.09674367503891546,27.515,0.0,0.062281996,-0.9292418,1.3222866,0.3186845988035202,0.02122746706008911,0.6
0.4003315616817384,0.42179334119108197,0.3964277217133688,49.5,-47185.919999999925,1.98,-47185.919999999984,1.0,-0.09674367503891546,27.52,0.0,1.5810176,-1.259675,-0.60361415,0.6,0.0,0.11891575455665587
0.3982225879438782,0.42476260634352014,0.40513095817323735,48.78,-91512.08727272713,1.6199999999999999,-45756.04363636365,1.0,-0.08148442030091729,27.525000000000002,0.0,1.5810176,-1.259675,-0.60361415,0.6,0.0,0.11891575455665587
0.39741365717877286,0.42365212649043554,0.4165356410139783,47.879999999999995,-121770.11612903302,1.6199999999999999,0.0,1.0,-0.12726218451491178,27.53,0.0,1.5810176,-1.259675,-0.60361415,0.6,0.0,0.11891575455665587
0.3971057531491343,0.4337308882095466,0.427615321326732,46.62,-30.401200211693734,1.6199999999999999,0.0,1.0,-0.17303994872890627,27.535,0.0,1.5810176,-1.259675,-0.60361415,0.6,0.0,0.11891575455665587
0.3910755014463582,0.43296296197834855,0.43669988492731415,45.18,-67108.8639999999,1.6199999999999999,0.0,1.0,-0.09674367503891546,27.54,8.522882461547852,1.6474566,-0.37049934,-0.48256347,0.6,0.18885019719600676,0.15523096024990082
0.3756718615755228,0.4312886460020479,0.44561523370974643,43.559999999999995,-150994.94400000043,1.6199999999999999,0.0,1.0,-0.14252143925290994,27.545,8.522882461547852,1.6474566,-0.37049934,-0.48256347,0.6,0.18885019719600676,0.15523096024990082
0.3611261182015406,0.4475474545175056,0.454274194436126,41.58,-237277.76914285676,1.6199999999999999,0.0,1.0,0.10162663655506066,27.55,8.522882461547852,1.6474566,-0.37049934,-0.48256347,0.6,0.18885019719600676,0.15523096024990082
0.34660012134089885,0.45017564605334587,0.46032285451525906,39.6,-259522.5599999996,1.6199999999999999,0.0,1.0,-0.23407696768089892,27.555,8.522882461547852,1.6474566,-0.37049934,-0.48256347,0.6,0.18885019719600676,0.15523096024990082
0.32903791707976915,0.4581365095595831,0.46608488624528005,37.26,-306708.48000000045,1.6199999999999999,0.0,1.0,-0.06622516556291913,27.560000000000002,20.0,1.091498,-0.588393,-1.2907403,0.6,0.1234821081161499,0.0
0.30888634105784285,0.4576472437077001,0.4715103055843557,34.92,-280419.1817142853,1.6199999999999999,0.0,1.0,-0.005188146610926481,27.565,20.0,1.091498,-0.588393,-1.2907403,0.6,0.1234821081161499,0.0
0.29114091888706095,0.4482421653566504,0.47617974104521116,32.4,-340956.32516129076,1.6199999999999999,0.0,1.0,0.07110812707906433,27.57,20.0,1.091498,-0.588393,-1.2907403,0.6,0.1234821081161499,0.0
0.27887715583395994,0.45263238293185837,0.48006307100498813,29.7,-62.40526370895303,1.44,-4.160350913930202,1.0,-0.08148442030091729,27.575,20.0,1.091498,-0.588393,-1.2907403,0.6,0.1234821081161499,0.0
0.27136323490645037,0.4441491170413675,0.4844247822703756,27.18,-45954.98295652173,1.44,0.0,1.0,-0.2035584582049026,27.580000000000002,8.522882461547852,1.1029269,-1.0024421,-1.7242389,0.6,0.0,0.0
0.26868466900216387,0.4393082528120858,0.48718384076776716,24.84,-258280.82526315787,1.44,0.0,1.0,0.0863673818170625,27.585,8.522882461547852,1.1029269,-1.0024421,-1.7242389,0.6,0.0,0.0
0.27021911868323345,0.43935408849946533,0.4873695162994537,22.5,-306708.48,1.44,0.0,1.0,-0.020447401348924643,27.59,8.522882461547852,1.1029269,-1.0024421,-1.7242389,0.6,0.0,0.0
0.27270036067535935,0.43160198518611154,0.48630826134664645,20.52,-286369.7213793104,1.44,0.0,1.0,-0.24933622241889708,27.595,8.522882461547852,1.1029269,-1.0024421,-1.7242389,0.6,0.0,0.0
0.2749110299050614,0.439848257767628,0.4864607766046224,18.54,-276824.0640000001,1.44,0.0,1.0,-0.020447401348924643,27.6,0.0,1.3408262,-0.93626916,-1.0275688,0.6,0.019119250774383544,0.0
0.27985581652979447,0.42021217917700465,0.48495279767946387,17.099999999999998,-183024.1745454547,1.44,0.0,1.0,0.17792291024505147,27.605,0.0,1.3408262,-0.93626916,-1.0275688,0.6,0.019119250774383544,0.0
0.2878794738197412,0.39935205460120293,0.48206840302437604,16.02,-150994.94399999976,1.44,0.0,1.0,0.05584887234106617,27.61,0.0,1.3408262,-0.93626916,-1.0275688,0.6,0.019119250774383544,0.0
0.2966135819695579,0.37459696149596305,0.4802056933606423,15.299999999999999,-97416.09290322589,1.44,0.0,1.0,-0.020447401348924643,27.615000000000002,0.0,1.3408262,-0.93626916,-1.0275688,0.6,0.019119250774383544,0.0
0.3065967789721894,0.3657621293881602,0.47668346679717544,15.12,-4.136122542896581,1.44,0.0,1.0,0.10162663655506066,27.62,0.0,1.205272,-1.4426953,-1.5156288,0.6,0.0,0.0
0.3249758400416561,0.34637359344249957,0.4623695495030703,15.479999999999999,21570.706285714252,1.44,0.0,1.0,-0.005188146610926481,27.625,0.0,1.205272,-1.4426953,-1.5156288,0.6,0.0,0.0
0.3410056242934151,0.3185041424136395,0.444956325609259,16.2,86282.82514285723,1.44,0.0,1.0,0.1626636555070533,27.63,0.0,1.205272,-1.4426953,-1.5156288,0.6,0.0,0.0
0.3539549454528603,0.31651276724145777,0.42893372948857617,17.46,46358.09684210532,1.44,0.0,1.0,-0.14252143925290994,27.635,0.0,1.205272,-1.4426953,-1.5156288,0.6,0.0,0.0
0.3692478026535123,0.30614326229933037,0.4115381935450824,19.08,219186.20903225773,1.44,0.0,1.0,-0.14252143925290994,27.64,0.0,1.2259182,-1.8114349,-1.0726819,0.6,0.0,0.0
0.38362477064364714,0.28987148791084927,0.3888258756563061,21.24,283115.52,1.44,0.0,1.0,0.025330362865069844,27.645,0.0,1.2259182,-1.8114349,-1.0726819,0.6,0.0,0.0
0.3936256121650647,0.27671570317736977,0.36419342282054956,23.759999999999998,340956.32516129024,1.44,0.0,1.0,-0.08148442030091729,27.650000000000002,0.0,1.2259182,-1.8114349,-1.0726819,0.6,0.0,0.0
0.4051234404846964,0.2706871071790564,0.3378249346191255,26.82,414018.39483870997,1.44,0.0,1.0,0.025330362865069844,27.655,0.0,1.2259182,-1.8114349,-1.0726819,0.6,0.0,0.0
0.4150526434358668,0.26625583159362715,0.3120727546156892,30.06,452984.83199999976,1.44,0.0,1.0,-0.035706656086922806,27.66,0.0,1.0044901,-1.5584313,-1.3023577,0.6,0.0,0.0
0.4219031328161644,0.25282156873767275,0.2861750476206607,33.66,85.50787944684171,1.44,0.0,1.0,-0.14252143925290994,27.665,0.0,1.0044901,-1.5584313,-1.3023577,0.6,0.0,0.0
0.4290211038465359,0.23613210333250242,0.2615875821342415,37.44,304893.636923077,1.44,0.0,1.0,0.05584887234106617,27.67,0.0,1.0044901,-1.5584313,-1.3023577,0.6,0.0,0.0
0.4358629446747046,0.21767923371219075,0.2382513143554963,41.58,168586.58796116506,1.6199999999999999,7329.851650485434,1.0,0.025330362865069844,27.675,0.0,1.0044901,-1.5584313,-1.3023577,0.6,0.0,0.0
0.4407331935378602,0.19885277396127057,0.21645443700728265,45.9,603979.7760000001,1.6199999999999999,0.0,1.0,-0.035706656086922806,27.68,0.0,1.0911487,-1.8050793,-0.14644963,0.6,0.0,0.2560651123523712
0.445763216980416,0.17689913699829807,0.19610326808129327,50.22,348449.87076923077,1.6199999999999999,0.0,1.0,0.025330362865069844,27.685000000000002,0.0,1.0911487,-1.8050793,-0.14644963,0.6,0.0,0.2560651123523712
0.4513608049593338,0.18222287874887844,0.17705453189228196,54.72,589824.0,1.6199999999999999,0.0,1.0,-0.035706656086922806,27.69,0.0,1.0911487,-1.8050793,-0.14644963,0.6,0.0,0.2560651123523712
0.4557125654638374,0.1720947582068043,0.15958471066647206,59.04,566231.04,1.6199999999999999,0.0,1.0,-0.23407696768089892,27.695,0.0,1.0911487,-1.8050793,-0.14644963,0.6,0.0,0.2560651123523712
0.45975884866440475,0.16972942617747888,0.14369753727793058,63.54,608850.5806451613,1.7999999999999998,24354.023225806442,1.0,0.17792291024505147,27.7,0.0,0.4682015,-1.2679372,-0.8298385,0.44046044647693633,0.0,0.05104844570159912
0.46444744337245447,0.149183227111777,0.1294355667617317,67.86,99.90292374703645,1.98,4.162621822793189,1.0,-0.1577806939909081,27.705000000000002,0.0,0.4682015,-1.2679372,-0.8298385,0.44046044647693633,0.0,0.05104844570159912
0.4688423369278848,0.13875048926263012,0.11571550128007026,72.0,321563.3066666667,2.16,13981.013333333345,1.0,-0.06622516556291913,27.71,0.0,0.4682015,-1.2679372,-0.8298385,0.44046044647693633,0.0,0.05104844570159912
0.4729352680833447,0.1342586797067932,0.10384119970943062,75.78,528482.3040000001,2.88,100663.29599999996,1.0,-0.23407696768089892,27.715,0.0,0.4682015,-1.2679372,-0.8298385,0.44046044647693633,0.0,0.05104844570159912
0.4774866118059223,0.11142493958035118,0.09396981712601367,79.2,512304.27428571455,3.96,161780.29714285716,1.0,-0.06622516556291913,27.72,0.0,0.36096427,-1.3065879,0.55426294,0.4082892805337906,0.0,0.46627888083457947
0.4819744025605878,0.09480658557612807,0.08538992598016547,82.25999999999999,427819.00799999834,5.58,226492.41600000003,1.0,0.010071108127071682,27.725,0.0,0.36096427,-1.3065879,0.55426294,0.4082892805337906,0.0,0.46627888083457947
0.48554007929644166,0.07839456437174454,0.07719799857614604,84.78,340956.3251612917,8.1,340956.32516129024,1.0,-0.020447401348924643,27.73,0.0,0.36096427,-1.3065879,0.55426294,0.4082892805337906,0.0,0.46627888083457947
0.4896657423832577,0.0749119217460298,0.07594801122637955,86.58,86778.70344827573,11.34,156201.66620689657,1.0,-0.24933622241889708,27.735,0.0,0.36096427,-1.3065879,0.55426294,0.4082892805337906,0.0,0.46627888083457947
0.493100405194651,0.05749093692108834,0.06387610999882226,87.84,165150.72000000067,15.479999999999999,542638.0799999998,1.0,0.07110812707906433,27.740000000000002,0.0,-0.08114965,-0.9823371,-0.45930335,0.27565510421991346,0.0052988648414611815,0.16220899522304535
0.4962279738827625,0.049597435223389164,0.0614877156681641,88.38,75497.47199999889,20.52,704643.0720000002,1.0,0.04058961760306801,27.745,0.0,-0.08114965,-0.9823371,-0.45930335,0.27565510421991346,0.0052988648414611815,0.16220899522304535
0.5001328471150129,0.04070529541513142,0.048372911819699986,88.2,-4.377959396691016,26.279999999999998,140.09470069411822,1.0,0.04058961760306801,27.75,0.0,-0.08114965,-0.9823371,-0.45930335,0.27565510421991346,0.0052988648414611815,0.16220899522304535
0.5032045328015106,0.03648340127491606,0.04989188875058712,87.84,-32824.98782608691,32.4,558024.7930434784,1.0,-0.18829920346690443,27.755,0.0,-0.08114965,-0.9823371,-0.45930335,0.27565510421991346,0.0052988648414611815,0.16220899522304535
0.5052159703498971,0.01631759707748785,0.0507231261394558,87.11999999999999,-100663.29600000182,38.16,805306.3679999997,1.0,-0.1577806939909081,27.76,0.0,-0.74710965,-0.2737833,1.1047817,0.07586710453033448,0.21786501109600068,0.6
0.5082324395734037,0.028407706231670035,0.05515040336848586,86.39999999999999,-100663.29599999984,43.559999999999995,754974.7199999999,1.0,-0.005188146610926481,27.765,0.0,-0.74710965,-0.2737833,1.1047817,0.07586710453033448,0.21786501109600068,0.6
0.5102864119747395,0.021848265015317014,0.06539882871896323,86.03999999999999,-52067.222068965435,47.699999999999996,598773.0537931036,1.0,-0.08148442030091729,27.77,0.0,-0.74710965,-0.2737833,1.1047817,0.07586710453033448,0.21786501109600068,0.6
0.5113240797899101,0.02179065869275333,0.07236248994873896,85.86,-24354.023225805453,50.4,365310.3483870972,1.0,-0.21881771294290076,27.775000000000002,0.0,-0.74710965,-0.2737833,1.1047817,0.07586710453033448,0.21786501109600068,0.6
0.5110312754375086,0.010220167012816923,0.08365008179405156,86.22,50331.64799999992,50.94,75497.47199999988,1.0,-0.020447401348924643,27.78,0.0,-0.37377274,-0.5822005,-0.22479573,0.1878681778907776,0.12533984184265137,0.2325612813234329
0.5110332392992036,0.012891462024122478,0.09816623645065843,86.58,47185.919999999925,50.22,-94371.83999999985,1.0,-0.1577806939909081,27.785,0.0,-0.37377274,-0.5822005,-0.22479573,0.1878681778907776,0.12533984184265137,0.2325612813234329
0.5107762497349031,0.016752160464733396,0.09386669161270905,87.11999999999999,12.235954706543168,48.6,-36.70786411962999,1.0,-0.11200292977691362,27.79,0.0,-0.37377274,-0.5822005,-0.22479573,0.1878681778907776,0.12533984184265137,0.2325612813234329
0.5089644380145051,0.0038689992092601267,0.092515686414583,87.47999999999999,5807.497846153837,46.62,-31941.238153846218,1.0,-0.3714102603228824,27.795,0.0,-0.37377274,-0.5822005,-0.22479573,0.1878681778907776,0.12533984184265137,0.2325612813234329
0.5086345765813582,0.0005319092616525903,0.09900935260212788,87.47999999999999,0.0,44.46,-283115.51999999955,1.0,-0.005188146610926481,27.8,0.0,0.13040847,-0.61685276,-1.1687192,0.33912253975868223,0.11494417190551758,0.0
0.5083324180910709,-0.005416721869476655,0.11853982632816568,87.47999999999999,0.0,42.12,-316602.30193548434,1.0,-0.08148442030091729,27.805,0.0,0.13040847,-0.61685276,-1.1687192,0.33912253975868223,0.11494417190551758,0.0
0.5062362118627438,-0.020508699316654142,0.13407099403313724,87.3,-26033.61103448169,39.78,-338436.9434482753,1.0,0.04058961760306801,27.810000000000002,0.0,0.13040847,-0.61685276,-1.1687192,0.33912253975868223,0.11494417190551758,0.0
0.5047787660750256,-0.01258441332712618,0.14642108196855289,86.94,-48708.04645161283,37.08,-365310.3483870972,1.0,-0.41718802453687687,27.815,0.0,0.13040847,-0.61685276,-1.1687192,0.33912253975868223,0.11494417190551758,0.0
0.5051160432161664,-0.01283436212897415,0.15346108826838006,86.39999999999999,-75497.47200000087,34.379999999999995,-377487.3600000004,1.0,0.05584887234106617,27.82,0.0,-0.038326584,-0.67631316,-1.3306652,0.28850202485918996,0.09710605144500732,0.0
0.5038570199828482,-0.019473187192167674,0.15759103733713667,85.86,-73062.06967741827,31.68,-365310.3483870962,1.0,-0.26459547715689524,27.825,0.0,-0.038326584,-0.67631316,-1.3306652,0.28850202485918996,0.09710605144500732,0.0
0.4979282396827955,-0.006012057901892552,0.16562287421663024,85.14,-91512.08727272713,28.799999999999997,-366048.3490909094,1.0,-0.08148442030091729,27.830000000000002,0.0,-0.038326584,-0.67631316,-1.3306652,0.28850202485918996,0.09710605144500732,0.0
0.4870739620710892,-0.012756324528632405,0.18395264609795725,84.42,-17.627960983696482,25.919999999999998,-70.51184393478601,1.0,0.025330362865069844,27.835,0.0,-0.038326584,-0.67631316,-1.3306652,0.28850202485918996,0.09710605144500732,0.0
0.47519997995515717,-0.006691291009783575,0.19960471035437907,83.7,-65649.97565217382,23.04,-262599.90260869556,1.0,0.07110812707906433,27.84,0.0,0.3375848,-0.6586187,-1.4393102,0.40127543807029725,0.10241439342498779,0.0
0.4583887876850684,0.007881906768507791,0.21536083034345513,82.8,-43893.87906976772,20.16,-140460.41302325577,1.0,-0.3256324961088879,27.845,0.0,0.3375848,-0.6586187,-1.4393102,0.40127543807029725,0.10241439342498779,0.0
0.43824881769872714,0.013899927735664867,0.2330075813416062,81.89999999999999,-55512.84705882388,17.099999999999998,-188743.68000000014,1.0,0.0863673818170625,27.85,0.0,0.3375848,-0.6586187,-1.4393102,0.40127543807029725,0.10241439342498779,0.0
0.42082653268959147,0.029363403037333598,0.24815708545575654,80.82,-161780.2971428569,14.219999999999999,-431414.1257142856,1.0,-0.06622516556291913,27.855,0.0,0.3375848,-0.6586187,-1.4393102,0.40127543807029725,0.10241439342498779,0.0
0.40193404323819276,0.04762471332220626,0.2564032875992111,79.74,-146124.13935483847,11.16,-414018.3948387095,1.0,-0.06622516556291913,27.86,0.0,0.15777427,-0.77140665,-1.2864178,0.34733228087425233,0.06857800483703613,0.0
0.38338511051036417,0.058158672928368536,0.260182109277856,78.48,-165150.7199999988,8.459999999999999,-353894.40000000014,1.0,0.0863673818170625,27.865000000000002,0.0,0.15777427,-0.77140665,-1.2864178,0.34733228087425233,0.06857800483703613,0.0
0.36780065307027854,0.07182852740297972,0.26189522554072797,77.22,-170478.16258064585,5.58,-389664.3716129031,1.0,-0.06622516556291913,27.87,0.0,0.15777427,-0.77140665,-1.2864178,0.34733228087425233,0.06857800483703613,0.0
0.3548403679543546,0.07311643833732295,0.26237430363908754,75.96,-28.373060742395236,2.88,-60.79941587656098,1.0,-0.26459547715689524,27.875,0.0,0.15777427,-0.77140665,-1.2864178,0.34733228087425233,0.06857800483703613,0.0
0.3453036430803434,0.07171943541531407,0.2613742146381227,73.98,-150994.94399999923,1.44,-109814.50472727272,1.0,-0.08148442030091729,27.88,0.0,0.02186643,-0.84609973,-0.9424219,0.3065599288791418,0.04617007970809937,0.017273426055908203
0.3394543758370223,0.08078328682248444,0.2601751001975939,71.28,-353894.4000000004,2.34,117964.79999999999,1.0,-0.08148442030091729,27.885,0.0,0.02186643,-0.84609973,-0.9424219,0.3065599288791418,0.04617007970809937,0.017273426055908203
0.3344796032212808,0.09261626762335114,0.2574700053255408,68.39999999999999,-389664.37161290454,3.78,194832.1858064516,1.0,-0.17303994872890627,27.89,0.0,0.02186643,-0.84609973,-0.9424219,0.3065599288791418,0.04617007970809937,0.017273426055908203
0.330060914756044,0.08830343976759117,0.24924127259717965,65.7,-377487.3599999984,5.04,176160.76800000004,1.0,-0.2798547318948934,27.895,0.0,0.02186643,-0.84609973,-0.9424219,0.3065599288791418,0.04617007970809937,0.017273426055908203
0.3274009230562953,0.08409624823534265,0.2350314657345792,62.64,-136537.98127659585,6.4799999999999995,64253.16765957444,1.0,0.2847376934110386,27.900000000000002,0.0,0.70060396,-0.8397523,-0.06448849,0.510181188583374,0.048074305057525635,0.2806534521281719
0.3259282561136495,0.07895444302079874,0.21785867626014618,59.58,-242161.70264150962,7.92,113958.44830188682,1.0,0.04058961760306801,27.905,0.0,0.70060396,-0.8397523,-0.06448849,0.510181188583374,0.048074305057525635,0.2806534521281719
0.3264450993480383,0.08609694433264467,0.19893109237738033,56.519999999999996,-401080.3200000003,9.18,165150.71999999997,1.0,-0.21881771294290076,27.91,0.0,0.70060396,-0.8397523,-0.06448849,0.510181188583374,0.048074305057525635,0.2806534521281719
0.32716843031154513,0.08980108568440534,0.1803013496084293,53.46,-414018.39483870903,10.62,194832.18580645154,1.0,-0.38666951506088054,27.915,0.0,0.70060396,-0.8397523,-0.06448849,0.510181188583374,0.048074305057525635,0.2806534521281719
0.32931730207981524,0.09836417574058966,0.1617378466342213,50.58,-70.11606408172749,11.879999999999999,30.67577803575574,1.0,0.010071108127071682,27.92,0.0,-0.014174201,-0.9517307,-0.8878032,0.2957477398216724,0.01448078155517578,0.03365904092788696
0.33202573067706354,0.08959060730045475,0.14482336771940085,47.699999999999996,-185839.93107692324,12.78,58074.978461538485,1.0,0.2084414197210478,27.925,0.0,-0.014174201,-0.9517307,-0.8878032,0.2957477398216724,0.01448078155517578,0.03365904092788696
0.3347312228850254,0.10260490546631286,0.1287383531604504,45.0,-298016.3368421048,13.5,79471.0231578948,1.0,-0.020447401348924643,27.93,0.0,-0.014174201,-0.9517307,-0.8878032,0.2957477398216724,0.01448078155517578,0.03365904092788696
0.33800028697994244,0.09811208464290268,0.11442214219299378,42.48,-293601.2800000004,13.86,41943.039999999935,1.0,-0.05096591082492097,27.935000000000002,0.0,-0.014174201,-0.9517307,-0.8878032,0.2957477398216724,0.01448078155517578,0.03365904092788696
0.3420455289070116,0.10569005014720387,0.1014158214537066,40.32,-292248.27870967693,13.68,-24354.023225806413,1.0,-0.09674367503891546,27.94,0.0,0.57537234,-0.9143578,-0.37164453,0.47261170148849485,0.025692665576934812,0.1885066419839859
0.34539977664494953,0.10795488797113492,0.0897605947574388,38.519999999999996,-228780.21818181872,12.959999999999999,-91512.08727272735,1.0,-0.17303994872890627,27.945,0.0,0.57537234,-0.9143578,-0.37164453,0.47261170148849485,0.025692665576934812,0.1885066419839859
0.34805069602275573,0.11867515177396587,0.08112186282894839,37.26,-155435.97176470564,11.52,-177641.11058823523,1.0,-0.005188146610926481,27.95,0.0,0.57537234,-0.9143578,-0.37164453,0.47261170148849485,0.025692665576934812,0.1885066419839859
0.3499918514873968,0.10750319353272664,0.06658555049700605,36.18,-141557.75999999978,9.54,-259522.56000000006,1.0,-0.4019287697988787,27.955000000000002,0.0,0.57537234,-0.9143578,-0.37164453,0.47261170148849485,0.025692665576934812,0.1885066419839859
0.3521177704948427,0.10036864221830077,0.06366859405283123,35.82,-8.21580229179588,6.84,-61.618517188469184,1.0,0.19318216498304963,27.96,0.0,0.30008698,-1.132558,-1.077852,0.3900260925292969,0.0,0.0
0.3535272602675773,0.09353976092108993,0.05094050307341635,35.82,0.0,3.42,-163005.90545454546,1.0,-0.24933622241889708,27.965,0.0,0.30008698,-1.132558,-1.077852,0.3900260925292969,0.0,0.0
0.3551550117811203,0.09178868374277134,0.04839250781088825,35.46,-39735.511578947306,1.08,-258280.82526315787,1.0,-0.09674367503891546,27.97,0.0,0.30008698,-1.132558,-1.077852,0.3900260925292969,0.0,0.0
0.3568662392315948,0.08964243013152676,0.056902066817466276,34.74,-88820.55529411751,2.16,133230.8329411765,1.0,-0.34089175084688605,27.975,0.0,0.30008698,-1.132558,-1.077852,0.3900260925292969,0.0,0.0
0.3575823104679044,0.09809961274787511,0.06372392670131968,34.379999999999995,-50331.64800000091,3.06,125829.11999999998,1.0,0.2847376934110386,27.98,0.0,0.79719555,-1.2479632,-1.4846367,0.5391586661338806,0.0,0.0
0.3588613882222344,0.09171338113473994,0.06524054605869054,34.019999999999996,-50331.64799999992,3.42,50331.64799999998,1.0,-0.09674367503891546,27.985,0.0,0.79719555,-1.2479632,-1.4846367,0.5391586661338806,0.0,0.0
0.3599560580337184,0.08500509687017484,0.06414061212538966,34.379999999999995,43141.412571428504,3.06,-43141.412571428555,1.0,-0.2035584582049026,27.990000000000002,0.0,0.79719555,-1.2479632,-1.4846367,0.5391586661338806,0.0,0.0
0.3593732739156426,0.09025629735038429,0.0789021262671847,35.28,114390.10909090981,1.7999999999999998,-160146.15272727277,1.0,-0.1577806939909081,27.995,0.0,0.79719555,-1.2479632,-1.4846367,0.5391586661338806,0.0,0.0
0.35898086772865717,0.0874398525492694,0.07180886622974704,35.82,75497.47199999988,1.6199999999999999,-25165.82399999999,1.0,0.07110812707906433,28.0,0.0,0.8642198,-1.3577317,-1.1468631,0.55926593542099,0.0,0.0
0.35793136884901877,0.09558799324051882,0.07111636308179721,36.54,16.587473731043207,1.7999999999999998,4.146868432760807,1.0,-0.12726218451491178,28.005,0.0,0.8642198,-1.3577317,-1.1468631,0.55926593542099,0.0,0.0
0.3572945881198959,0.10836619995823965,0.07370473227654639,37.44,52428.799999999916,1.6199999999999999,-10485.759999999997,1.0,-0.09674367503891546,28.01,0.0,0.8642198,-1.3577317,-1.1468631,0.55926593542099,0.0,0.0
0.3559196222520311,0.09943238405905157,0.08758912918576398,38.339999999999996,31197.302479338792,1.6199999999999999,0.0,1.0,-0.06622516556291913,28.015,0.0,0.8642198,-1.3577317,-1.1468631,0.55926593542099,0.0,0.0
0.3557309455313152,0.10341728872792998,0.09758709498354176,39.6,155435.9717647065,1.6199999999999999,0.0,1.0,0.025330362865069844,28.02,0.0,1.1145294,-1.5813313,-0.43653908,0.6,0.0,0.16903827488422393
0.3544747356944397,0.09449263648665564,0.1087472782277725,40.68,137268.1309090907,1.6199999999999999,0.0,1.0,-0.06622516556291913,28.025000000000002,0.0,1.1145294,-1.5813313,-0.43653908,0.6,0.0,0.16903827488422393
0.35265945251779024,0.09471259712103776,0.11908509946192654,41.94,165150.71999999974,1.6199999999999999,0.0,1.0,-0.09674367503891546,28.03,0.0,1.1145294,-1.5813313,-0.43653908,0.6,0.0,0.16903827488422393
0.3521406199316775,0.0887042969169777,0.124931479095223,43.199999999999996,170478.1625806449,1.6199999999999999,0.0,1.0,-0.14252143925290994,28.035,0.0,1.1145294,-1.5813313,-0.43653908,0.6,0.0,0.16903827488422393
0.3505727749405644,0.09309683019159361,0.11629675904546567,44.64,194832.18580645227,1.6199999999999999,0.0,1.0,-0.21881771294290076,28.04,0.0,1.0447587,-1.4004072,-0.29164547,0.6,0.0,0.21250635981559754
0.34918253908196617,0.07762729245774659,0.11265865448902926,45.9,182235.27724137902,1.6199999999999999,0.0,1.0,-0.09674367503891546,28.045,0.0,1.0447587,-1.4004072,-0.29164547,0.6,0.0,0.21250635981559754
0.35005508317101824,0.06198870092987524,0.117207612182174,47.339999999999996,34.35333795943435,1.6199999999999999,0.0,1.0,0.05584887234106617,28.05,0.0,1.0447587,-1.4004072,-0.29164547,0.6,0.0,0.21250635981559754
0.35794133898319147,0.06094211273329549,0.1125802805180867,48.6,97867.09333333373,1.6199999999999999,0.0,1.0,0.10162663655506066,28.055,0.0,1.0447587,-1.4004072,-0.29164547,0.6,0.0,0.21250635981559754
0.36666579109840397,0.05352381531362969,0.1086959807998803,50.04,58074.97846153837,1.6199999999999999,0.0,1.0,0.10162663655506066,28.060000000000002,0.0,1.2420332,-1.5338838,0.2499933,0.6,0.0,0.37499798834323883
0.37468654248153077,0.05121291137561673,0.094312918374661,51.3,170478.1625806449,1.6199999999999999,0.0,1.0,0.10162663655506066,28.065,0.0,1.2420332,-1.5338838,0.2499933,0.6,0.0,0.37499798834323883
0.3870294025711795,0.05398467952071604,0.08652490855280959,52.739999999999995,208268.88827586174,1.6199999999999999,0.0,1.0,-0.4019287697988787,28.07,0.0,1.2420332,-1.5338838,0.2499933,0.6,0.0,0.37499798834323883
0.3986557625623979,0.038009805222071515,0.08421816544288269,54.36,212336.6400000006,1.6199999999999999,0.0,1.0,-0.2798547318948934,28.075,0.0,1.2420332,-1.5338838,0.2499933,0.6,0.0,0.37499798834323883
0.40713644508385427,0.008879317948571164,0.0721919594414123,55.8,183024.17454545427,1.6199999999999999,0.0,1.0,0.10162663655506066,28.080000000000002,0.0,1.1036794,-1.239876,0.10178841,0.6,0.0,0.3305365227162838
0.4182491694304037,0.0038121022046506844,0.06601661751115583,57.419999999999995,119206.53473684192,1.6199999999999999,0.0,1.0,-0.17303994872890627,28.085,0.0,1.1036794,-1.239876,0.10178841,0.6,0.0,0.3305365227162838
0.42854218834651864,0.0121755926450214,0.05838018044437636,59.04,36.761088099720936,1.6199999999999999,0.0,1.0,-0.005188146610926481,28.09,0.0,1.1036794,-1.239876,0.10178841,0.6,0.0,0.3305365227162838
0.43587698738055497,0.008983074642881932,0.03732680637833503,60.66,141557.75999999978,1.6199999999999999,0.0,1.0,-0.08148442030091729,28.095,0.0,1.1036794,-1.239876,0.10178841,0.6,0.0,0.3305365227162838
0.4429145301417431,-0.005981742355262979,0.031230568085909835,62.28,219186.2090322587,1.6199999999999999,0.0,1.0,-0.05096591082492097,28.1,0.0,1.1544489,-1.4366084,0.5685504,0.6,0.0,0.4705651223659515
0.4513421272713901,0.007215385208479501,0.0214605505426156,63.9,226492.41599999965,1.6199999999999999,0.0,1.0,-0.020447401348924643,28.105,0.0,1.1544489,-1.4366084,0.5685504,0.6,0.0,0.4705651223659515
0.4562911678122891,-0.00886301515235515,0.025379547612929255,65.52,251658.2399999996,1.6199999999999999,0.0,1.0,-0.18829920346690443,28.11,0.0,1.1544489,-1.4366084,0.5685504,0.6,0.0,0.4705651223659515
0.4618969048550985,-0.014254757130281476,0.03877858173819191,67.32,86778.70344827573,1.6199999999999999,0.0,1.0,-0.1577806939909081,28.115000000000002,0.0,1.1544489,-1.4366084,0.5685504,0.6,0.0,0.4705651223659515
0.469216521674252,0.005630503728719288,0.047677323973115526,68.94,205902.19636363693,1.6199999999999999,0.0,1.0,0.05584887234106617,28.12,0.0,0.539063,-1.1285615,-0.006142631,0.46171889305114744,0.0,0.29815721064805983
0.47439330728990503,0.0073686809033863925,0.06745015038113164,70.56,226492.41600000064,1.7999999999999998,25165.82399999999,1.0,-0.17303994872890627,28.125,0.0,0.539063,-1.1285615,-0.006142631,0.46171889305114744,0.0,0.29815721064805983
0.4795879194243078,0.0005728923127858276,0.07909814543277484,72.17999999999999,212336.63999999873,1.7999999999999998,0.0,1.0,0.2084414197210478,28.13,0.0,0.539063,-1.1285615,-0.006142631,0.46171889305114744,0.0,0.29815721064805983
0.48441505797028545,0.00033472666357266256,0.09880020030518102,73.8,39.37469203265989,1.7999999999999998,0.0,1.0,-0.17303994872890627,28.135,0.0,0.539063,-1.1285615,-0.006142631,0.46171889305114744,0.0,0.29815721064805983
0.48688425272324276,-0.010160004880528442,0.1175935548913842,75.24,85067.57408450691,1.98,10633.446760563389,1.0,-0.09674367503891546,28.14,0.0,0.61598325,-1.1037991,0.03612617,0.4847949743270874,0.0,0.31083785109221934
0.4894729166719893,0.0078050189530893465,0.13228845858243857,76.67999999999999,150994.94399999976,2.16,18874.368000000017,1.0,-0.17303994872890627,28.145,0.0,0.61598325,-1.1037991,0.03612617,0.4847949743270874,0.0,0.31083785109221934
0.4926771583357774,0.018048040303312043,0.1495975677572165,77.94,142833.0551351357,2.52,40809.44432432431,1.0,0.0863673818170625,28.150000000000002,0.0,0.61598325,-1.1037991,0.03612617,0.4847949743270874,0.0,0.31083785109221934
0.49380062996430213,-0.005136630928314104,0.1670122619467679,79.02,141557.75999999978,3.06,70778.88,1.0,-0.31037324137088973,28.155,0.0,0.61598325,-1.1037991,0.03612617,0.4847949743270874,0.0,0.31083785109221934
0.49501206791199587,-0.00042497213335116423,0.1802225857551647,79.92,117964.80000000075,3.78,94371.83999999997,1.0,-0.020447401348924643,28.16,0.0,0.6102673,-0.8894615,0.14717628,0.48308018445968626,0.03316154479980469,0.34415288418531415
0.4947513364171587,-0.017942776338923393,0.19441316496744712,80.46,68634.06545454444,4.859999999999999,137268.13090909086,1.0,-0.035706656086922806,28.165,0.0,0.6102673,-0.8894615,0.14717628,0.48308018445968626,0.03316154479980469,0.34415288418531415
0.4954056445409893,-0.008717264794523531,0.20903033360864898,81.0,73062.06967742021,6.3,194832.18580645166,1.0,-0.035706656086922806,28.17,0.0,0.6102673,-0.8894615,0.14717628,0.48308018445968626,0.03316154479980469,0.34415288418531415
0.4959716182918119,-0.0014862258851794988,0.22007957345501508,81.17999999999999,4.110629845805215,7.739999999999999,32.88503876644306,1.0,0.025330362865069844,28.175,0.0,0.6102673,-0.8894615,0.14717628,0.48308018445968626,0.03316154479980469,0.34415288418531415
0.4956777720958013,0.0014291547409844116,0.23232447810065462,81.36,7947.102315789775,9.18,63576.81852631581,1.0,0.10162663655506066,28.18,0.0,0.31418383,-0.7206694,-0.01887121,0.3942551493644714,0.08379918336868286,0.2943386368453503
0.49520277413003294,-0.014312636015799827,0.24806361926451834,81.36,0.0,10.799999999999999,161780.29714285707,1.0,-0.005188146610926481,28.185000000000002,0.0,0.31418383,-0.7206694,-0.01887121,0.3942551493644714,0.08379918336868286,0.2943386368453503
0.4954692384413905,-0.012245904687803379,0.2624866782476263,81.36,0.0,12.059999999999999,150994.944,1.0,-0.1577806939909081,28.19,0.0,0.31418383,-0.7206694,-0.01887121,0.3942551493644714,0.08379918336868286,0.2943386368453503
0.4941423106664627,-0.015133295859186453,0.2750578579304115,81.17999999999999,-5852.517209302548,12.959999999999999,29262.58604651164,1.0,0.07110812707906433,28.195,0.0,0.31418383,-0.7206694,-0.01887121,0.3942551493644714,0.08379918336868286,0.2943386368453503
0.49511930960004197,-0.016952914252823057,0.2828197158690913,81.17999999999999,0.0,13.5,66615.41647058834,1.0,-0.34089175084688605,28.2,0.0,0.0046431497,0.031438947,-0.1470514,0.3013929449021816,0.3094316840171814,0.2558845818042755
0.49426177908831304,-0.010731599139053838,0.28815770148043235,81.17999999999999,0.0,13.5,0.0,1.0,0.04058961760306801,28.205000000000002,0.0,0.0046431497,0.031438947,-0.1470514,0.3013929449021816,0.3094316840171814,0.2558845818042755
0.49340450873374814,-0.02613317848857498,0.2915432760756146,81.17999999999999,0.0,13.139999999999999,-48708.04645161307,1.0,-0.020447401348924643,28.21,0.0,0.0046431497,0.031438947,-0.1470514,0.3013929449021816,0.3094316840171814,0.2558845818042755
0.4934829697147713,-0.021733700506512733,0.2943797786739224,81.17999999999999,0.0,12.78,-48708.04645161283,1.0,0.025330362865069844,28.215,0.0,0.0046431497,0.031438947,-0.1470514,0.3013929449021816,0.3094316840171814,0.2558845818042755
0.4934488678447689,-0.01319988211169091,0.29573815643143375,81.17999999999999,0.0,11.879999999999999,-21.8248725153502,1.0,0.07110812707906433,28.22,0.0,0.10327243,0.4860769,-0.026325487,0.3309817291796207,0.4458230674266815,0.2921023540198803
0.4927379720362205,-0.005497681950863143,0.29775510301277386,81.17999999999999,0.0,10.98,-51011.80540540533,1.0,-0.12726218451491178,28.225,0.0,0.10327243,0.4860769,-0.026325487,0.3309817291796207,0.4458230674266815,0.2921023540198803
0.4930761383752846,-0.018555099294787974,0.3001209631477751,81.0,-6088.505806451363,9.9,-36531.03483870968,1.0,-0.2798547318948934,28.23,0.0,0.10327243,0.4860769,-0.026325487,0.3309817291796207,0.4458230674266815,0.2921023540198803
0.4921392427313807,-0.014285575389549733,0.30305697721326313,81.0,0.0,8.64,-135508.28307692305,1.0,-0.23407696768089892,28.235,0.0,0.10327243,0.4860769,-0.026325487,0.3309817291796207,0.4458230674266815,0.2921023540198803
0.4923862845484579,-0.006654040621834133,0.30484179410660656,81.0,0.0,7.199999999999999,-183024.1745454547,1.0,-0.08148442030091729,28.240000000000002,0.0,0.43746495,0.29117763,-0.85332793,0.4312394857406616,0.38735328912734984,0.04400162100791931
0.49321696434219303,0.0024449547231097353,0.3082364360589272,80.82,-22205.138823530255,5.58,-199846.2494117646,1.0,-0.12726218451491178,28.245,0.0,0.43746495,0.29117763,-0.85332793,0.4312394857406616,0.38735328912734984,0.04400162100791931
0.49261999267210826,-0.013393781889994377,0.3120676273848524,80.82,0.0,3.78,-228780.21818181823,1.0,-0.020447401348924643,28.25,0.0,0.43746495,0.29117763,-0.85332793,0.4312394857406616,0.38735328912734984,0.04400162100791931
0.49177048302530774,-0.01448670708294491,0.31414293666555604,80.64,-21570.7062857134,1.98,-215707.06285714282,1.0,-0.24933622241889708,28.255,0.0,0.43746495,0.29117763,-0.85332793,0.4312394857406616,0.38735328912734984,0.04400162100791931
0.49103184932937793,-0.024486990352745982,0.314690343347324,79.92,-16.518427305546414,1.6199999999999999,-8.259213652773221,1.0,0.025330362865069844,28.26,0.0,0.48713157,-0.059020355,-1.5875133,0.44613946974277496,0.2822938933968544,0.0
0.4917149072088717,0.004936049163533821,0.31502616430029806,79.2,-43766.65043478254,2.34,43766.650434782605,1.0,-0.46296578875087135,28.265,0.0,0.48713157,-0.059020355,-1.5875133,0.44613946974277496,0.2822938933968544,0.0
0.49102009700373367,0.027705563628093312,0.3153245532444227,78.3,-29491.200000000186,2.6999999999999997,11796.479999999996,1.0,0.1626636555070533,28.27,0.0,0.48713157,-0.059020355,-1.5875133,0.44613946974277496,0.2822938933968544,0.0
0.4899056558010092,0.04544917854325061,0.3148726062885256,77.58,-88820.55529411751,2.88,22205.138823529433,1.0,-0.2798547318948934,28.275000000000002,0.0,0.48713157,-0.059020355,-1.5875133,0.44613946974277496,0.2822938933968544,0.0
0.4899842413821303,0.05336222234098574,0.31482900344216236,76.86,-100663.29599999984,2.6999999999999997,-25165.824000000022,1.0,0.04058961760306801,28.28,0.0,0.5825136,-0.4601287,-1.4317237,0.4747540712356567,0.1619613915681839,0.0
0.49040412021941543,0.08827614510159933,0.31421803880044086,76.14,-81618.88864864851,2.34,-40809.44432432431,1.0,0.025330362865069844,28.285,0.0,0.5825136,-0.4601287,-1.4317237,0.4747540712356567,0.1619613915681839,0.0
0.48732311834928427,0.10679904027649245,0.31315307552002325,75.42,-91512.08727272713,1.7999999999999998,-68634.06545454546,1.0,-0.12726218451491178,28.29,0.0,0.5825136,-0.4601287,-1.4317237,0.4747540712356567,0.1619613915681839,0.0
0.48060607134691524,0.11666887355727834,0.3127868432303123,74.52,-114390.10909090981,1.6199999999999999,-22878.02181818181,1.0,-0.17303994872890627,28.295,0.0,0.5825136,-0.4601287,-1.4317237,0.4747540712356567,0.1619613915681839,0.0
0.4749005540444623,0.1332031295575554,0.3121472805028368,73.61999999999999,-125829.1200000008,1.7999999999999998,25165.82399999999,1.0,0.010071108127071682,28.3,0.0,0.2927559,-0.7428999,-1.313963,0.3878267705440521,0.07713003158569336,0.0
0.4663413422999918,0.14898202055632095,0.3107364400436484,72.53999999999999,-26.345517738746032,1.98,4.39091962312435,1.0,-0.005188146610926481,28.305,0.0,0.2927559,-0.7428999,-1.313963,0.3878267705440521,0.07713003158569336,0.0
0.4553755613900815,0.17095807960328382,0.3098888092652114,71.46,-32824.98782608691,1.98,0.0,1.0,-0.05096591082492097,28.310000000000002,0.0,0.2927559,-0.7428999,-1.313963,0.3878267705440521,0.07713003158569336,0.0
0.44743306503312563,0.1873209046917969,0.30992287763067855,70.2,-88080.38399999937,1.98,0.0,1.0,-0.2798547318948934,28.315,0.0,0.2927559,-0.7428999,-1.313963,0.3878267705440521,0.07713003158569336,0.0
0.44133185886634135,0.204877441776253,0.3088455688960775,68.94,-139074.29052631636,2.16,19867.7557894737,1.0,-0.29511398663289157,28.32,0.0,0.44192144,-0.6139262,-1.2575079,0.4325764328241348,0.11582214832305908,0.0
0.4363816723620977,0.2244183362632728,0.3064568393658538,67.5,-92919.96553846139,1.98,-11614.995692307702,1.0,-0.34089175084688605,28.325,0.0,0.44192144,-0.6139262,-1.2575079,0.4325764328241348,0.11582214832305908,0.0
0.43291853159694166,0.2250231207774815,0.3036729534946972,66.24,-155435.9717647065,1.98,0.0,1.0,0.07110812707906433,28.330000000000002,0.0,0.44192144,-0.6139262,-1.2575079,0.4325764328241348,0.11582214832305908,0.0
0.43083752017276505,0.234656204370176,0.30053389423632765,64.8,-194832.1858064513,1.7999999999999998,-24354.02322580647,1.0,-0.2798547318948934,28.335,0.0,0.44192144,-0.6139262,-1.2575079,0.4325764328241348,0.11582214832305908,0.0
0.4305821556855099,0.23755947579266862,0.29219603808574873,63.36,-201326.59199999968,1.6199999999999999,-25165.82399999999,1.0,-0.1577806939909081,28.34,0.0,0.36299706,-0.053908333,-0.7582098,0.40889911651611327,0.2838275000452995,0.07253705263137818
0.4308714378382981,0.2503929552477876,0.2779569575972185,61.919999999999995,-32.30754042589622,1.6199999999999999,0.0,1.0,-0.11200292977691362,28.345,0.0,0.36299706,-0.053908333,-0.7582098,0.40889911651611327,0.2838275000452995,0.07253705263137818
0.43204335014526263,0.2534312583800521,0.25903158157949924,60.66,-57443.728695652084,1.6199999999999999,0.0,1.0,-0.11200292977691362,28.35,0.0,0.36299706,-0.053908333,-0.7582098,0.40889911651611327,0.2838275000452995,0.07253705263137818
0.43362506637978315,0.25040419209177966,0.23935920427172425,59.58,-110484.10536585348,1.6199999999999999,0.0,1.0,-0.1577806939909081,28.355,0.0,0.36299706,-0.053908333,-0.7582098,0.40889911651611327,0.2838275000452995,0.07253705263137818
0.4348359179170715,0.25627712059021596,0.2183279294885696,58.5,-129424.23771428551,1.6199999999999999,0.0,1.0,0.010071108127071682,28.36,0.0,0.75738144,0.040582184,0.33692414,0.5272144317626953,0.31217465512454506,0.4010772407054901
0.43626505286676504,0.26032033742805427,0.19803938689217132,57.599999999999994,-121770.11612903302,1.6199999999999999,0.0,1.0,-0.2798547318948934,28.365000000000002,0.0,0.75738144,0.040582184,0.33692414,0.5272144317626953,0.31217465512454506,0.4010772407054901
0.4366373532066435,0.2531376575371951,0.17812024315633884,56.879999999999995,-22536.558805970115,1.6199999999999999,0.0,1.0,-0.06622516556291913,28.37,0.0,0.75738144,0.040582184,0.33692414,0.5272144317626953,0.31217465512454506,0.4010772407054901
0.43636217955878687,0.2524532067678935,0.16016697043583153,56.339999999999996,-59603.26736842096,1.6199999999999999,0.0,1.0,-0.24933622241889708,28.375,0.0,0.75738144,0.040582184,0.33692414,0.5272144317626953,0.31217465512454506,0.4010772407054901
0.4358998280788311,0.25197266447057476,0.14285309937158605,55.98,-50331.64799999992,1.6199999999999999,0.0,1.0,-0.11200292977691362,28.38,0.0,0.0765385,0.4601964,0.6254956,0.32296155095100404,0.4380589216947555,0.4876486837863922
0.43373112565585825,0.2412554119334302,0.12769295287248297,55.8,-12582.91199999998,1.6199999999999999,0.0,1.0,-0.14252143925290994,28.385,0.0,0.0765385,0.4601964,0.6254956,0.32296155095100404,0.4380589216947555,0.4876486837863922
0.43085811470061014,0.22927828157127536,0.11319234873620966,55.62,-4.388596938923792,1.6199999999999999,0.0,1.0,0.2542191839350423,28.39,0.0,0.0765385,0.4601964,0.6254956,0.32296155095100404,0.4380589216947555,0.4876486837863922
0.42874650319946117,0.2344150995647062,0.10032900882967145,55.8,12582.91199999998,1.6199999999999999,0.0,1.0,-0.3256324961088879,28.395,0.0,0.0765385,0.4601964,0.6254956,0.32296155095100404,0.4380589216947555,0.4876486837863922
0.4270472876359492,0.23433033482698182,0.08857744593889358,55.98,22878.021818181784,1.6199999999999999,0.0,1.0,-0.14252143925290994,28.400000000000002,0.0,-0.114148095,0.122005984,0.29864535,0.2657555714249611,0.3366017952561378,0.38959360420703887
0.42592129980751564,0.22321055874729134,0.07770492256999019,56.339999999999996,47185.919999999925,1.6199999999999999,0.0,1.0,-0.18829920346690443,28.405,0.0,-0.114148095,0.122005984,0.29864535,0.2657555714249611,0.3366017952561378,0.38959360420703887
0.425322187220401,0.22618429247670593,0.06759647499798455,56.699999999999996,50331.64799999992,1.6199999999999999,0.0,1.0,0.0863673818170625,28.41,0.0,-0.114148095,0.122005984,0.29864535,0.2657555714249611,0.3366017952561378,0.38959360420703887
0.4238748528195213,0.2251702308384462,0.061715929313149016,57.059999999999995,47185.919999999925,1.6199999999999999,0.0,1.0,-0.3256324961088879,28.415,0.0,-0.114148095,0.122005984,0.29864535,0.2657555714249611,0.3366017952561378,0.38959360420703887
0.4223033151785981,0.23742572390632616,0.06512393911232879,57.599999999999994,73062.06967741923,1.6199999999999999,0.0,1.0,-0.05096591082492097,28.42,0.0,0.052934874,-0.66694164,-0.42045805,0.315880462154746,0.09991750717163085,0.1738625854253769
0.4209070344409512,0.23870020156716928,0.06477204910436073,57.96,48708.04645161379,1.6199999999999999,0.0,1.0,-0.06622516556291913,28.425,0.0,0.052934874,-0.66694164,-0.42045805,0.315880462154746,0.09991750717163085,0.1738625854253769
0.4197336745759914,0.24200521470261774,0.05532025235696579,58.32,45756.04363636357,1.6199999999999999,0.0,1.0,-0.21881771294290076,28.43,0.0,0.052934874,-0.66694164,-0.42045805,0.315880462154746,0.09991750717163085,0.1738625854253769
0.41954372496032155,0.23649672461565535,0.05932403434449331,58.86,12.474453556577515,1.7999999999999998,4.158151185525844,1.0,-0.2035584582049026,28.435000000000002,0.0,0.052934874,-0.66694164,-0.42045805,0.315880462154746,0.09991750717163085,0.1738625854253769
0.41918173556726873,0.24075984701803282,0.06215362492130185,59.22,22536.558805970115,1.7999999999999998,0.0,1.0,-0.21881771294290076,28.44,0.0,-0.031765588,-1.1045283,-0.48876914,0.29047032371163367,0.0,0.1533692568540573
0.41858543646020885,0.24721483266536692,0.07482928415587127,59.58,43141.412571428504,1.98,21570.706285714306,1.0,-0.1577806939909081,28.445,0.0,-0.031765588,-1.1045283,-0.48876914,0.29047032371163367,0.0,0.1533692568540573
0.4181679533383697,0.24170983964888273,0.0904875960444147,59.76,24354.023225806413,2.16,24354.02322580647,1.0,0.025330362865069844,28.45,0.0,-0.031765588,-1.1045283,-0.48876914,0.29047032371163367,0.0,0.1533692568540573
0.4174835327928367,0.2383575368786262,0.10936975237634593,59.94,25165.82399999996,2.34,25165.82399999996,1.0,-0.11200292977691362,28.455000000000002,0.0,-0.031765588,-1.1045283,-0.48876914,0.29047032371163367,0.0,0.1533692568540573
0.4175407635533866,0.260675163061113,0.12967623977048787,59.94,0.0,2.6999999999999997,48708.046451612885,1.0,0.07110812707906433,28.46,0.0,0.08741534,-1.2995389,-0.2816331,0.3262246012687683,0.0,0.21551006734371184
0.41429782276792015,0.27124853125819237,0.14787076442185565,59.76,-22878.021818181784,3.2399999999999998,68634.06545454546,1.0,-0.12726218451491178,28.465,0.0,0.08741534,-1.2995389,-0.2816331,0.3262246012687683,0.0,0.21551006734371184
0.40954766428135714,0.27747635565692846,0.16791560211993725,59.58,-25165.82399999996,3.96,100663.29600000003,1.0,-0.035706656086922806,28.47,0.0,0.08741534,-1.2995389,-0.2816331,0.3262246012687683,0.0,0.21551006734371184
0.4059942469961809,0.2938981396137481,0.18706449926187133,59.22,-8.165684804828178,4.68,16.331369609656374,1.0,-0.29511398663289157,28.475,0.0,0.08741534,-1.2995389,-0.2816331,0.3262246012687683,0.0,0.21551006734371184
0.39850863649378426,0.29764955937662674,0.20235185406702744,58.68,-36531.03483870962,5.76,73062.06967741936,1.0,-0.17303994872890627,28.48,0.0,0.111876816,-1.0962058,-0.31586838,0.33356304466724396,0.0,0.20523948669433592
0.3876808020171592,0.3072335544712773,0.2190502921773588,57.96,-19235.024713375766,6.84,28852.537070063696,1.0,-0.05096591082492097,28.485,0.0,0.111876816,-1.0962058,-0.31586838,0.33356304466724396,0.0,0.20523948669433592
0.3790720665600221,0.3077126813880883,0.2335492145078953,57.059999999999995,-111025.69411764776,7.92,133230.8329411765,1.0,0.05584887234106617,28.490000000000002,0.0,0.111876816,-1.0962058,-0.31586838,0.33356304466724396,0.0,0.20523948669433592
0.37051338307114046,0.3127018489430484,0.24244449461150228,56.16,-117964.79999999981,8.82,117964.80000000005,1.0,-0.2035584582049026,28.495,0.0,0.111876816,-1.0962058,-0.31586838,0.33356304466724396,0.0,0.20523948669433592
0.3621128010197953,0.3137360765701549,0.24592559497365113,55.26,-117964.79999999981,9.719999999999999,117964.79999999981,1.0,-0.11200292977691362,28.5,0.0,-0.05296606,-0.8499186,0.96405566,0.2841101825237274,0.04502441883087158,0.5892166972160339
0.3564759336580469,0.3057617271335519,0.24836508803495913,54.36,-121770.11612903206,10.44,97416.09290322589,1.0,-0.29511398663289157,28.505,0.0,-0.05296606,-0.8499186,0.96405566,0.2841101825237274,0.04502441883087158,0.5892166972160339
0.3509505472338666,0.3010881902057731,0.2498797412189067,53.46,-117964.79999999981,10.799999999999999,47185.919999999925,1.0,-0.1577806939909081,28.51,0.0,-0.05296606,-0.8499186,0.96405566,0.2841101825237274,0.04502441883087158,0.5892166972160339
0.34412896489577743,0.2903560868586006,0.24920926321153006,52.559999999999995,-125829.1200000008,10.799999999999999,0.0,1.0,-0.2798547318948934,28.515,0.0,-0.05296606,-0.8499186,0.96405566,0.2841101825237274,0.04502441883087158,0.5892166972160339
0.33931307707068115,0.29148644979236943,0.24903247173617823,51.839999999999996,-17.538992926089808,10.62,-4.384748231522452,1.0,-0.08148442030091729,28.52,0.0,0.074355885,-0.95196676,0.32998785,0.32230676561594007,0.014409971237182616,0.3989963561296463
0.33569816133437547,0.29395973234014855,0.24892026692539732,50.94,-53926.765714285626,10.08,-32356.059428571378,1.0,-0.2035584582049026,28.525000000000002,0.0,0.074355885,-0.95196676,0.32998785,0.32230676561594007,0.014409971237182616,0.3989963561296463
0.33172357997532126,0.27699666796616085,0.2479406813847028,50.4,-64712.118857142756,9.54,-64712.11885714297,1.0,-0.035706656086922806,28.53,0.0,0.074355885,-0.95196676,0.32998785,0.32230676561594007,0.014409971237182616,0.3989963561296463
0.3292306052274353,0.256888116466789,0.24746088784510642,49.68,-26490.34105263154,8.64,-33112.926315789424,1.0,-0.1577806939909081,28.535,0.0,0.074355885,-0.95196676,0.32998785,0.32230676561594007,0.014409971237182616,0.3989963561296463
0.32736279047840433,0.2327971740673453,0.247008337215462,49.14,-70778.87999999989,7.56,-141557.76000000013,1.0,-0.18829920346690443,28.54,0.0,0.1342858,-1.2746634,-0.60284555,0.3402857378125191,0.0,0.11914633512496947
0.32662805510482223,0.2074892936772814,0.24578476655900597,48.78,-24354.023225806413,6.4799999999999995,-73062.06967741936,1.0,-0.29511398663289157,28.545,0.0,0.1342858,-1.2746634,-0.60284555,0.3402857378125191,0.0,0.11914633512496947
0.3265232319462149,0.1805592941075154,0.24532181719331755,48.239999999999995,-68634.06545454625,5.04,-183024.17454545447,1.0,-0.08148442030091729,28.55,0.0,0.1342858,-1.2746634,-0.60284555,0.3402857378125191,0.0,0.11914633512496947
0.3269592215125077,0.16913829483759507,0.24485470804274032,48.059999999999995,-24354.023225806413,3.5999999999999996,-194832.18580645166,1.0,-0.14252143925290994,28.555,0.0,0.1342858,-1.2746634,-0.60284555,0.3402857378125191,0.0,0.11914633512496947
0.32760073604067325,0.14790496375332046,0.24385736921123544,47.699999999999996,-8.183830377661176,1.98,-36.82723669947534,1.0,0.025330362865069844,28.560000000000002,0.0,-0.3824281,-0.87592506,-1.2624614,0.18527156710624695,0.03722248077392578,0.0
0.3282512685553802,0.1418926005848616,0.24343760554709268,46.98,-49506.53901639336,1.6199999999999999,-24753.26950819673,1.0,-0.1577806939909081,28.565,0.0,-0.3824281,-0.87592506,-1.2624614,0.18527156710624695,0.03722248077392578,0.0
0.3291236434812511,0.1291703274196022,0.24339643582499482,46.26,-91512.08727272713,2.16,68634.06545454549,1.0,-0.020447401348924643,28.57,0.0,-0.3824281,-0.87592506,-1.2624614,0.18527156710624695,0.03722248077392578,0.0
0.3294377635144905,0.1058577997457007,0.24325935504550303,45.54,-94371.83999999985,2.52,47185.919999999984,1.0,-0.17303994872890627,28.575,0.0,-0.3824281,-0.87592506,-1.2624614,0.18527156710624695,0.03722248077392578,0.0
0.32916367764834636,0.09418702602174878,0.24500029732805445,45.0,-78100.83310344815,2.6999999999999997,26033.611034482718,1.0,0.2542191839350423,28.580000000000002,0.0,0.29962027,-0.7108799,-1.206614,0.3898860812187195,0.08673602342605591,0.0
0.32869658579050526,0.09916765006116667,0.24737312734542022,44.64,-47185.919999999925,2.52,-23592.959999999963,1.0,-0.020447401348924643,28.585,0.0,0.29962027,-0.7108799,-1.206614,0.3898860812187195,0.08673602342605591,0.0
0.3281839963895246,0.09603774288973319,0.250197480513272,44.28,-43141.412571428504,2.16,-43141.412571428555,1.0,-0.1577806939909081,28.59,0.0,0.29962027,-0.7108799,-1.206614,0.3898860812187195,0.08673602342605591,0.0
0.32660858576235613,0.09428873847839211,0.25874578184334224,44.1,-5354.430638297864,1.6199999999999999,-16063.291914893625,1.0,-0.23407696768089892,28.595,0.0,0.29962027,-0.7108799,-1.206614,0.3898860812187195,0.08673602342605591,0.0
0.32527378496468584,0.09146176280256336,0.27239464096946214,43.92,-25165.82399999996,1.6199999999999999,0.0,1.0,-0.08148442030091729,28.6,0.0,0.89281046,-0.63296545,-0.73937005,0.5678431391716003,0.1101103663444519,0.07818898558616638
0.32426416681839004,0.09669994583722956,0.2823405491173947,43.739999999999995,-4.335123253690885,1.6199999999999999,0.0,1.0,-0.1577806939909081,28.605,0.0,0.89281046,-0.63296545,-0.73937005,0.5678431391716003,0.1101103663444519,0.07818898558616638
0.32461794628068036,0.08938247960716533,0.28515156881579773,43.559999999999995,-10342.119452054778,1.6199999999999999,0.0,1.0,0.010071108127071682,28.61,0.0,0.89281046,-0.63296545,-0.73937005,0.5678431391716003,0.1101103663444519,0.07818898558616638
0.32470379430738466,0.09269775645855477,0.28688653328933433,43.559999999999995,0.0,1.6199999999999999,0.0,1.0,-0.26459547715689524,28.615000000000002,0.0,0.89281046,-0.63296545,-0.73937005,0.5678431391716003,0.1101103663444519,0.07818898558616638
0.32473654945472863,0.09541878199367604,0.288590945015407,43.739999999999995,23592.959999999963,1.6199999999999999,0.0,1.0,-0.14252143925290994,28.62,0.0,0.852257,-0.2284466,-0.8049615,0.5556771039962768,0.23146601915359497,0.05851154923439025
0.32339513555598176,0.08739302577894527,0.28803903017949195,43.739999999999995,0.0,1.6199999999999999,0.0,1.0,-0.1577806939909081,28.625,0.0,0.852257,-0.2284466,-0.8049615,0.5556771039962768,0.23146601915359497,0.05851154923439025
0.3219715520129825,0.0872271658292589,0.2873322902712442,43.92,22205.138823530255,1.6199999999999999,0.0,1.0,-0.005188146610926481,28.63,0.0,0.852257,-0.2284466,-0.8049615,0.5556771039962768,0.23146601915359497,0.05851154923439025
0.32061925234051025,0.0736278149435426,0.28780421575193466,44.1,22878.021818181784,1.6199999999999999,0.0,1.0,-0.11200292977691362,28.635,0.0,0.852257,-0.2284466,-0.8049615,0.5556771039962768,0.23146601915359497,0.05851154923439025
0.3156333210291083,0.04865052123815091,0.28661010706540546,44.28,25165.82399999996,1.6199999999999999,0.0,1.0,0.14740440076905514,28.64,0.0,0.24194884,-0.113898635,0.054231457,0.3725846529006958,0.26583040952682496,0.31626943722367284
0.30750963729482855,0.0395767050187872,0.28290032391737074,44.28,0.0,1.7999999999999998,4.1399555830952535,1.0,-0.06622516556291913,28.645,0.0,0.24194884,-0.113898635,0.054231457,0.3725846529006958,0.26583040952682496,0.31626943722367284
0.3018927905591345,0.0478496362628436,0.27362533818018275,44.46,11102.569411764689,1.7999999999999998,0.0,1.0,0.11688589129305882,28.650000000000002,0.0,0.24194884,-0.113898635,0.054231457,0.3725846529006958,0.26583040952682496,0.31626943722367284
0.2990481758199295,0.04936562934250652,0.2584248107407465,44.46,0.0,1.7999999999999998,0.0,1.0,-0.31037324137088973,28.655,0.0,0.24194884,-0.113898635,0.054231457,0.3725846529006958,0.26583040952682496,0.31626943722367284
0.29817273185390286,0.04769810247765904,0.24071710680620256,44.46,0.0,1.98,6239.460495867774,1.0,-0.09674367503891546,28.66,0.0,-0.13592069,-0.6260302,0.28569135,0.2592237934470177,0.11219093799591064,0.38570740520954133
0.29747552726648196,0.05124929539527943,0.2206259021054441,44.46,0.0,2.16,22205.138823529433,1.0,-0.1577806939909081,28.665,0.0,-0.13592069,-0.6260302,0.28569135,0.2592237934470177,0.11219093799591064,0.38570740520954133
0.297996362320018,0.05471149245224123,0.20130472382910744,44.28,-20404.72216216213,2.16,0.0,1.0,-0.2035584582049026,28.67,0.0,-0.13592069,-0.6260302,0.28569135,0.2592237934470177,0.11219093799591064,0.38570740520954133
0.2999764221892955,0.05367807291175835,0.18172440746763308,44.28,0.0,2.34,22878.021818181784,1.0,-0.26459547715689524,28.675,0.0,-0.13592069,-0.6260302,0.28569135,0.2592237934470177,0.11219093799591064,0.38570740520954133
0.301091893038908,0.06359420631800765,0.16371242417045784,44.1,-23592.959999999963,2.34,0.0,1.0,0.0863673818170625,28.68,0.0,0.25374544,-0.44207314,-0.58432573,0.37612363100051877,0.16737805902957917,0.12470228075981139
0.3026546721604202,0.07598123162739033,0.14806790057067992,44.1,0.0,2.16,-25165.82399999996,1.0,-0.2798547318948934,28.685000000000002,0.0,0.25374544,-0.44207314,-0.58432573,0.37612363100051877,0.16737805902957917,0.12470228075981139
0.3101918831033174,0.07966632096657221,0.13604702644000694,44.1,0.0,1.98,-4.298910830201575,1.0,0.05584887234106617,28.69,0.0,0.25374544,-0.44207314,-0.58432573,0.37612363100051877,0.16737805902957917,0.12470228075981139
0.32563632332816134,0.07968449145426958,0.12763064288737924,44.28,5852.517209302317,1.6199999999999999,-11705.034418604655,1.0,-0.3561510055848842,28.695,0.0,0.25374544,-0.44207314,-0.58432573,0.37612363100051877,0.16737805902957917,0.12470228075981139
0.33937642014162295,0.09236459791017905,0.12288168831277012,44.28,0.0,1.6199999999999999,0.0,1.0,0.23895992919704412,28.7,0.0,0.58360064,-0.28752995,-0.6297878,0.4750801920890808,0.21374101638793944,0.11106365919113159
0.35320687585950294,0.09170068843099878,0.12121016116076971,44.64,39735.511578947306,1.6199999999999999,0.0,1.0,-0.05096591082492097,28.705000000000002,0.0,0.58360064,-0.28752995,-0.6297878,0.4750801920890808,0.21374101638793944,0.11106365919113159
0.36764100042157505,0.11469127852037925,0.12042371636668862,44.82,22205.138823529378,1.6199999999999999,0.0,1.0,-0.06622516556291913,28.71,0.0,0.58360064,-0.28752995,-0.6297878,0.4750801920890808,0.21374101638793944,0.11106365919113159
0.3781212396247417,0.12722185747563078,0.11996692845205392,45.18,45756.04363636357,1.6199999999999999,0.0,1.0,-0.09674367503891546,28.715,0.0,0.58360064,-0.28752995,-0.6297878,0.4750801920890808,0.21374101638793944,0.11106365919113159
0.3836671564844299,0.14024461230259921,0.12103585450044356,45.72,64712.118857142756,1.6199999999999999,0.0,1.0,-0.020447401348924643,28.72,0.0,-0.07486142,0.08674475,-0.3975006,0.27754157334566115,0.32602342441678045,0.1807498186826706
0.386370323492875,0.15192155524863163,0.12714510946407132,46.26,73062.06967741923,1.6199999999999999,0.0,1.0,-0.26459547715689524,28.725,0.0,-0.07486142,0.08674475,-0.3975006,0.27754157334566115,0.32602342441678045,0.1807498186826706
0.3870328790785473,0.1568916671851325,0.13495216821284606,46.98,16.614760563380255,1.6199999999999999,0.0,1.0,0.025330362865069844,28.73,0.0,-0.07486142,0.08674475,-0.3975006,0.27754157334566115,0.32602342441678045,0.1807498186826706
0.386123562956123,0.16076376372702203,0.14358945408828547,47.879999999999995,51011.80540540533,1.6199999999999999,0.0,1.0,-0.035706656086922806,28.735,0.0,-0.07486142,0.08674475,-0.3975006,0.27754157334566115,0.32602342441678045,0.1807498186826706
0.3850488038679755,0.15625268908737835,0.15981266469954633,48.78,107853.53142857211,1.6199999999999999,0.0,1.0,-0.020447401348924643,28.740000000000002,0.0,-0.30240855,0.60407996,-0.17475772,0.2092774361371994,0.48122398853302,0.2475726842880249
0.3840143158628607,0.1494505851458921,0.1785765180565869,49.68,114390.10909090891,1.6199999999999999,0.0,1.0,-0.14252143925290994,28.745,0.0,-0.30240855,0.60407996,-0.17475772,0.2092774361371994,0.48122398853302,0.2475726842880249
0.382372375649931,0.15907085426004872,0.19134358636251161,50.58,33704.22857142852,1.6199999999999999,0.0,1.0,0.07110812707906433,28.75,0.0,-0.30240855,0.60407996,-0.17475772,0.2092774361371994,0.48122398853302,0.2475726842880249
0.38122182261982146,0.1639003451399876,0.1969962664038536,51.48,114390.10909090891,1.6199999999999999,0.0,1.0,-0.21881771294290076,28.755,0.0,-0.30240855,0.60407996,-0.17475772,0.2092774361371994,0.48122398853302,0.2475726842880249
0.37955993797810755,0.1522919912719405,0.20082926270957074,52.559999999999995,129424.23771428551,1.6199999999999999,0.0,1.0,-0.05096591082492097,28.76,0.0,0.26368457,0.46608683,-0.74315834,0.37910537123680116,0.4398260504007339,0.07705249786376953
0.3784546142490582,0.15405973378236498,0.20287462261457398,53.46,121770.11612903302,1.6199999999999999,0.0,1.0,-0.1577806939909081,28.765,0.0,0.26368457,0.46608683,-0.74315834,0.37910537123680116,0.4398260504007339,0.07705249786376953
0.37803028104670683,0.15836342782479443,0.20287206582497455,54.54,150994.94399999976,1.6199999999999999,0.0,1.0,0.010071108127071682,28.77,0.0,0.26368457,0.46608683,-0.74315834,0.37910537123680116,0.4398260504007339,0.07705249786376953
0.3764304764449364,0.15290477410507664,0.20356386030530496,55.44,21.804324043321266,1.7999999999999998,4.3608648086642585,1.0,-0.26459547715689524,28.775000000000002,0.0,0.26368457,0.46608683,-0.74315834,0.37910537123680116,0.4398260504007339,0.07705249786376953
0.37564924054758275,0.15808271669938773,0.20373174399558458,56.16,45073.11761194023,1.7999999999999998,0.0,1.0,-0.08148442030091729,28.78,0.0,0.65678406,0.44493443,-1.0281154,0.4970352172851562,0.4334803283214569,0.0
0.37582119221195776,0.17339421505776165,0.2029120446636602,57.059999999999995,39735.511578947306,1.98,7947.102315789481,1.0,-0.18829920346690443,28.785,0.0,0.65678406,0.44493443,-1.0281154,0.4970352172851562,0.4334803283214569,0.0
0.37657625741587547,0.1705004931782153,0.202896960192133,57.78,83886.0800000007,2.16,20971.52000000002,1.0,0.10162663655506066,28.79,0.0,0.65678406,0.44493443,-1.0281154,0.4970352172851562,0.4334803283214569,0.0
0.37684869825285316,0.17668749149498064,0.20305408967630778,58.32,70778.87999999989,2.34,23592.959999999963,1.0,-0.4477065340128732,28.795,0.0,0.65678406,0.44493443,-1.0281154,0.4970352172851562,0.4334803283214569,0.0
0.37596646978878445,0.19507262266237463,0.2023449648956132,58.86,73062.06967741923,2.88,73062.06967741936,1.0,-0.1577806939909081,28.8,0.0,0.5905006,0.76792717,-1.3632492,0.4771501779556274,0.5303781509399413,0.0
0.37569697919890127,0.20429005066579667,0.20214892584158173,59.22,45756.04363636357,3.42,68634.06545454546,1.0,-0.23407696768089892,28.805,0.0,0.5905006,0.76792717,-1.3632492,0.4771501779556274,0.5303781509399413,0.0
0.3758878400708538,0.21941721738402095,0.2019123615096942,59.4,14244.806037735827,4.14,56979.22415094337,1.0,0.025330362865069844,28.810000000000002,0.0,0.5905006,0.76792717,-1.3632492,0.4771501779556274,0.5303781509399413,0.0
0.37465977793402594,0.2442065010722525,0.20231058578167993,59.4,0.0,5.04,20.72614546672451,1.0,-0.21881771294290076,28.815,0.0,0.5905006,0.76792717,-1.3632492,0.4771501779556274,0.5303781509399413,0.0
0.3743033586506315,0.25606349616200647,0.20278830884165197,59.22,-11102.569411764689,6.3,77717.98588235292,1.0,-0.17303994872890627,28.82,0.0,0.73279667,1.1681937,-0.29417428,0.5198390007019043,0.6,0.2117477148771286
0.37437020535322174,0.26730075200416453,0.2027511980481353,58.86,-43141.412571428504,7.56,150994.944,1.0,-0.06622516556291913,28.825,0.0,0.73279667,1.1681937,-0.29417428,0.5198390007019043,0.6,0.2117477148771286
0.3741713296295522,0.2871820452002356,0.2023625809524727,58.32,-20222.537142857112,9.0,53926.76571428573,1.0,-0.1577806939909081,28.830000000000002,0.0,0.73279667,1.1681937,-0.29417428,0.5198390007019043,0.6,0.2117477148771286
0.37502853767395894,0.30269622510122074,0.20215234912684227,57.419999999999995,-111025.69411764776,10.799999999999999,222051.388235294,1.0,-0.1577806939909081,28.835,0.0,0.73279667,1.1681937,-0.29417428,0.5198390007019043,0.6,0.2117477148771286
0.3755648688431648,0.31638610795275646,0.20262106190120643,56.519999999999996,-125829.1199999998,12.42,226492.41600000014,1.0,0.0863673818170625,28.84,0.0,1.0884078,1.0083516,1.4828491,0.6,0.6,0.6
0.3767594838418124,0.3268743674319759,0.20234073884277579,55.44,-133230.83294117625,14.219999999999999,222051.388235294,1.0,-0.05096591082492097,28.845,0.0,1.0884078,1.0083516,1.4828491,0.6,0.6,0.6
0.3791052718552142,0.33140797330803984,0.2016087758996875,54.36,-141557.75999999978,15.84,212336.64000000013,1.0,0.05584887234106617,28.85,0.0,1.0884078,1.0083516,1.4828491,0.6,0.6,0.6
0.38008286991778595,0.3320354609453706,0.2018497066278981,53.28,-146124.13935483847,17.28,194832.18580645177,1.0,-0.12726218451491178,28.855,0.0,1.0884078,1.0083516,1.4828491,0.6,0.6,0.6
0.3819898087593312,0.3429000517961704,0.20174575200507233,52.199999999999996,-24.39034648374204,18.36,24.39034648374188,1.0,0.2542191839350423,28.86,0.0,0.76127446,1.0198058,1.6171167,0.5283823370933532,0.6,0.6
0.3843001711619986,0.34954556537948694,0.19882145927329442,51.12,-67609.67641791033,19.08,45073.11761194023,1.0,-0.24933622241889708,28.865000000000002,0.0,0.76127446,1.0198058,1.6171167,0.5283823370933532,0.6,0.6
0.38561514263471247,0.3583559962993524,0.19061931751747757,50.22,-102023.61081081066,19.439999999999998,40809.44432432426,1.0,0.07110812707906433,28.87,0.0,0.76127446,1.0198058,1.6171167,0.5283823370933532,0.6,0.6
0.38722628840343726,0.36370352518061405,0.17736687470146606,49.32,-121770.11612903206,19.439999999999998,0.0,1.0,-0.17303994872890627,28.875,0.0,0.76127446,1.0198058,1.6171167,0.5283823370933532,0.6,0.6
0.389357797000221,0.3774192337147337,0.1628360394927876,48.42,-125829.1199999998,19.439999999999998,0.0,1.0,-0.020447401348924643,28.88,0.0,0.5987475,0.59349155,2.2043254,0.47962424755096433,0.47804746627807615,0.6
0.39095208399726833,0.386349874719149,0.14709637268726067,47.699999999999996,-97416.09290322661,19.259999999999998,-24354.023225806413,1.0,-0.21881771294290076,28.885,0.0,0.5987475,0.59349155,2.2043254,0.47962424755096433,0.47804746627807615,0.6
0.3926119101577354,0.3973269606284737,0.13283950162422958,46.98,-97416.09290322565,19.08,-24354.023225806413,1.0,0.010071108127071682,28.89,0.0,0.5987475,0.59349155,2.2043254,0.47962424755096433,0.47804746627807615,0.6
0.39622058623209905,0.4189048137697394,0.12446275082524584,46.08,-34317.03272727267,18.72,-13726.813090909069,1.0,-0.11200292977691362,28.895,0.0,0.5987475,0.59349155,2.2043254,0.47962424755096433,0.47804746627807615,0.6
0.40152603313775104,0.4242445547753524,0.12265306633137527,45.54,-75497.47199999988,18.18,-75497.47199999988,1.0,-0.09674367503891546,28.900000000000002,0.0,0.0018046573,0.07574158,1.3882451,0.30054139718413353,0.32272247448563574,0.6
0.40669557092944736,0.4359174585247671,0.11974857596744588,45.0,-13.225525593562757,17.28,-22.04254265593793,1.0,-0.05096591082492097,28.905,0.0,0.0018046573,0.07574158,1.3882451,0.30054139718413353,0.32272247448563574,0.6
0.41184303852379717,0.43773476572655184,0.11875427892777499,44.46,-41943.039999999935,16.56,-55924.05333333352,1.0,-0.17303994872890627,28.91,0.0,0.0018046573,0.07574158,1.3882451,0.30054139718413353,0.32272247448563574,0.6
0.4194686815047361,0.4456666247424278,0.12399767650422115,44.28,-24354.023225806413,15.299999999999999,-170478.16258064512,1.0,-0.020447401348924643,28.915,0.0,0.0018046573,0.07574158,1.3882451,0.30054139718413353,0.32272247448563574,0.6
0.4270935604294357,0.44979935828410494,0.13295862358661145,44.1,-25165.82399999996,13.86,-201326.59199999992,1.0,0.17792291024505147,28.92,0.0,-0.15581638,0.21304817,1.3437707,0.2532550871372223,0.36391445249319077,0.6
0.4329724629630185,0.4559448323782747,0.14226330066238027,44.28,26033.611034482718,12.059999999999999,-260336.1103448277,1.0,-0.24933622241889708,28.925,0.0,-0.15581638,0.21304817,1.3437707,0.2532550871372223,0.36391445249319077,0.6
0.43992393091117465,0.46248636220941824,0.15693751612369647,44.46,24354.023225806413,10.08,-267894.2554838708,1.0,-0.21881771294290076,28.93,0.0,-0.15581638,0.21304817,1.3437707,0.2532550871372223,0.36391445249319077,0.6
0.4455321426558993,0.4672651228953947,0.1754623236233512,44.46,0.0,7.92,-258848.47542857146,1.0,-0.1577806939909081,28.935000000000002,0.0,-0.15581638,0.21304817,1.3437707,0.2532550871372223,0.36391445249319077,0.6
0.4493787128727523,0.4646415049655764,0.1910524105367488,44.64,26033.611034482718,5.9399999999999995,-286369.7213793104,1.0,0.05584887234106617,28.94,0.0,-0.04615008,0.4450991,2.0490694,0.28615497574210164,0.4335297256708145,0.6
0.45294191575955595,0.45900153726330833,0.20723530368354381,44.64,0.0,3.96,-44.451163208940834,1.0,-0.11200292977691362,28.945,0.0,-0.04615008,0.4450991,2.0490694,0.28615497574210164,0.4335297256708145,0.6
0.45558343273959767,0.46689291428391566,0.22500419378726047,44.64,0.0,2.16,-99338.77894736841,1.0,-0.06622516556291913,28.95,0.0,-0.04615008,0.4450991,2.0490694,0.28615497574210164,0.4335297256708145,0.6
0.4573029231723421,0.47054552088812457,0.2399401230842848,44.28,-37748.73599999994,1.44,-75497.47200000002,1.0,-0.08148442030091729,28.955000000000002,0.0,-0.04615008,0.4450991,2.0490694,0.28615497574210164,0.4335297256708145,0.6
0.4592127442796092,0.4649498757996135,0.25426562923236945,43.92,-26490.34105263154,1.98,39735.51157894737,1.0,-0.14252143925290994,28.96,0.0,-0.44295266,1.255159,1.5930341,0.16711420118808745,0.6,0.6
0.4603478691800854,0.4731447282649208,0.2703501246168846,43.559999999999995,-45756.04363636447,1.7999999999999998,-22878.021818181838,1.0,-0.18829920346690443,28.965,0.0,-0.44295266,1.255159,1.5930341,0.16711420118808745,0.6,0.6
0.4613277364723195,0.47425554497957856,0.2844174733054899,43.379999999999995,-23592.959999999963,1.6199999999999999,-23592.959999999992,1.0,0.19318216498304963,28.97,0.0,-0.44295266,1.255159,1.5930341,0.16711420118808745,0.6,0.6
0.4607693361428966,0.468179365669448,0.2966965056704308,43.199999999999996,-24354.023225806413,1.6199999999999999,0.0,1.0,-0.3256324961088879,28.975,0.0,-0.44295266,1.255159,1.5930341,0.16711420118808745,0.6,0.6
0.46028526583736545,0.45951352116428945,0.31063926016801696,43.199999999999996,0.0,1.6199999999999999,0.0,1.0,-0.05096591082492097,28.98,0.0,-0.7931242,1.864266,1.6410761,0.062062740325927734,0.6,0.6
0.46011925961603534,0.46166841599147856,0.32331390942193594,43.379999999999995,26963.382857142813,1.6199999999999999,0.0,1.0,-0.06622516556291913,28.985,0.0,-0.7931242,1.864266,1.6410761,0.062062740325927734,0.6,0.6
0.4584375490346054,0.45813110841124505,0.33437628357747656,43.379999999999995,0.0,1.6199999999999999,0.0,1.0,-0.09674367503891546,28.990000000000002,0.0,-0.7931242,1.864266,1.6410761,0.062062740325927734,0.6,0.6
0.4572501136109774,0.45710267662550763,0.34618867396512415,43.559999999999995,11983.725714285696,1.6199999999999999,0.0,1.0,-0.21881771294290076,28.995,0.0,-0.7931242,1.864266,1.6410761,0.062062740325927734,0.6,0.6
0.4567891385076218,0.455217784030011,0.35805268727952183,43.739999999999995,20971.519999999968,1.6199999999999999,0.0,1.0,0.05584887234106617,29.0,0.0,-1.079166,1.4099547,1.8912127,0.0,0.6,0.6
0.45507602725688895,0.45162556606180226,0.36748424814569464,43.92,22205.138823530255,1.6199999999999999,0.0,1.0,-0.14252143925290994,29.005,0.0,-1.079166,1.4099547,1.8912127,0.0,0.6,0.6
0.4536802188194016,0.4532399505743312,0.37796094466750063,43.92,0.0,1.6199999999999999,0.0,1.0,0.04058961760306801,29.01,0.0,-1.079166,1.4099547,1.8912127,0.0,0.6,0.6
0.452744860246601,0.4505054801407637,0.38800022464024825,43.92,0.0,1.6199999999999999,0.0,1.0,-0.05096591082492097,29.015,0.0,-1.079166,1.4099547,1.8912127,0.0,0.6,0.6
0.44947988662595645,0.4515718667222793,0.39641613379348517,43.92,0.0,1.6199999999999999,0.0,1.0,-0.14252143925290994,29.02,0.0,-1.2456675,-0.20652294,1.6855042,0.0,0.23804311752319335,0.6
0.4382647594452036,0.45388796820549143,0.40490166391796667,43.739999999999995,-22878.021818182686,1.6199999999999999,0.0,1.0,-0.11200292977691362,29.025000000000002,0.0,-1.2456675,-0.20652294,1.6855042,0.0,0.23804311752319335,0.6
0.42602196941709125,0.45510137997156475,0.4136471764130556,43.559999999999995,-4.1542386758814915,1.6199999999999999,0.0,1.0,-0.06622516556291913,29.03,0.0,-1.2456675,-0.20652294,1.6855042,0.0,0.23804311752319335,0.6
0.41599027217115464,0.45389229847808044,0.4202769319335049,43.379999999999995,-11102.569411764689,1.6199999999999999,0.0,1.0,-0.18829920346690443,29.035,0.0,-1.2456675,-0.20652294,1.6855042,0.0,0.23804311752319335,0.6
0.4016815666081315,0.4534890439216015,0.4266426991297491,43.019999999999996,-40809.44432432426,1.6199999999999999,0.0,1.0,0.0863673818170625,29.04,0.0,-0.30181715,-1.3826895,0.34803587,0.20945485532283784,0.0,0.40441076159477235
0.3836886631472608,0.45153645655024105,0.43350676413326883,42.48,-70778.87999999989,1.6199999999999999,0.0,1.0,-0.11200292977691362,29.045,0.0,-0.30181715,-1.3826895,0.34803587,0.20945485532283784,0.0,0.40441076159477235
0.36898321751770785,0.445993908274679,0.43886360640943994,41.94,-75497.47199999988,1.6199999999999999,0.0,1.0,-0.11200292977691362,29.05,0.0,-0.30181715,-1.3826895,0.34803587,0.20945485532283784,0.0,0.40441076159477235
0.35292168375105837,0.45175484317788545,0.44353744892045005,41.22,-97416.09290322565,1.6199999999999999,0.0,1.0,-0.24933622241889708,29.055,0.0,-0.30181715,-1.3826895,0.34803587,0.20945485532283784,0.0,0.40441076159477235
0.33545151133229983,0.45314244635900464,0.44951459949817096,40.32,-121770.11612903206,1.6199999999999999,0.0,1.0,0.025330362865069844,29.060000000000002,0.0,0.64082885,-0.7847867,-1.7242103,0.49224865436553955,0.06456398963928223,0.0
0.3211531683192303,0.45380915628813656,0.45354407842428157,39.24,-141557.75999999978,1.6199999999999999,0.0,1.0,-0.17303994872890627,29.065,0.0,0.64082885,-0.7847867,-1.7242103,0.49224865436553955,0.06456398963928223,0.0
0.3076666394329986,0.4447567710922848,0.45731517339336725,37.98,-49856.821132075675,1.6199999999999999,0.0,1.0,-0.06622516556291913,29.07,0.0,0.64082885,-0.7847867,-1.7242103,0.49224865436553955,0.06456398963928223,0.0
0.2901883308693818,0.44655305311602334,0.4620611412782037,36.54,-34.90365206134921,1.6199999999999999,0.0,1.0,0.010071108127071682,29.075,0.0,0.64082885,-0.7847867,-1.7242103,0.49224865436553955,0.06456398963928223,0.0
0.27127864342755437,0.4355099202967599,0.4660265681395636,35.1,-88820.55529411751,1.6199999999999999,0.0,1.0,0.14740440076905514,29.080000000000002,8.522882461547852,1.3223878,-0.19064903,-0.72492784,0.6,0.24280529022216796,0.08252164721488953
0.2499932706291086,0.4413507936392809,0.46928214011684594,33.3,-63443.25378151276,1.6199999999999999,0.0,1.0,-0.08148442030091729,29.085,8.522882461547852,1.3223878,-0.19064903,-0.72492784,0.6,0.24280529022216796,0.08252164721488953
0.22937408326028397,0.4398890711498839,0.47302209994924405,31.32,-237277.76914285676,1.6199999999999999,0.0,1.0,0.22370067445904596,29.09,8.522882461547852,1.3223878,-0.19064903,-0.72492784,0.6,0.24280529022216796,0.08252164721488953
0.20856464948390668,0.4321711052681816,0.476412229769426,29.34,-286369.7213793104,1.6199999999999999,0.0,1.0,-0.17303994872890627,29.095,8.522882461547852,1.3223878,-0.19064903,-0.72492784,0.6,0.24280529022216796,0.08252164721488953
0.1892927283285999,0.4310948639188017,0.4790266960861666,27.18,-292248.27870967746,1.6199999999999999,0.0,1.0,0.14740440076905514,29.1,20.0,0.4105669,0.2649452,-0.77899784,0.423170068860054,0.379483562707901,0.06630064845085144
0.17060956552509499,0.42065681197256694,0.4822916135619532,24.84,-288666.8047058823,1.44,-22205.138823529403,1.0,-0.020447401348924643,29.105,20.0,0.4105669,0.2649452,-0.77899784,0.423170068860054,0.379483562707901,0.06630064845085144
0.15336020934114536,0.41602441904737647,0.48571336901738466,22.5,-327155.712,1.44,0.0,1.0,0.14740440076905514,29.11,20.0,0.4105669,0.2649452,-0.77899784,0.423170068860054,0.379483562707901,0.06630064845085144
0.13990013140793844,0.4124229975833628,0.4872473629478234,20.16,-52.75457074670508,1.44,0.0,1.0,0.025330362865069844,29.115000000000002,20.0,0.4105669,0.2649452,-0.77899784,0.423170068860054,0.379483562707901,0.06630064845085144
0.13438110088426694,0.4179129558552074,0.4867625241839999,17.82,-70104.79542857142,1.44,0.0,1.0,-0.17303994872890627,29.12,8.522882461547852,-0.27351406,0.2999789,-1.1611124,0.2179457813501358,0.3899936735630035,0.0
0.1331185498180831,0.41644501490321,0.4867633735313448,15.299999999999999,-264241.1520000001,1.44,0.0,1.0,-0.24933622241889708,29.125,8.522882461547852,-0.27351406,0.2999789,-1.1611124,0.2179457813501358,0.3899936735630035,0.0
0.13320706409559352,0.41829874940734235,0.4861773833177153,12.959999999999999,-280419.1817142857,1.44,0.0,1.0,0.19318216498304963,29.13,8.522882461547852,-0.27351406,0.2999789,-1.1611124,0.2179457813501358,0.3899936735630035,0.0
0.13682685767131267,0.4075366676225967,0.48309814637371823,10.799999999999999,-283115.52,1.44,0.0,1.0,-0.18829920346690443,29.135,8.522882461547852,-0.27351406,0.2999789,-1.1611124,0.2179457813501358,0.3899936735630035,0.0
0.1410221101108611,0.39106736121304964,0.4812681144726642,8.64,-274536.2618181816,1.44,0.0,1.0,0.19318216498304963,29.14,0.0,0.6405755,-0.408532,-0.41122743,0.4921726584434509,0.17744040191173552,0.17663176953792573
0.14535914895802815,0.3814726473660178,0.4807958304884978,6.66,-251658.24000000005,1.44,0.0,1.0,-0.18829920346690443,29.145,0.0,0.6405755,-0.408532,-0.41122743,0.4921726584434509,0.17744040191173552,0.17663176953792573
0.15529829561113817,0.3648350990892886,0.47778715706084873,5.3999999999999995,-170478.16258064526,3.2399999999999998,243540.2322580645,1.0,2.848292489394842,29.150000000000002,0.0,0.6405755,-0.408532,-0.41122743,0.4921726584434509,0.17744040191173552,0.17663176953792573
0.1780529788929356,0.34231318967331925,0.4714869098288986,5.3999999999999995,0.0,3.78,73062.06967741936,1.0,-2.1720023194067206,29.155,0.0,0.6405755,-0.408532,-0.41122743,0.4921726584434509,0.17744040191173552,0.17663176953792573
0.19859900744337725,0.3271398682709827,0.4629636341455096,6.4799999999999995,26.408336219109085,1.6199999999999999,-52.81667243821817,1.0,6.037476729636513,29.16,0.0,0.7121179,-1.0949072,-1.4101837,0.5136353731155395,0.0,0.0
0.21391913659385953,0.31073065514560383,0.45045430292468364,7.739999999999999,94371.83999999998,1.6199999999999999,0.0,1.0,-1.4395580919828088,29.165,0.0,0.7121179,-1.0949072,-1.4101837,0.5136353731155395,0.0,0.0
0.23382473777171495,0.3146371992735632,0.43186252022251226,9.54,74749.97227722772,1.44,-7474.99722772277,1.0,0.3305154576250331,29.17,0.0,0.7121179,-1.0949072,-1.4101837,0.5136353731155395,0.0,0.0
0.25248608708314063,0.3104755909285363,0.4144700681107636,11.52,230686.72000000006,1.6199999999999999,20971.519999999993,1.0,-0.524002807702864,29.175,0.0,0.7121179,-1.0949072,-1.4101837,0.5136353731155395,0.0,0.0
0.2660258746393933,0.31240063407393887,0.3991330750238671,13.86,297414.28363636363,1.6199999999999999,0.0,1.0,0.3305154576250331,29.18,0.0,1.0621964,-1.550838,-1.0029105,0.6,0.0,0.0
0.2815372989886508,0.31461383523746533,0.381857274611381,16.56,333077.0823529411,1.6199999999999999,0.0,1.0,-0.4019287697988787,29.185000000000002,0.0,1.0621964,-1.550838,-1.0029105,0.6,0.0,0.0
0.2940911534876029,0.31222234113277314,0.36538329447700996,19.439999999999998,377487.35999999987,1.6199999999999999,0.0,1.0,-0.11200292977691362,29.19,0.0,1.0621964,-1.550838,-1.0029105,0.6,0.0,0.0
0.3000326573259251,0.3164864314081545,0.3510418131515424,22.32,402653.18400000036,1.6199999999999999,0.0,1.0,0.14740440076905514,29.195,0.0,1.0621964,-1.550838,-1.0029105,0.6,0.0,0.0
0.29974228277149695,0.3139546064525616,0.3352555218415309,25.56,72.81192548181245,1.6199999999999999,0.0,1.0,-0.23407696768089892,29.2,0.0,0.1212043,-1.1784375,-0.45213392,0.3363612905144691,0.0,0.16435982286930084
0.29890895161548015,0.30730713468340887,0.31733824035866265,28.619999999999997,135100.739368421,1.7999999999999998,7947.102315789471,1.0,0.2542191839350423,29.205000000000002,0.0,0.1212043,-1.1784375,-0.45213392,0.3363612905144691,0.0,0.16435982286930084
0.2960375374061537,0.3113948638597768,0.29958119871275224,31.86,316035.92930232576,1.7999999999999998,0.0,1.0,-0.38666951506088054,29.21,0.0,0.1212043,-1.1784375,-0.45213392,0.3363612905144691,0.0,0.16435982286930084
0.2979079266916349,0.29943779665248754,0.2830174350367129,35.28,387689.72108108125,1.7999999999999998,0.0,1.0,-0.29511398663289157,29.215,0.0,0.1212043,-1.1784375,-0.45213392,0.3363612905144691,0.0,0.16435982286930084
0.3070668384817178,0.29052937762922276,0.26872363859048093,38.519999999999996,438372.41806451546,1.7999999999999998,0.0,1.0,-0.26459547715689524,29.22,0.0,0.23412244,-0.9277973,0.6868482,0.37023673206567764,0.021660804748535156,0.5060544669628143
0.315405390710479,0.2897766710927304,0.25873036723892384,41.58,94371.84000000007,1.7999999999999998,0.0,1.0,0.14740440076905514,29.225,0.0,0.23412244,-0.9277973,0.6868482,0.37023673206567764,0.021660804748535156,0.5060544669628143
0.32513736856918196,0.29955737326179926,0.24927385021056978,44.64,337751.84842105285,2.16,39735.5115789474,1.0,-0.3256324961088879,29.23,0.0,0.23412244,-0.9277973,0.6868482,0.37023673206567764,0.021660804748535156,0.5060544669628143
0.33789430798672937,0.2948837879593881,0.23928517924966497,47.339999999999996,343170.32727272675,2.52,45756.04363636362,1.0,-0.12726218451491178,29.235,0.0,0.23412244,-0.9277973,0.6868482,0.37023673206567764,0.021660804748535156,0.5060544669628143
0.3497699721381173,0.29244503658277354,0.23037354231571638,50.04,365310.3483870972,3.06,73062.06967741936,1.0,-0.14252143925290994,29.240000000000002,0.0,0.23333424,-0.34698406,0.19242376,0.37000027298927307,0.19590478241443635,0.3577271282672882
0.3602673073266113,0.29097987223057603,0.22202318762647705,52.379999999999995,53.99856600534768,3.96,20.768679232826063,1.0,-0.1577806939909081,29.245,0.0,0.23333424,-0.34698406,0.19242376,0.37000027298927307,0.19590478241443635,0.3577271282672882
0.372829319896601,0.2672419084797429,0.21136244726526954,54.72,115466.72188235311,5.04,53292.333176470594,1.0,0.025330362865069844,29.25,0.0,0.23333424,-0.34698406,0.19242376,0.37000027298927307,0.19590478241443635,0.3577271282672882
0.38412396629108275,0.25078219812901115,0.19864746268046865,56.879999999999995,67108.8639999999,6.12,33554.432,1.0,-0.05096591082492097,29.255,0.0,0.23333424,-0.34698406,0.19242376,0.37000027298927307,0.19590478241443635,0.3577271282672882
0.3936795072372522,0.23486673002213318,0.18407039518676618,58.86,207618.04800000042,7.38,132120.57599999997,1.0,0.14740440076905514,29.26,0.0,0.66171074,-0.7619622,0.008826748,0.49851322174072266,0.07141134738922118,0.30264802426099774
0.4036494740986993,0.20498339768500878,0.16943365115918957,61.019999999999996,283115.51999999955,8.459999999999999,141557.7599999999,1.0,-0.18829920346690443,29.265,0.0,0.66171074,-0.7619622,0.008826748,0.49851322174072266,0.07141134738922118,0.30264802426099774
0.41337693647062734,0.18602926332387512,0.15442834786351695,63.0,244256.52705882402,9.54,133230.8329411765,1.0,0.11688589129305882,29.27,0.0,0.66171074,-0.7619622,0.008826748,0.49851322174072266,0.07141134738922118,0.30264802426099774
0.41879533579346273,0.1533299928529822,0.14219037219526823,64.8,222051.38823529377,10.799999999999999,155435.97176470584,1.0,-0.29511398663289157,29.275000000000002,0.0,0.66171074,-0.7619622,0.008826748,0.49851322174072266,0.07141134738922118,0.30264802426099774
0.4201980973938256,0.14330938625840675,0.1347790216717976,66.6,243540.23225806412,12.24,194832.18580645177,1.0,-0.05096591082492097,29.28,0.0,-0.0027324557,-0.5122857,-1.2433176,0.2991802632808685,0.14631428718566894,0.0
0.4204926438345631,0.1330658266782252,0.1309851245582508,68.39999999999999,243540.23225806412,13.5,170478.16258064512,1.0,-0.23407696768089892,29.285,0.0,-0.0027324557,-0.5122857,-1.2433176,0.2991802632808685,0.14631428718566894,0.0
0.4199163775327818,0.12883059102217304,0.1290071507146994,69.84,35.058032040864,15.12,39.44028604597165,1.0,-0.020447401348924643,29.29,0.0,-0.0027324557,-0.5122857,-1.2433176,0.2991802632808685,0.14631428718566894,0.0
0.4185920920320967,0.11435989655513606,0.13007118780441013,71.28,31788.409263157846,16.74,35761.960421052616,1.0,-0.29511398663289157,29.295,0.0,-0.0027324557,-0.5122857,-1.2433176,0.2991802632808685,0.14631428718566894,0.0
0.4181684721806172,0.10919747860673765,0.13404400765232335,72.53999999999999,112443.04340425451,18.54,160632.91914893623,1.0,-0.020447401348924643,29.3,0.0,0.08627869,0.0077426285,-0.4384981,0.32588360756635665,0.3023227885365486,0.1684505671262741
0.41757096874558663,0.11634221380480521,0.13926203023035844,73.61999999999999,137268.1309090907,20.16,205902.1963636365,1.0,-0.18829920346690443,29.305,0.0,0.08627869,0.0077426285,-0.4384981,0.32588360756635665,0.3023227885365486,0.1684505671262741
0.416418657838381,0.11242027167438229,0.15061333284316983,74.52,121770.11612903302,21.96,243540.2322580646,1.0,-0.09674367503891546,29.310000000000002,0.0,0.08627869,0.0077426285,-0.4384981,0.32588360756635665,0.3023227885365486,0.1684505671262741
0.4163098178014257,0.09761413412957254,0.17066755669296632,75.24,86282.82514285701,23.58,194136.35657142827,1.0,-0.11200292977691362,29.315,0.0,0.08627869,0.0077426285,-0.4384981,0.32588360756635665,0.3023227885365486,0.1684505671262741
0.41569769506218285,0.09016338572121844,0.1891494949665899,75.96,91512.08727272713,24.84,160146.1527272729,1.0,-0.05096591082492097,29.32,0.0,1.1653537,0.5655942,-0.3686479,0.6,0.469678258895874,0.18940562903881072
0.41551134494289416,0.09586183934600032,0.20640154486410772,76.67999999999999,97416.09290322565,25.74,121770.11612903206,1.0,-0.035706656086922806,29.325,0.0,1.1653537,0.5655942,-0.3686479,0.6,0.469678258895874,0.18940562903881072
0.4153678389375384,0.09607380013146635,0.22318422387608822,77.22,12.144300352277073,26.279999999999998,12.144300352276913,1.0,0.025330362865069844,29.330000000000002,0.0,1.1653537,0.5655942,-0.3686479,0.6,0.469678258895874,0.18940562903881072
0.41485117161182217,0.1001236159965191,0.2357134874742402,77.58,22878.021818181784,26.279999999999998,0.0,1.0,0.025330362865069844,29.335,0.0,1.1653537,0.5655942,-0.3686479,0.6,0.469678258895874,0.18940562903881072
0.4153687714196417,0.10195958236086948,0.2447804727678447,77.94,40809.44432432426,25.919999999999998,-40809.44432432426,1.0,-0.09674367503891546,29.34,0.0,1.0620497,1.1012648,-0.05604311,0.6,0.6,0.2831870667636394
0.4154178711024686,0.09684541880551273,0.2540839791362231,78.11999999999999,23592.95999999903,25.2,-94371.83999999985,1.0,-0.11200292977691362,29.345,0.0,1.0620497,1.1012648,-0.05604311,0.6,0.6,0.2831870667636394
0.4150643434504834,0.0980368100680794,0.2599549130480404,78.3,23592.960000000894,24.3,-117964.79999999981,1.0,-0.23407696768089892,29.35,0.0,1.0620497,1.1012648,-0.05604311,0.6,0.6,0.2831870667636394
0.4143466301988061,0.09580712657862005,0.2623271425379252,78.11999999999999,-24354.023225807374,23.22,-146124.13935483896,1.0,-0.1577806939909081,29.355,0.0,1.0620497,1.1012648,-0.05604311,0.6,0.6,0.2831870667636394
0.413974506981807,0.1036733991281504,0.26162578098189304,77.94,-7401.712941176167,22.14,-44410.277647058756,1.0,0.05584887234106617,29.36,0.0,0.42706826,1.3716354,0.9492173,0.4281204789876938,0.6,0.5847651958465576
0.41375721876489846,0.11037467097442133,0.26075690744251656,77.39999999999999,-73062.06967742021,20.88,-170478.16258064538,1.0,-0.524002807702864,29.365000000000002,0.0,0.42706826,1.3716354,0.9492173,0.4281204789876938,0.6,0.5847651958465576
0.413204327297425,0.124670870916062,0.25972267256437565,76.86,-70778.87999999896,19.8,-141557.75999999978,1.0,-0.035706656086922806,29.37,0.0,0.42706826,1.3716354,0.9492173,0.4281204789876938,0.6,0.5847651958465576
0.41233324913912284,0.1393009179638135,0.25838904704760307,75.96,-21.979013560486663,18.9,-21.979013560486575,1.0,-0.21881771294290076,29.375,0.0,0.42706826,1.3716354,0.9492173,0.4281204789876938,0.6,0.5847651958465576
0.4123620271624224,0.1526365565941537,0.2574693757998125,74.88,-70778.87999999989,17.82,-70778.87999999989,1.0,-0.14252143925290994,29.38,0.0,0.18874383,1.0915064,1.4896859,0.35662314891815183,0.6,0.6
0.41221382589449507,0.1561665180992351,0.25673545484051635,73.61999999999999,-48043.84581818201,17.099999999999998,-27453.626181818276,1.0,0.05584887234106617,29.385,0.0,0.18874383,1.0915064,1.4896859,0.35662314891815183,0.6,0.6
0.41280915091806736,0.16713732678351084,0.2546943637222151,72.17999999999999,-177641.11058823502,16.56,-66615.41647058813,1.0,0.025330362865069844,29.39,0.0,0.18874383,1.0915064,1.4896859,0.35662314891815183,0.6,0.6
0.41367920988945134,0.17143665258240048,0.2524473026031227,70.56,-234302.49931034344,15.84,-104134.44413793087,1.0,-0.14252143925290994,29.395,0.0,0.18874383,1.0915064,1.4896859,0.35662314891815183,0.6,0.6
0.41443044697813747,0.19756307701036002,0.25023777991480756,68.75999999999999,-228780.21818181963,15.299999999999999,-68634.06545454558,1.0,0.17792291024505147,29.400000000000002,0.0,-0.025563471,0.86845064,1.4168304,0.2923309586942196,0.560535192489624,0.6
0.4167151266952041,0.22687925610748164,0.24747550569445792,66.78,-251658.2399999987,15.12,-22878.021818181784,1.0,-0.34089175084688605,29.405,0.0,-0.025563471,0.86845064,1.4168304,0.2923309586942196,0.560535192489624,0.6
0.4184869175701614,0.23505620417927064,0.2451613657109858,64.8,-267894.2554838715,14.58,-73062.06967741923,1.0,0.14740440076905514,29.41,0.0,-0.025563471,0.86845064,1.4168304,0.2923309586942196,0.560535192489624,0.6
0.42012679375098116,0.24942355186427273,0.24324154894128322,62.82,-44.7580500897346,14.219999999999999,-8.137827289042695,1.0,-0.3561510055848842,29.415,0.0,-0.025563471,0.86845064,1.4168304,0.2923309586942196,0.560535192489624,0.6
0.4231225748733046,0.27255260654833635,0.24222062805910102,60.839999999999996,-125829.12000000026,13.68,-34317.03272727267,1.0,-0.4019287697988787,29.42,0.0,0.29685232,0.7068969,1.5579864,0.3890556961297989,0.5120690703392029,0.6
0.42774399209713226,0.2829498163851041,0.24214494290896393,58.86,-237277.76914285676,12.959999999999999,-86282.82514285723,1.0,-0.17303994872890627,29.425,0.0,0.29685232,0.7068969,1.5579864,0.3890556961297989,0.5120690703392029,0.6
0.4327945441101781,0.29015846783074206,0.24164799855569746,56.879999999999995,-251658.24000000051,12.059999999999999,-114390.10909090913,1.0,0.04058961760306801,29.43,0.0,0.29685232,0.7068969,1.5579864,0.3890556961297989,0.5120690703392029,0.6
0.4365071875964079,0.3084914830965425,0.24198660003059863,55.26,-234302.49931034446,10.799999999999999,-182235.27724137928,1.0,-0.26459547715689524,29.435000000000002,0.0,0.29685232,0.7068969,1.5579864,0.3890556961297989,0.5120690703392029,0.6
0.4401723179455248,0.33500345915150753,0.2435581051943088,53.64,-73856.22260869553,9.36,-65649.97565217389,1.0,0.07110812707906433,29.44,0.0,-0.27477458,0.5023997,1.8394216,0.2175676256418228,0.4507199048995971,0.6
0.4431356717508174,0.3456509297537108,0.24488855511472662,52.379999999999995,-73400.3200000003,7.56,-104857.59999999999,1.0,-0.12726218451491178,29.445,0.0,-0.27477458,0.5023997,1.8394216,0.2175676256418228,0.4507199048995971,0.6
0.4450599677024263,0.35588123230869395,0.24719577043739055,51.12,-160146.15272727248,5.58,-251658.23999999993,1.0,0.07110812707906433,29.45,0.0,-0.27477458,0.5023997,1.8394216,0.2175676256418228,0.4507199048995971,0.6
0.4462747746845126,0.3673526818479242,0.2563969127054911,50.22,-117964.79999999981,3.06,-330301.44,1.0,-0.21881771294290076,29.455000000000002,0.0,-0.27477458,0.5023997,1.8394216,0.2175676256418228,0.4507199048995971,0.6
0.4480261837900083,0.36811514563784437,0.2712886281786313,48.78,-34.91152037825928,1.44,-39.27546042554176,1.0,-0.17303994872890627,29.46,0.0,-1.2893671,1.6461667,1.5829818,0.0,0.6,0.6
0.4493819064500361,0.386110383104855,0.28529508620005506,47.16,-107853.53142857173,1.98,35951.177142857145,1.0,-0.29511398663289157,29.465,0.0,-1.2893671,1.6461667,1.5829818,0.0,0.6,0.6
0.4496746099703225,0.3926619119802994,0.30000573045194906,45.9,-37748.73599999994,2.34,10785.353142857139,1.0,0.19318216498304963,29.47,0.0,-1.2893671,1.6461667,1.5829818,0.0,0.6,0.6
0.4515170154143668,0.39527346991249507,0.31510109584769375,44.64,-160146.15272727248,1.98,-45756.04363636362,1.0,-0.31037324137088973,29.475,0.0,-1.2893671,1.6461667,1.5829818,0.0,0.6,0.6
0.45236214663992164,0.41347189676881724,0.32847007829939145,43.739999999999995,-130168.05517241462,1.44,-78100.83310344828,1.0,0.025330362865069844,29.48,0.0,-1.2569146,1.0048571,1.3131182,0.0,0.6,0.6
0.45214578548556694,0.4148283544549199,0.3406994700479933,43.019999999999996,-88820.55529411751,1.6199999999999999,22205.138823529403,1.0,-0.1577806939909081,29.485,0.0,-1.2569146,1.0048571,1.3131182,0.0,0.6,0.6
0.4532670421656014,0.4233071330420447,0.3528965528110328,42.48,-70778.87999999989,1.6199999999999999,0.0,1.0,0.19318216498304963,29.490000000000002,0.0,-1.2569146,1.0048571,1.3131182,0.0,0.6,0.6
0.45377063209178037,0.42536753680883904,0.36378411507539277,41.94,-73062.06967741923,1.6199999999999999,0.0,1.0,-0.005188146610926481,29.495,0.0,-1.2569146,1.0048571,1.3131182,0.0,0.6,0.6
0.4537915228632821,0.4317202147813808,0.37274595115899645,41.76,-4.170992784769559,1.44,-4.170992784769564,1.0,0.1626636555070533,29.5,0.0,-0.95133173,-0.09736793,0.7948522,0.01460047960281372,0.2707896217703819,0.5384556591510773
0.4530019031814515,0.43674017342886384,0.38271821913159065,41.76,0.0,1.44,0.0,1.0,-0.24933622241889708,29.505,0.0,-0.95133173,-0.09736793,0.7948522,0.01460047960281372,0.2707896217703819,0.5384556591510773
0.4519526066579078,0.44466349569681257,0.39153782217085265,41.94,19867.755789473653,1.6199999999999999,19867.75578947368,1.0,-0.1577806939909081,29.51,0.0,-0.95133173,-0.09736793,0.7948522,0.01460047960281372,0.2707896217703819,0.5384556591510773
0.4460880476855605,0.4490956036395646,0.3992449153252974,42.3,45756.04363636357,1.6199999999999999,0.0,1.0,-0.21881771294290076,29.515,0.0,-0.95133173,-0.09736793,0.7948522,0.01460047960281372,0.2707896217703819,0.5384556591510773
0.43051703347517917,0.44534485504915844,0.4072379892532913,42.48,26963.382857142813,1.6199999999999999,0.0,1.0,-0.05096591082492097,29.52,0.0,0.26984572,-0.9182484,0.27377275,0.3809537172317505,0.02452547550201416,0.3821318238973617
0.4141611997122559,0.44556627885883815,0.4143786254708678,42.66,21570.706285714252,1.6199999999999999,0.0,1.0,-0.2035584582049026,29.525000000000002,0.0,0.26984572,-0.9182484,0.27377275,0.3809537172317505,0.02452547550201416,0.3821318238973617
0.40032142025783113,0.44756019537809216,0.41988259173987585,42.839999999999996,6926.373577981641,1.6199999999999999,0.0,1.0,-0.06622516556291913,29.53,0.0,0.26984572,-0.9182484,0.27377275,0.3809537172317505,0.02452547550201416,0.3821318238973617
0.3821284338494872,0.4452237910661515,0.4262716573779056,42.839999999999996,0.0,1.6199999999999999,0.0,1.0,-0.005188146610926481,29.535,0.0,0.26984572,-0.9182484,0.27377275,0.3809537172317505,0.02452547550201416,0.3821318238973617
0.36430843097995785,0.4478383546709012,0.43232791855137054,42.839999999999996,0.0,1.6199999999999999,0.0,1.0,0.025330362865069844,29.54,0.0,1.4000256,-0.7034435,-0.91454506,0.6,0.08896694183349609,0.02563648223876953
0.3497697638754951,0.455055191986325,0.4369322442181597,42.48,-8.789507189009823,1.6199999999999999,0.0,1.0,-0.05096591082492097,29.545,0.0,1.4000256,-0.7034435,-0.91454506,0.6,0.08896694183349609,0.02563648223876953
0.3343327533672246,0.4668946782444086,0.44171297682575716,41.94,-33804.83820895517,1.6199999999999999,0.0,1.0,-0.005188146610926481,29.55,0.0,1.4000256,-0.7034435,-0.91454506,0.6,0.08896694183349609,0.02563648223876953
0.31380584679116086,0.4592102118925191,0.4473771470332335,41.22,-27962.02666666662,1.6199999999999999,0.0,1.0,-0.1577806939909081,29.555,0.0,1.4000256,-0.7034435,-0.91454506,0.6,0.08896694183349609,0.02563648223876953
0.2922369424449784,0.45901127830789795,0.4510097036729956,40.14,-133230.83294117625,1.6199999999999999,0.0,1.0,-0.020447401348924643,29.560000000000002,8.522882461547852,1.653112,0.30800265,-0.46928117,0.6,0.3924007952213287,0.15921564996242524
0.26863084646423024,0.4598239386510325,0.45496349129245334,38.879999999999995,-170478.16258064585,1.6199999999999999,0.0,1.0,-0.3714102603228824,29.565,8.522882461547852,1.653112,0.30800265,-0.46928117,0.6,0.3924007952213287,0.15921564996242524
0.24613770094603446,0.45446607260897115,0.4590257932764212,37.26,-205902.19636363603,1.6199999999999999,0.0,1.0,0.07110812707906433,29.57,8.522882461547852,1.653112,0.30800265,-0.46928117,0.6,0.3924007952213287,0.15921564996242524
0.22352958816044252,0.4486874147830955,0.4620215252202727,35.46,-222051.38823529377,1.6199999999999999,0.0,1.0,-0.05096591082492097,29.575,8.522882461547852,1.653112,0.30800265,-0.46928117,0.6,0.3924007952213287,0.15921564996242524
0.20349659808853038,0.4504925020072491,0.4644144838872023,33.48,-276824.06400000054,1.6199999999999999,0.0,1.0,0.11688589129305882,29.580000000000002,20.0,1.1070915,0.546458,0.2856929,0.6,0.4639374017715454,0.38570787012577057
0.18304448078032606,0.4422420918411422,0.46746578294279867,31.14,-52.97725038054207,1.6199999999999999,0.0,1.0,0.05584887234106617,29.585,20.0,1.1070915,0.546458,0.2856929,0.6,0.4639374017715454,0.38570787012577057
0.1658487832143902,0.43294652101587217,0.4695763864972957,28.799999999999997,-172187.21684210552,1.6199999999999999,0.0,1.0,0.0863673818170625,29.59,20.0,1.1070915,0.546458,0.2856929,0.6,0.4639374017715454,0.38570787012577057
0.15510768225118848,0.4314596187986542,0.46981048388269225,26.459999999999997,-115466.72188235294,1.6199999999999999,0.0,1.0,-0.18829920346690443,29.595,20.0,1.1070915,0.546458,0.2856929,0.6,0.4639374017715454,0.38570787012577057
0.1530883300402688,0.44239270986067825,0.4690323115859892,23.939999999999998,-330301.43999999994,1.44,-23592.959999999992,1.0,0.19318216498304963,29.6,8.522882461547852,1.4379106,0.14435229,0.741325,0.6,0.34330568611621853,0.52239750623703
0.15171394622197665,0.43262580720864346,0.46920536119464135,21.24,-377487.3599999999,1.44,0.0,1.0,0.04058961760306801,29.605,8.522882461547852,1.4379106,0.14435229,0.741325,0.6,0.34330568611621853,0.52239750623703
0.15236154645173255,0.4327818588991812,0.46767715187446735,18.72,-340956.32516129024,1.44,0.0,1.0,0.17792291024505147,29.61,8.522882461547852,1.4379106,0.14435229,0.741325,0.6,0.34330568611621853,0.52239750623703
0.16231021351398908,0.4208775276979203,0.46532594519709086,16.38,-306708.48,1.44,0.0,1.0,-0.11200292977691362,29.615000000000002,8.522882461547852,1.4379106,0.14435229,0.741325,0.6,0.34330568611621853,0.52239750623703
0.1798202682504057,0.4132862430518941,0.46458248304915895,14.04,-316602.3019354839,1.44,0.0,1.0,-0.08148442030091729,29.62,0.0,0.19842793,0.18992528,-0.055286385,0.35952837914228436,0.35697758495807647,0.2834140844643116
0.1954627651819391,0.3963747773231549,0.46329553608481616,11.879999999999999,-292248.27870967746,1.44,0.0,1.0,-0.2035584582049026,29.625,0.0,0.19842793,0.18992528,-0.055286385,0.35952837914228436,0.35697758495807647,0.2834140844643116
0.21315897308853074,0.38818418400781884,0.4576990646715576,10.26,-39.57028827003038,1.44,0.0,1.0,0.025330362865069844,29.63,0.0,0.19842793,0.18992528,-0.055286385,0.35952837914228436,0.35697758495807647,0.2834140844643116
0.23495915459877614,0.37086631014813065,0.4488605180397458,9.0,-82575.35999999999,1.44,0.0,1.0,-0.14252143925290994,29.635,0.0,0.19842793,0.18992528,-0.055286385,0.35952837914228436,0.35697758495807647,0.2834140844643116
0.25125129022488046,0.35547764796461395,0.4390683024533917,8.1,-107853.53142857147,1.44,0.0,1.0,0.04058961760306801,29.64,0.0,-0.13227272,0.26468593,0.5652284,0.26031818389892575,0.3794057786464691,0.46956852078437805
0.26712679483365404,0.3509929163423523,0.4249047927107104,7.739999999999999,-43141.41257142861,1.44,0.0,1.0,-0.17303994872890627,29.645,0.0,-0.13227272,0.26468593,0.5652284,0.26031818389892575,0.3794057786464691,0.46956852078437805
0.2866657307605748,0.35547671056465385,0.40725333975772987,7.92,24354.023225806533,1.44,0.0,1.0,0.025330362865069844,29.650000000000002,0.0,-0.13227272,0.26468593,0.5652284,0.26031818389892575,0.3794057786464691,0.46956852078437805
0.302359854537817,0.3596659665952413,0.39321314985676403,8.64,24957.841983471095,1.44,0.0,1.0,-0.020447401348924643,29.655,0.0,-0.13227272,0.26468593,0.5652284,0.26031818389892575,0.3794057786464691,0.46956852078437805
0.31496629244579194,0.358311533930416,0.3832089590743203,9.9,155435.97176470584,1.44,0.0,1.0,-0.020447401348924643,29.66,0.0,0.18036088,0.81782055,1.8034189,0.35410826504230497,0.5453461647033692,0.6
0.33061353268362337,0.3556971732423356,0.3767721989493834,11.52,219186.20903225796,1.44,0.0,1.0,-0.035706656086922806,29.665,0.0,0.18036088,0.81782055,1.8034189,0.35410826504230497,0.5453461647033692,0.6
0.3440597108733969,0.3582337708202677,0.3723761020914329,13.68,283115.52,1.44,0.0,1.0,-0.17303994872890627,29.67,0.0,0.18036088,0.81782055,1.8034189,0.35410826504230497,0.5453461647033692,0.6
0.3541745232697197,0.3542226834748527,0.37065179616250904,16.38,61.23237070480411,1.44,0.0,1.0,-0.12726218451491178,29.675,0.0,0.18036088,0.81782055,1.8034189,0.35410826504230497,0.5453461647033692,0.6
0.3658583046901915,0.35989908754680344,0.3712112841759688,19.439999999999998,237677.22666666657,1.44,0.0,1.0,-0.06622516556291913,29.68,0.0,0.22879705,0.74071455,1.7972952,0.3686391144990921,0.5222143650054931,0.6
0.37752041512547563,0.3661383661317182,0.37030488450096916,23.04,142448.06037735855,1.44,0.0,1.0,-0.18829920346690443,29.685000000000002,0.0,0.22879705,0.74071455,1.7972952,0.3686391144990921,0.5222143650054931,0.6
0.38363227521996207,0.3553495165946078,0.3696773208879434,26.64,503316.4800000002,1.44,0.0,1.0,-0.06622516556291913,29.69,0.0,0.22879705,0.74071455,1.7972952,0.3686391144990921,0.5222143650054931,0.6
0.3857346785409595,0.3441906805316256,0.36971136448575787,30.599999999999998,519045.11999999965,1.44,0.0,1.0,-0.05096591082492097,29.695,0.0,0.22879705,0.74071455,1.7972952,0.3686391144990921,0.5222143650054931,0.6
0.3865108613195355,0.3547504991806472,0.3693392101986481,34.56,519045.1200000006,1.44,0.0,1.0,-0.005188146610926481,29.7,0.0,-1.052626,1.9180158,1.7078589,0.0,0.6,0.6
0.3850113126611609,0.36043767553123873,0.36925633690642895,38.519999999999996,120358.28869565198,1.6199999999999999,5470.831304347824,1.0,-0.020447401348924643,29.705000000000002,0.0,-1.052626,1.9180158,1.7078589,0.0,0.6,0.6
0.38037113287897695,0.3673922661177973,0.3700490725548704,42.48,296597.2114285715,1.6199999999999999,0.0,1.0,0.010071108127071682,29.71,0.0,-1.052626,1.9180158,1.7078589,0.0,0.6,0.6
0.37666512022044196,0.37599833984674835,0.3697731375817075,46.26,85.09633904418398,1.6199999999999999,0.0,1.0,-0.035706656086922806,29.715,0.0,-1.052626,1.9180158,1.7078589,0.0,0.6,0.6
0.37229703940710135,0.38420887502555373,0.3697549340076317,49.5,49596.87941605842,1.7999999999999998,2755.3821897810208,1.0,-0.005188146610926481,29.72,0.0,-1.4978279,1.7148812,1.5183104,0.0,0.6,0.6
0.3674962493888116,0.38581989585801785,0.3711791057836435,52.559999999999995,320864.25599999947,1.98,18874.368000000017,1.0,0.025330362865069844,29.725,0.0,-1.4978279,1.7148812,1.5183104,0.0,0.6,0.6
0.3647961113621175,0.3862856762117533,0.37126688799882435,54.9,306708.48000000045,2.52,70778.88,1.0,-0.035706656086922806,29.73,0.0,-1.4978279,1.7148812,1.5183104,0.0,0.6,0.6
0.36210475413190607,0.3879572258242347,0.37138897841676843,56.699999999999996,235929.59999999963,3.2399999999999998,94371.83999999997,1.0,-0.12726218451491178,29.735,0.0,-1.4978279,1.7148812,1.5183104,0.0,0.6,0.6
0.35980684750731623,0.3853364601498122,0.3737424820005756,57.96,170478.16258064585,4.32,146124.1393548388,1.0,0.025330362865069844,29.740000000000002,0.0,-1.3799411,0.80902517,1.146824,0.0,0.5427075505256652,0.6
0.3587513902315448,0.39755754204342825,0.37914170274377784,58.5,73062.06967741923,5.22,121770.11612903219,1.0,-0.23407696768089892,29.745,0.0,-1.3799411,0.80902517,1.146824,0.0,0.5427075505256652,0.6
0.357832040559919,0.4045978807059268,0.38456844034456417,58.68,23592.959999999963,6.12,117964.80000000005,1.0,-0.005188146610926481,29.75,0.0,-1.3799411,0.80902517,1.146824,0.0,0.5427075505256652,0.6
0.3578546535232897,0.39962922388301414,0.3918073918276325,58.32,-52067.222068965435,6.4799999999999995,52067.222068965435,1.0,-0.2035584582049026,29.755,0.0,-1.3799411,0.80902517,1.146824,0.0,0.5427075505256652,0.6
0.35801266856472314,0.40303911087303645,0.40311863405576914,57.96,-8.746333020540076,6.12,-8.746333020540076,1.0,-0.020447401348924643,29.76,0.0,-0.2418463,-0.56264925,1.5804511,0.227446112036705,0.13120522499084472,0.6
0.3577283601932398,0.40608664089095226,0.4142382083559804,57.239999999999995,-52067.22206896595,5.22,-65084.027586206925,1.0,-0.1577806939909081,29.765,0.0,-0.2418463,-0.56264925,1.5804511,0.227446112036705,0.13120522499084472,0.6
0.3577831595362424,0.4071451943478187,0.42288638373794085,56.16,-125829.1199999998,3.78,-167772.16,1.0,0.10162663655506066,29.77,0.0,-0.2418463,-0.56264925,1.5804511,0.227446112036705,0.13120522499084472,0.6
0.35733445244653367,0.4068439266826625,0.43262913066780184,55.08,-150994.94399999976,1.98,-251658.23999999996,1.0,-0.12726218451491178,29.775000000000002,0.0,-0.2418463,-0.56264925,1.5804511,0.227446112036705,0.13120522499084472,0.6
0.3579693855304974,0.4179749288105021,0.44124714269796594,52.739999999999995,-338436.9434482764,1.6199999999999999,-52067.22206896553,1.0,0.22370067445904596,29.78,0.0,1.5261708,-0.92326903,0.27515846,0.6,0.023019289970397948,0.38254753947257997
0.35905941840721417,0.4141282064997752,0.448741764434762,50.4,-297414.28363636316,1.98,45756.04363636365,1.0,-0.3256324961088879,29.785,0.0,1.5261708,-0.92326903,0.27515846,0.6,0.023019289970397948,0.38254753947257997
0.3582685394641519,0.4164971596601723,0.4566827037010296,47.879999999999995,-320292.3054545458,1.44,-68634.06545454546,1.0,-0.11200292977691362,29.79,0.0,1.5261708,-0.92326903,0.27515846,0.6,0.023019289970397948,0.38254753947257997
0.3506829719995998,0.4265567552457063,0.46371070733163944,45.0,-377487.3599999994,1.6199999999999999,23592.959999999992,1.0,-0.05096591082492097,29.795,0.0,1.5261708,-0.92326903,0.27515846,0.6,0.023019289970397948,0.38254753947257997
0.33270690985911877,0.4302635409936172,0.4690351688771092,42.12,-66.58065745088967,1.6199999999999999,0.0,1.0,0.025330362865069844,29.8,8.522882461547852,1.4988878,-0.40312767,-1.2575898,0.6,0.1790616989135742,0.0
0.31066888055492514,0.4423720415336993,0.4736399320904352,38.699999999999996,-86412.76915662654,1.6199999999999999,0.0,1.0,-0.23407696768089892,29.805,8.522882461547852,1.4988878,-0.40312767,-1.2575898,0.6,0.1790616989135742,0.0
0.2849294246536756,0.437380548933595,0.47815486346223823,35.28,-298844.1599999995,1.6199999999999999,0.0,1.0,-0.14252143925290994,29.810000000000002,8.522882461547852,1.4988878,-0.40312767,-1.2575898,0.6,0.1790616989135742,0.0
0.2602891090397095,0.4525159611473183,0.48105354161903896,31.68,-419430.40000000014,1.6199999999999999,0.0,1.0,-0.05096591082492097,29.815,8.522882461547852,1.4988878,-0.40312767,-1.2575898,0.6,0.1790616989135742,0.0
0.23514232457561107,0.46130235133530173,0.4837518706729774,28.08,-251658.2400000001,1.6199999999999999,0.0,1.0,0.1626636555070533,29.82,20.0,1.3365511,-0.35541016,-0.10523947,0.6,0.19337695240974426,0.26842815801501274
0.21212983586586898,0.4566256888299783,0.48655568247441533,24.3,-480438.4581818179,1.44,-22878.02181818181,1.0,-0.21881771294290076,29.825,20.0,1.3365511,-0.35541016,-0.10523947,0.6,0.19337695240974426,0.26842815801501274
0.19122857047805958,0.44952253608843373,0.4881659715851452,20.52,-480438.4581818183,1.44,0.0,1.0,0.17792291024505147,29.830000000000002,20.0,1.3365511,-0.35541016,-0.10523947,0.6,0.19337695240974426,0.26842815801501274
0.17813021306628438,0.4503468849612822,0.48983949119542597,16.74,-495452.16000000015,1.44,0.0,1.0,-0.26459547715689524,29.835,20.0,1.3365511,-0.35541016,-0.10523947,0.6,0.19337695240974426,0.26842815801501274
0.1730086252610611,0.44083794410371735,0.4914126101204941,13.139999999999999,-520672.2206896551,1.44,0.0,1.0,-0.005188146610926481,29.84,8.522882461547852,1.0825557,-0.93995404,-1.4199547,0.6,0.018013787269592286,0.0
0.1711572509748816,0.4361959320692013,0.49257228453507207,9.54,-86.49981611012768,1.44,0.0,1.0,-0.29511398663289157,29.845,8.522882461547852,1.0825557,-0.93995404,-1.4199547,0.6,0.018013787269592286,0.0
0.17293953118730276,0.43442717483559046,0.49177772399993963,6.3,-150994.94399999996,1.44,0.0,1.0,0.07110812707906433,29.85,8.522882461547852,1.0825557,-0.93995404,-1.4199547,0.6,0.018013787269592286,0.0
0.17723537690595684,0.4375068647325309,0.49074759619723757,3.96,-239382.2282926829,5.9399999999999995,460350.43902439025,1.0,0.43733024079102023,29.855,8.522882461547852,1.0825557,-0.93995404,-1.4199547,0.6,0.018013787269592286,0.0
0.1797390372837704,0.428059470839307,0.49315245501231214,3.2399999999999998,-91512.0872727273,7.739999999999999,228780.21818181817,1.0,0.7272560808129853,29.86,0.0,1.269065,-1.2622267,-1.665577,0.6,0.0,0.0
0.18229377872208624,0.4284332764482166,0.49262750894439333,3.96,21883.32521739131,5.76,-60179.14434782607,1.0,1.4902188177129503,29.865000000000002,0.0,1.269065,-1.2622267,-1.665577,0.6,0.0,0.0
0.1934973916250897,0.43151498395600557,0.4890111399130127,6.12,258848.47542857146,2.52,-388272.71314285713,1.0,2.787255470442849,29.87,0.0,1.269065,-1.2622267,-1.665577,0.6,0.0,0.0
0.21049146922938236,0.4145748607288994,0.4876077713838029,8.1,237277.76914285708,1.26,-150994.944,1.0,0.11688589129305882,29.875,0.0,1.269065,-1.2622267,-1.665577,0.6,0.0,0.0
0.22506654610942428,0.398927009896341,0.48478263110734965,10.44,175261.98857142855,1.98,53926.76571428571,1.0,-0.12726218451491178,29.88,0.0,1.3952634,-1.5631012,-1.6996051,0.6,0.0,0.0
0.24130132732199613,0.3748796059567434,0.4777213913197357,13.139999999999999,61.256218052392704,1.44,-12.251243610478545,1.0,0.31525620288703493,29.885,0.0,1.3952634,-1.5631012,-1.6996051,0.6,0.0,0.0
0.261562874998705,0.3649494144801364,0.4621363223754669,15.84,188743.68000000008,1.6199999999999999,12582.911999999995,1.0,-1.088595233008796,29.89,0.0,1.3952634,-1.5631012,-1.6996051,0.6,0.0,0.0
0.27730510099655153,0.35272012244566686,0.44289828581018315,18.9,401080.31999999983,1.6199999999999999,0.0,1.0,0.8645893734550256,29.895,0.0,1.3952634,-1.5631012,-1.6996051,0.6,0.0,0.0
0.29169731224184686,0.35131238046229735,0.42162793067593,22.14,452984.8320000003,1.6199999999999999,0.0,1.0,-0.8444471572008254,29.900000000000002,0.0,1.4744285,-2.006909,-0.61723727,0.6,0.0,0.11482881903648376
0.30840929410051837,0.3322054888765031,0.40257896321019687,25.74,520672.2206896549,1.6199999999999999,0.0,1.0,0.4525894955290184,29.905,0.0,1.4744285,-2.006909,-0.61723727,0.6,0.0,0.11482881903648376
0.3224314113337684,0.310305218580405,0.3882466095622092,29.16,421897.63764705905,1.6199999999999999,0.0,1.0,-0.8139286477248291,29.91,0.0,1.4744285,-2.006909,-0.61723727,0.6,0.0,0.11482881903648376
0.33429751866144153,0.2978288838679121,0.3732204895419447,32.94,466307.91529411735,1.6199999999999999,0.0,1.0,0.5746635334330037,29.915,0.0,1.4744285,-2.006909,-0.61723727,0.6,0.0,0.11482881903648376
0.34815152791152465,0.2903601727247353,0.355317736073395,36.72,156974.94178217827,1.6199999999999999,0.0,1.0,-0.4019287697988787,29.92,0.0,1.1157686,-1.5469885,-1.0327046,0.6,0.0,0.0
0.3605784517087855,0.27548866179626347,0.33398104558968994,40.5,495452.16000000015,1.6199999999999999,0.0,1.0,-0.08148442030091729,29.925,0.0,1.1157686,-1.5469885,-1.0327046,0.6,0.0,0.0
0.3706996544949475,0.25743844875810556,0.3113276523235346,44.46,96.60978368222986,1.6199999999999999,0.0,1.0,-0.18829920346690443,29.93,0.0,1.1157686,-1.5469885,-1.0327046,0.6,0.0,0.0
0.3815935129748477,0.2503753602477573,0.28722593340050384,48.42,99457.7475449102,1.6199999999999999,0.0,1.0,-0.11200292977691362,29.935000000000002,0.0,1.1157686,-1.5469885,-1.0327046,0.6,0.0,0.0
0.3917893664499362,0.23623452574147474,0.26393275650811826,52.379999999999995,267894.25548387057,1.7999999999999998,12177.011612903221,1.0,0.19318216498304963,29.94,0.0,1.144677,-1.8161591,0.052672338,0.6,0.0,0.3158017013221979
0.40034835174223804,0.2277790430865892,0.24072524644141416,56.16,428499.1654054055,1.7999999999999998,0.0,1.0,-0.31037324137088973,29.945,0.0,1.144677,-1.8161591,0.052672338,0.6,0.0,0.3158017013221979
0.40939218582975934,0.22189621487887626,0.21905861765555595,59.94,511434.48774193565,1.98,24354.02322580647,1.0,0.3305154576250331,29.95,0.0,1.144677,-1.8161591,0.052672338,0.6,0.0,0.3158017013221979
0.4175171728616721,0.20761016545414773,0.19824911795433453,63.54,457560.4363636365,2.16,22878.021818181838,1.0,-0.43244727927487503,29.955000000000002,0.0,1.144677,-1.8161591,0.052672338,0.6,0.0,0.3158017013221979
0.4244944070898467,0.17292533533646895,0.1794794368407616,66.96,434682.41454545385,2.6999999999999997,68634.0654545454,1.0,0.2542191839350423,29.96,0.0,0.57151103,-1.2559823,-0.640052,0.47145330905914307,0.0,0.10798439383506775
0.4314940733797071,0.14814372464489275,0.16146039905800164,70.2,438372.4180645174,3.42,97416.09290322583,1.0,-0.31037324137088973,29.965,0.0,0.57151103,-1.2559823,-0.640052,0.47145330905914307,0.0,0.10798439383506775
0.4384024924901145,0.14142531675062087,0.14575059425091694,73.08,66.57845563676037,4.32,20.805767386487656,1.0,0.3610339671010294,29.97,0.0,0.57151103,-1.2559823,-0.640052,0.47145330905914307,0.0,0.10798439383506775
0.44436401826627125,0.10994434376611606,0.13096949873767416,75.78,155131.7917808221,5.76,82736.95561643832,1.0,-0.14252143925290994,29.975,0.0,0.57151103,-1.2559823,-0.640052,0.47145330905914307,0.0,0.10798439383506775
0.4497591617996348,0.10195853387193587,0.11799798562388884,78.11999999999999,272629.7599999987,7.739999999999999,230686.71999999994,1.0,0.0863673818170625,29.98,0.0,-0.17404203,-0.8455492,0.6344781,0.24778739064931868,0.046335232257843015,0.49034342765808103
0.4552863918701465,0.0912582270644891,0.10652058580617446,79.92,215707.06285714422,9.9,258848.47542857155,1.0,-0.24933622241889708,29.985,0.0,-0.17404203,-0.8455492,0.6344781,0.24778739064931868,0.046335232257843015,0.49034342765808103
0.46013044184180873,0.09096674616385073,0.09465219671110099,81.36,208268.88827586174,12.78,416537.776551724,1.0,0.11688589129305882,29.990000000000002,0.0,-0.17404203,-0.8455492,0.6344781,0.24778739064931868,0.046335232257843015,0.49034342765808103
0.46505110109171,0.06642735231565565,0.08353329827456833,82.44,38716.652307692246,16.2,122602.7323076923,1.0,-0.14252143925290994,29.995,0.0,-0.17404203,-0.8455492,0.6344781,0.24778739064931868,0.046335232257843015,0.49034342765808103
0.469830074535629,0.06962710914148716,0.07440833609511018,83.16,86282.82514285701,20.16,474555.5382857144,1.0,0.025330362865069844,30.0,0.0,0.010334305,-0.8213773,-0.34674037,0.3031002916395664,0.053586816787719725,0.1959778904914856
0.4737532084160257,0.06356996001522387,0.06618976057935501,83.34,22205.138823530255,24.66,555128.4705882353,1.0,-0.12726218451491178,30.005,0.0,0.010334305,-0.8213773,-0.34674037,0.3031002916395664,0.053586816787719725,0.1959778904914856
0.47752185728859375,0.060945605641780656,0.0648722623718009,83.34,0.0,29.34,654311.424,1.0,0.10162663655506066,30.01,0.0,0.010334305,-0.8213773,-0.34674037,0.3031002916395664,0.053586816787719725,0.1959778904914856
0.48182354728688526,0.036222700101361915,0.06675180346040435,82.98,-8.54498115513903,34.019999999999996,111.08475501680749,1.0,-0.09674367503891546,30.015,0.0,0.010334305,-0.8213773,-0.34674037,0.3031002916395664,0.053586816787719725,0.1959778904914856
0.48564934132192034,0.037372344261163655,0.06922588979952163,82.8,-5991.8628571430845,38.16,137812.84571428574,1.0,0.04058961760306801,30.02,0.0,-0.4938843,-0.54351866,0.32615963,0.15183471143245697,0.13694440126419066,0.3978478878736496
0.4886559693090653,0.04224387930251271,0.07695661268789225,82.61999999999999,-18414.017560976306,41.4,331452.31609756115,1.0,-0.005188146610926481,30.025000000000002,0.0,-0.4938843,-0.54351866,0.32615963,0.15183471143245697,0.13694440126419066,0.3978478878736496
0.4912131106301551,0.03903603341706072,0.09278637678999453,82.61999999999999,0.0,43.739999999999995,316602.30193548335,1.0,0.010071108127071682,30.03,0.0,-0.4938843,-0.54351866,0.32615963,0.15183471143245697,0.13694440126419066,0.3978478878736496
0.49257335930505813,0.029897085498603673,0.10521154309750444,82.98,50331.64800000191,44.64,125829.1200000008,1.0,-0.1577806939909081,30.035,0.0,-0.4938843,-0.54351866,0.32615963,0.15183471143245697,0.13694440126419066,0.3978478878736496
0.49257334979050105,0.01772783157861818,0.11240743520703173,83.52,70778.87999999896,44.46,-23592.959999999963,1.0,0.14740440076905514,30.04,0.0,-0.2156553,-0.6894076,-0.6223767,0.2353034108877182,0.09317772388458252,0.11328699588775634
0.49167930977789004,0.01939319752735002,0.11750899733065023,84.06,73062.06967742021,43.379999999999995,-146124.13935483943,1.0,0.010071108127071682,30.045,0.0,-0.2156553,-0.6894076,-0.6223767,0.2353034108877182,0.09317772388458252,0.11328699588775634
0.4913060284302091,0.01601894831312218,0.11977961678363372,84.42,45756.04363636357,41.94,-183024.17454545427,1.0,-0.08148442030091729,30.05,0.0,-0.2156553,-0.6894076,-0.6223767,0.2353034108877182,0.09317772388458252,0.11328699588775634
0.4902117287935521,0.022853515849567536,0.12244575498283777,84.6,4.176599857271505,40.5,-33.41279885817335,1.0,-0.12726218451491178,30.055,0.0,-0.2156553,-0.6894076,-0.6223767,0.2353034108877182,0.09317772388458252,0.11328699588775634
0.4883004155685515,0.024649482571874902,0.13714770523101247,84.78,8882.0555294121,38.879999999999995,-79938.49976470611,1.0,0.010071108127071682,30.060000000000002,0.0,-0.20389506,-0.7571372,-1.0731454,0.23883148133754728,0.07285884618759154,0.0
0.48777638657651873,0.03559806624674247,0.15551624053315175,84.6,-18414.017560976306,37.08,-184140.1756097558,1.0,-0.23407696768089892,30.065,0.0,-0.20389506,-0.7571372,-1.0731454,0.23883148133754728,0.07285884618759154,0.0
0.48693297033671173,0.01236261322846527,0.1705718401261822,84.42,-23592.95999999903,35.1,-259522.5599999996,1.0,0.1626636555070533,30.07,0.0,-0.20389506,-0.7571372,-1.0731454,0.23883148133754728,0.07285884618759154,0.0
0.4848751046027011,0.012477111595020999,0.18232141930486387,84.06,-11705.034418604633,32.76,-76082.72372093034,1.0,-0.31037324137088973,30.075,0.0,-0.20389506,-0.7571372,-1.0731454,0.23883148133754728,0.07285884618759154,0.0
0.4841978083356911,0.019884545338503732,0.18959636105128874,83.7,-50331.64799999992,30.419999999999998,-327155.712,1.0,0.1626636555070533,30.080000000000002,0.0,0.19307806,-0.7026597,-1.5652375,0.3579234167933464,0.089202082157135,0.0
0.4841200944786221,0.019945453952835698,0.19363165829513013,83.34,-43141.412571428504,27.72,-323560.5942857142,1.0,-0.29511398663289157,30.085,0.0,0.19307806,-0.7026597,-1.5652375,0.3579234167933464,0.089202082157135,0.0
0.4803889189595424,0.006075979193235707,0.2021926341266688,82.8,-70778.88000000082,25.2,-330301.43999999994,1.0,-0.020447401348924643,30.09,0.0,0.19307806,-0.7026597,-1.5652375,0.3579234167933464,0.089202082157135,0.0
0.4675426400881869,0.012976095230616606,0.21552599545559978,82.08,-97416.09290322565,22.32,-389664.3716129031,1.0,-0.3256324961088879,30.095,0.0,0.19307806,-0.7026597,-1.5652375,0.3579234167933464,0.089202082157135,0.0
0.45431608961549985,0.01709094286348583,0.2265422781813673,81.53999999999999,-12.235492002096182,19.62,-61.17746001048018,1.0,0.0863673818170625,30.1,0.0,0.01894077,-0.7218145,-1.5520461,0.3056822307407856,0.08345564603805541,0.0
0.4394234294068872,0.028176972484810377,0.23530479509921326,80.64,-61883.173770491216,17.099999999999998,-173272.88655737726,1.0,-0.06622516556291913,30.105,0.0,0.01894077,-0.7218145,-1.5520461,0.3056822307407856,0.08345564603805541,0.0
0.4212922512616995,0.0329188994430953,0.2418119947412852,79.74,-117964.80000000075,14.399999999999999,-353894.3999999999,1.0,-0.020447401348924643,30.11,0.0,0.01894077,-0.7218145,-1.5520461,0.3056822307407856,0.08345564603805541,0.0
0.4030457751869539,0.04237963374138214,0.2457025823992208,78.66,-156201.6662068963,11.879999999999999,-364470.55448275857,1.0,-0.21881771294290076,30.115000000000002,0.0,0.01894077,-0.7218145,-1.5520461,0.3056822307407856,0.08345564603805541,0.0
0.38701840898231954,0.06176250307898478,0.24655641992565608,77.58,-150994.94399999976,9.54,-327155.712,1.0,0.11688589129305882,30.12,0.0,0.40786994,-0.72598696,-1.597838,0.42236098051071164,0.08220391273498535,0.0
0.37016412813148747,0.06751372415538122,0.24689387601455967,76.32,-165150.72000000067,7.199999999999999,-306708.48,1.0,-0.34089175084688605,30.125,0.0,0.40786994,-0.72598696,-1.597838,0.42236098051071164,0.08220391273498535,0.0
0.3562852591582752,0.07049498944130798,0.24695552105682808,75.06,-36700.159999999734,4.859999999999999,-68157.44,1.0,0.025330362865069844,30.13,0.0,0.40786994,-0.72598696,-1.597838,0.42236098051071164,0.08220391273498535,0.0
0.3444727675492929,0.07640453768395307,0.24629880910246307,73.61999999999999,-183024.17454545607,2.88,-251658.23999999993,1.0,-0.17303994872890627,30.135,0.0,0.40786994,-0.72598696,-1.597838,0.42236098051071164,0.08220391273498535,0.0
0.33354778028275806,0.06258466788779668,0.24475545839551355,71.82,-251658.2399999996,1.44,-201326.592,1.0,-0.09674367503891546,30.14,0.0,0.19604537,-0.8512552,-1.3419858,0.35881361067295076,0.04462344646453857,0.0
0.32433347232602705,0.07293585087951536,0.2429387478751972,69.3,-61.385762207870556,2.16,17.53878920224876,1.0,-0.18829920346690443,30.145,0.0,0.19604537,-0.8512552,-1.3419858,0.35881361067295076,0.04462344646453857,0.0
0.31797013716062095,0.0790795847446023,0.23759164547245654,66.78,-162609.93969230744,3.42,81304.96984615384,1.0,0.025330362865069844,30.150000000000002,0.0,0.19604537,-0.8512552,-1.3419858,0.35881361067295076,0.04462344646453857,0.0
0.31589439749531995,0.08726870373643283,0.22507911854654852,64.08,-306070.83243243274,4.32,102023.61081081085,1.0,-0.4019287697988787,30.155,0.0,0.19604537,-0.8512552,-1.3419858,0.35881361067295076,0.04462344646453857,0.0
0.31465626531737223,0.08612486532234294,0.20996328398201358,61.199999999999996,-355282.2211764709,5.58,155435.97176470584,1.0,0.1626636555070533,30.16,0.0,0.73652077,-0.88392353,-0.15138417,0.5209562301635742,0.034822940826416016,0.2545847475528717
0.3142160241688415,0.08349371948260577,0.19203058958020736,58.32,-115043.76685714268,7.02,57521.88342857141,1.0,-0.14252143925290994,30.165,0.0,0.73652077,-0.88392353,-0.15138417,0.5209562301635742,0.034822940826416016,0.2545847475528717
0.3146870928157043,0.08222898434934965,0.1747704276246878,55.44,-335544.3200000003,8.28,146800.63999999998,1.0,0.04058961760306801,30.17,0.0,0.73652077,-0.88392353,-0.15138417,0.5209562301635742,0.034822940826416016,0.2545847475528717
0.31555712706191685,0.0889434711416095,0.15699345383898666,52.559999999999995,-355282.2211764709,9.54,155435.97176470584,1.0,-0.035706656086922806,30.175,0.0,0.73652077,-0.88392353,-0.15138417,0.5209562301635742,0.034822940826416016,0.2545847475528717
0.31701335000841435,0.09104071147500711,0.14071204790953637,49.68,-402653.18399999937,10.799999999999999,176160.76799999998,1.0,-0.005188146610926481,30.18,0.0,-0.055744067,-1.0053109,-0.9974973,0.28327677994966505,0.0,0.0007508039474487304
0.32002699573942184,0.09236153302097971,0.12496156937750591,46.8,-66.2552752044494,11.879999999999999,24.845728201668507,1.0,-0.09674367503891546,30.185000000000002,0.0,-0.055744067,-1.0053109,-0.9974973,0.28327677994966505,0.0,0.0007508039474487304
0.32252769791196156,0.09756982807540532,0.11154074474477899,44.1,-130168.05517241359,12.6,34711.481379310375,1.0,0.14740440076905514,30.19,0.0,-0.055744067,-1.0053109,-0.9974973,0.28327677994966505,0.0,0.0007508039474487304
0.3253689398816463,0.1039008926796876,0.09759859250881923,41.58,-220200.96000000028,13.139999999999999,47185.919999999925,1.0,-0.2798547318948934,30.195,0.0,-0.055744067,-1.0053109,-0.9974973,0.28327677994966505,0.0,0.0007508039474487304
0.3295280226208119,0.10290832002705634,0.086280310267772,39.42,-244856.66594594557,13.139999999999999,0.0,1.0,-0.05096591082492097,30.2,0.0,0.503446,-0.9712925,-0.7775603,0.4510337948799133,0.008612251281738282,0.0667319118976593
0.3327107405795147,0.0885757239040684,0.07654021870036978,37.62,-251658.2400000006,12.6,-75497.47199999988,1.0,-0.11200292977691362,30.205000000000002,0.0,0.503446,-0.9712925,-0.7775603,0.4510337948799133,0.008612251281738282,0.0667319118976593
0.33531081890821873,0.09090459391803497,0.06617418358321105,36.0,-205902.19636363603,11.52,-137268.13090909092,1.0,-0.05096591082492097,30.21,0.0,0.503446,-0.9712925,-0.7775603,0.4510337948799133,0.008612251281738282,0.0667319118976593
0.33820270598081165,0.09901758156878554,0.054407293261205913,35.1,-121770.11612903206,9.9,-219186.20903225796,1.0,-0.23407696768089892,30.215,0.0,0.503446,-0.9712925,-0.7775603,0.4510337948799133,0.008612251281738282,0.0667319118976593
0.3409042815060269,0.10703768374165087,0.06284691277634279,34.379999999999995,-94371.84000000078,7.38,-330301.44000000006,1.0,-0.05096591082492097,30.22,0.0,0.32317856,-1.2006714,-1.1208867,0.3969535678625107,0.0,0.0
0.34217300051984745,0.0796484525107495,0.058247646061696,34.199999999999996,-23592.959999999963,4.32,-401080.31999999995,1.0,-0.2035584582049026,30.225,0.0,0.32317856,-1.2006714,-1.1208867,0.3969535678625107,0.0,0.0
0.3431977630471786,0.06775409564900411,0.05210575462264432,34.379999999999995,4.341005882116175,1.26,-73.7970999959751,1.0,-0.2035584582049026,30.23,0.0,0.32317856,-1.2006714,-1.1208867,0.3969535678625107,0.0,0.0
0.3451689682449519,0.06582444891197813,0.05129481866063881,33.3,-55924.05333333324,1.6199999999999999,18641.351111111104,1.0,0.2084414197210478,30.235,0.0,0.32317856,-1.2006714,-1.1208867,0.3969535678625107,0.0,0.0
0.3466837875130466,0.07582033622198733,0.04231774755057391,32.94,-38716.652307692246,2.88,135508.28307692308,1.0,-0.31037324137088973,30.240000000000002,0.0,0.5753392,-1.3123766,-1.2644064,0.4726017594337463,0.0,0.0
0.34747318647009695,0.08093722924132754,0.045637883483826754,32.58,-45756.04363636357,3.2399999999999998,45756.04363636362,1.0,-0.5545213171788603,30.245,0.0,0.5753392,-1.3123766,-1.2644064,0.4726017594337463,0.0,0.0
0.348695865643491,0.08241278601392296,0.04499117444948766,32.76,25165.82399999996,3.06,-25165.82399999996,1.0,0.2084414197210478,30.25,0.0,0.5753392,-1.3123766,-1.2644064,0.4726017594337463,0.0,0.0
0.34875665814597717,0.08192942888210128,0.0470162116741971,33.48,91512.08727272713,2.16,-114390.10909090909,1.0,-0.11200292977691362,30.255,0.0,0.5753392,-1.3123766,-1.2644064,0.4726017594337463,0.0,0.0
0.34828311079505025,0.08473381509531593,0.053378261344634886,34.019999999999996,68634.06545454534,1.44,-91512.0872727273,1.0,-0.08148442030091729,30.26,0.0,0.6530738,-1.3674934,-0.97864604,0.4959221363067627,0.0,0.006406188011169434
0.34851822625987827,0.07987852188406229,0.05273038433737726,34.74,94371.84000000078,1.6199999999999999,23592.959999999992,1.0,-0.1577806939909081,30.265,0.0,0.6530738,-1.3674934,-0.97864604,0.4959221363067627,0.0,0.006406188011169434
0.3474986135932071,0.08875852516700683,0.049935062706400725,35.64,20.33032416508234,1.6199999999999999,0.0,1.0,0.14740440076905514,30.27,0.0,0.6530738,-1.3674934,-0.97864604,0.4959221363067627,0.0,0.006406188011169434
0.34604809666475933,0.08346861018213589,0.061212058754271895,36.54,68634.06545454534,1.6199999999999999,0.0,1.0,-0.31037324137088973,30.275000000000002,0.0,0.6530738,-1.3674934,-0.97864604,0.4959221363067627,0.0,0.006406188011169434
0.34701161098441213,0.08146210747764114,0.06199921659407428,37.62,146124.13935483847,1.6199999999999999,0.0,1.0,0.19318216498304963,30.28,0.0,0.95137644,-1.5494518,-0.27540413,0.5854129314422607,0.0,0.2173787623643875
0.3529296593108453,0.07475440644318446,0.05504704187637583,38.879999999999995,36956.80447552442,1.6199999999999999,0.0,1.0,-0.3714102603228824,30.285,0.0,0.95137644,-1.5494518,-0.27540413,0.5854129314422607,0.0,0.2173787623643875
0.3599217257493378,0.06119533392549389,0.0596349428367767,40.14,103623.981176471,1.6199999999999999,0.0,1.0,0.010071108127071682,30.29,0.0,0.95137644,-1.5494518,-0.27540413,0.5854129314422607,0.0,0.2173787623643875
0.36448433592464324,0.04725069668730515,0.05842432683628399,41.58,188743.6799999997,1.6199999999999999,0.0,1.0,0.010071108127071682,30.295,0.0,0.95137644,-1.5494518,-0.27540413,0.5854129314422607,0.0,0.2173787623643875
0.3702322035837431,0.03524302630334236,0.05383147709133619,43.199999999999996,226492.41599999965,1.6199999999999999,0.0,1.0,0.11688589129305882,30.3,0.0,0.79834056,-1.305038,-0.21780017,0.5395021677017212,0.0,0.23465994894504547
0.3753136875688981,0.041310993586204624,0.05154629695600445,44.64,183024.17454545517,1.6199999999999999,0.0,1.0,-0.3714102603228824,30.305,0.0,0.79834056,-1.305038,-0.21780017,0.5395021677017212,0.0,0.23465994894504547
0.37899641497850367,0.034170993305009896,0.05548514155619738,46.44,235929.59999999963,1.6199999999999999,0.0,1.0,0.11688589129305882,30.310000000000002,0.0,0.79834056,-1.305038,-0.21780017,0.5395021677017212,0.0,0.23465994894504547
0.3848087732161588,0.02607632311039583,0.05548274883845897,48.059999999999995,39.38678878235963,1.6199999999999999,0.0,1.0,-0.14252143925290994,30.315,0.0,0.79834056,-1.305038,-0.21780017,0.5395021677017212,0.0,0.23465994894504547
0.3919064244273157,0.028593656219132187,0.05943597477600196,49.86,100663.29600000023,1.6199999999999999,0.0,1.0,0.10162663655506066,30.32,0.0,1.1156349,-1.4706726,0.38629845,0.6,0.0,0.4158895343542099
0.3967174481295304,0.018368436812933455,0.04426235135481393,51.839999999999996,66437.7753599999,1.6199999999999999,0.0,1.0,-0.05096591082492097,30.325,0.0,1.1156349,-1.4706726,0.38629845,0.6,0.0,0.4158895343542099
0.40282527628079445,0.01702530774065294,0.04278595955462005,53.64,188743.68000000046,1.6199999999999999,0.0,1.0,0.0863673818170625,30.330000000000002,0.0,1.1156349,-1.4706726,0.38629845,0.6,0.0,0.4158895343542099
0.41003792276108314,0.011119368895601903,0.04133378836211657,55.62,259522.5599999996,1.6199999999999999,0.0,1.0,-0.31037324137088973,30.335,0.0,1.1156349,-1.4706726,0.38629845,0.6,0.0,0.4158895343542099
0.41536306419866714,0.005432468518692139,0.03725533186753346,57.419999999999995,209715.19999999966,1.6199999999999999,0.0,1.0,0.19318216498304963,30.34,0.0,0.8820821,-1.1116729,0.16871598,0.5646246314048767,0.0,0.35061479508876797
0.4209461128806334,-0.00628645082239176,0.04421058057692517,59.4,140757.99864406808,1.6199999999999999,0.0,1.0,-0.1577806939909081,30.345,0.0,0.8820821,-1.1116729,0.16871598,0.5646246314048767,0.0,0.35061479508876797
0.42887997001177425,-0.010168117337660454,0.03899708305266789,61.379999999999995,259522.5599999996,1.6199999999999999,0.0,1.0,-0.08148442030091729,30.35,0.0,0.8820821,-1.1116729,0.16871598,0.5646246314048767,0.0,0.35061479508876797
0.4350923487972851,-0.018368067981116204,0.041891835263044686,63.36,45.60302851588893,1.6199999999999999,0.0,1.0,-0.11200292977691362,30.355,0.0,0.8820821,-1.1116729,0.16871598,0.5646246314048767,0.0,0.35061479508876797
0.4407001270235471,-0.01429031136093942,0.04096403096600976,65.34,107853.53142857164,1.6199999999999999,0.0,1.0,0.10162663655506066,30.36,0.0,0.9905076,-1.0686834,0.10362163,0.597152280807495,0.0,0.3310864895582199
0.44829904524390396,-0.027014218067096796,0.04271301619277372,67.32,207618.04799999893,1.6199999999999999,0.0,1.0,0.025330362865069844,30.365000000000002,0.0,0.9905076,-1.0686834,0.10362163,0.597152280807495,0.0,0.3310864895582199
0.4557717013125624,-0.008123479702186933,0.03505139827765929,69.12,215707.06285714422,1.7999999999999998,21570.706285714277,1.0,-0.1577806939909081,30.37,0.0,0.9905076,-1.0686834,0.10362163,0.597152280807495,0.0,0.3310864895582199
0.4611763195968883,-0.0007791073871891161,0.04023481843125115,70.92,222051.38823529377,1.7999999999999998,0.0,1.0,-0.05096591082492097,30.375,0.0,0.9905076,-1.0686834,0.10362163,0.597152280807495,0.0,0.3310864895582199
0.46636652226276143,-0.009018633645186113,0.06662196173807573,72.72,235929.59999999963,1.98,23592.96000000002,1.0,0.14740440076905514,30.38,0.0,1.162223,-1.3457924,0.5178394,0.6,0.0,0.4553518116474151
0.4708123070998151,-0.010525119774566131,0.0756761056047894,74.34,194136.35657142912,2.16,21570.706285714306,1.0,-0.18829920346690443,30.385,0.0,1.162223,-1.3457924,0.5178394,0.6,0.0,0.4553518116474151
0.4741691150011013,-0.009170101804535776,0.09622103280966862,75.96,212336.63999999873,2.52,47185.919999999984,1.0,0.025330362865069844,30.39,0.0,1.162223,-1.3457924,0.5178394,0.6,0.0,0.4553518116474151
0.477777857357523,-0.00073927257102875,0.11374301261846125,77.39999999999999,48318.38207999992,3.06,18119.39328,1.0,-0.21881771294290076,30.395,0.0,1.162223,-1.3457924,0.5178394,0.6,0.0,0.4553518116474151
0.4809577063281818,-0.0012553825889557906,0.13207478788754146,78.66,30.46815317029311,3.78,17.410373240167416,1.0,0.0863673818170625,30.400000000000002,0.0,0.9508929,-0.9919082,0.1330757,0.5852678775787353,0.0024275422096252442,0.33992270976305006
0.4830093529767987,0.014700142818326444,0.1475479339555388,79.74,71902.35428571417,4.5,47934.90285714287,1.0,-0.05096591082492097,30.405,0.0,0.9508929,-0.9919082,0.1330757,0.5852678775787353,0.0024275422096252442,0.33992270976305006
0.48473703666079776,0.0030554355764533738,0.16457509832080797,80.64,31990.454237288337,5.76,44786.63593220338,1.0,0.010071108127071682,30.41,0.0,0.9508929,-0.9919082,0.1330757,0.5852678775787353,0.0024275422096252442,0.33992270976305006
0.486754616422355,6.321420938878425e-05,0.18210765702813325,81.17999999999999,66615.41647058725,7.199999999999999,177641.11058823523,1.0,-0.4477065340128732,30.415,0.0,0.9508929,-0.9919082,0.1330757,0.5852678775787353,0.0024275422096252442,0.33992270976305006
0.48781885071860903,-0.000583776724874595,0.19572785851036226,81.53999999999999,47185.919999999925,8.82,212336.64000000013,1.0,-0.18829920346690443,30.42,0.0,0.3384279,-0.665385,0.7819946,0.4015283703804016,0.10038449764251708,0.5345983743667603
0.48895328104864544,-0.01005354004232284,0.2094995613638673,81.72,22878.021818182686,10.799999999999999,251658.23999999982,1.0,-0.035706656086922806,30.425,0.0,0.3384279,-0.665385,0.7819946,0.4015283703804016,0.10038449764251708,0.5345983743667603
0.48928224609301524,-0.007747154909031154,0.22318673823957447,81.89999999999999,23592.95999999903,12.6,235929.6000000001,1.0,-0.005188146610926481,30.43,0.0,0.3384279,-0.665385,0.7819946,0.4015283703804016,0.10038449764251708,0.5345983743667603
0.4893845688078215,-0.002083308944843765,0.23311484247706993,81.72,-24354.023225805453,14.399999999999999,243540.23225806438,1.0,-0.31037324137088973,30.435000000000002,0.0,0.3384279,-0.665385,0.7819946,0.4015283703804016,0.10038449764251708,0.5345983743667603
0.4892828628179472,-0.012672395227812019,0.24276072330132506,81.72,0.0,15.84,32.46365325077402,1.0,0.2084414197210478,30.44,0.0,0.74305916,-0.7561606,0.1209171,0.5229177474975586,0.07315181493759156,0.33627512902021406
0.48942671739497573,-0.017254119822901228,0.25218356955011345,81.72,0.0,16.919999999999998,65649.97565217382,1.0,-0.29511398663289157,30.445,0.0,0.74305916,-0.7561606,0.1209171,0.5229177474975586,0.07315181493759156,0.33627512902021406
0.4896603276623384,-0.014069225465087112,0.2583941068103929,81.53999999999999,-19358.326153846887,17.46,58074.978461538754,1.0,0.010071108127071682,30.45,0.0,0.74305916,-0.7561606,0.1209171,0.5229177474975586,0.07315181493759156,0.33627512902021406
0.4893623190960625,-0.012154652057645161,0.2657555180848743,81.72,4870.804645161475,17.64,4870.804645161283,1.0,-0.18829920346690443,30.455000000000002,0.0,0.74305916,-0.7561606,0.1209171,0.5229177474975586,0.07315181493759156,0.33627512902021406
0.48979621007409935,-0.016521621481097898,0.27787813376144616,81.72,0.0,17.28,-44410.277647058756,1.0,0.07110812707906433,30.46,0.0,0.9072887,-0.8950219,-0.37342015,0.5721866011619567,0.031493425369262695,0.18797395527362823
0.489448463921855,-0.009731461646711443,0.2894993073477451,81.72,0.0,16.56,-94371.84000000032,1.0,-0.4934842982268677,30.465,0.0,0.9072887,-0.8950219,-0.37342015,0.5721866011619567,0.031493425369262695,0.18797395527362823
0.48940523990764095,-0.010609310080958008,0.2988384000196355,81.72,0.0,15.479999999999999,-133230.8329411765,1.0,0.010071108127071682,30.47,0.0,0.9072887,-0.8950219,-0.37342015,0.5721866011619567,0.031493425369262695,0.18797395527362823
0.4898091722618711,-0.007760839844920197,0.30690626131717247,81.72,0.0,14.04,-194832.18580645154,1.0,-0.08148442030091729,30.475,0.0,0.9072887,-0.8950219,-0.37342015,0.5721866011619567,0.031493425369262695,0.18797395527362823
0.49032031746360877,-0.01982298939031106,0.31169299360209113,81.72,0.0,12.42,-219186.20903225796,1.0,0.14740440076905514,30.48,0.0,0.8346449,-0.9686706,-0.5634323,0.5503934741020202,0.009398818016052246,0.13097031712532042
0.4904897039441353,-0.015767122535649034,0.31528628869959713,81.53999999999999,-4.1724680836954855,10.62,-41.7246808369533,1.0,-0.2798547318948934,30.485,0.0,0.8346449,-0.9686706,-0.5634323,0.5503934741020202,0.009398818016052246,0.13097031712532042
0.49011686812934946,-0.016760951297742625,0.32361268503147417,81.53999999999999,0.0,8.64,-127764.95261538452,1.0,0.11688589129305882,30.490000000000002,0.0,0.8346449,-0.9686706,-0.5634323,0.5503934741020202,0.009398818016052246,0.13097031712532042
0.48974097406633227,-0.016004671537730795,0.3333645197762454,81.53999999999999,0.0,6.3,-98146.71360000003,1.0,-0.26459547715689524,30.495,0.0,0.8346449,-0.9686706,-0.5634323,0.5503934741020202,0.009398818016052246,0.13097031712532042
0.48940551862209647,-0.01446254778981118,0.3408024744733244,81.53999999999999,0.0,3.5999999999999996,-195252.0827586207,1.0,0.11688589129305882,30.5,0.0,1.1474047,-1.0472137,-1.1114434,0.6,0.0,0.0
0.4887176142227026,-0.010118698377380882,0.34975819913093964,81.36,-23592.95999999903,1.44,-283115.51999999996,1.0,-0.005188146610926481,30.505,0.0,1.1474047,-1.0472137,-1.1114434,0.6,0.0,0.0
0.48915749421432514,-0.013225980301603336,0.3606059188552878,79.92,-194832.1858064513,1.98,73062.06967741936,1.0,0.025330362865069844,30.51,0.0,1.1474047,-1.0472137,-1.1114434,0.6,0.0,0.0
0.4896737660967925,0.003143611482544638,0.3691667456366939,78.84,-94371.83999999985,2.6999999999999997,62914.559999999976,1.0,-0.38666951506088054,30.515,0.0,1.1474047,-1.0472137,-1.1114434,0.6,0.0,0.0
0.49048238164992625,0.014150709374864621,0.3726930325032303,78.11999999999999,-100663.29600000182,2.52,-25165.82399999996,1.0,-0.11200292977691362,30.52,0.0,0.9254565,-1.1304709,-1.0513133,0.5776369571685791,0.0,0.0
0.49083668147698645,0.009408452021697232,0.3749897003122572,77.39999999999999,-100663.29599999984,1.6199999999999999,-125829.12000000002,1.0,-0.08148442030091729,30.525000000000002,0.0,0.9254565,-1.1304709,-1.0513133,0.5776369571685791,0.0,0.0
0.49089607967070054,0.0027613780318382687,0.3757639686073698,76.32,-25.727103644511043,1.6199999999999999,0.0,1.0,-0.035706656086922806,30.53,0.0,0.9254565,-1.1304709,-1.0513133,0.5776369571685791,0.0,0.0
0.49215098463756424,0.008483487727228546,0.374174521040105,75.6,-43141.412571428504,1.6199999999999999,0.0,1.0,-0.4019287697988787,30.535,0.0,0.9254565,-1.1304709,-1.0513133,0.5776369571685791,0.0,0.0
0.4930720770921635,0.026791067932005745,0.3728177386774381,74.7,-102023.61081080984,1.6199999999999999,0.0,1.0,0.07110812707906433,30.54,0.0,0.81174743,-1.1545429,-1.0126338,0.5435242295265198,0.0,0.0
0.4938385696430586,0.03180676854334461,0.37247065487371206,73.98,-100663.29599999984,1.6199999999999999,0.0,1.0,-0.26459547715689524,30.545,0.0,0.81174743,-1.1545429,-1.0126338,0.5435242295265198,0.0,0.0
0.4946755923155353,0.03007405922531345,0.37073634426344576,73.25999999999999,-94371.84000000171,1.6199999999999999,0.0,1.0,-0.005188146610926481,30.55,0.0,0.81174743,-1.1545429,-1.0126338,0.5435242295265198,0.0,0.0
0.49519690354390766,0.03667649002586385,0.3689599676437181,72.72,-68634.06545454444,1.6199999999999999,0.0,1.0,-0.17303994872890627,30.555,0.0,0.81174743,-1.1545429,-1.0126338,0.5435242295265198,0.0,0.0
0.4959752120569331,0.033254676891646,0.36859155199708565,72.17999999999999,-66615.416470589,1.6199999999999999,0.0,1.0,0.05584887234106617,30.560000000000002,0.0,0.6136614,-1.2781978,-1.0651598,0.4840984225273132,0.0,0.0
0.49694021401214694,0.03926071283873801,0.36607956289951843,71.82,-50331.64799999992,1.6199999999999999,0.0,1.0,-0.05096591082492097,30.565,0.0,0.6136614,-1.2781978,-1.0651598,0.4840984225273132,0.0,0.0
0.49702084538384933,0.015864555180739873,0.357704261936406,71.64,-4.1677692027423685,1.6199999999999999,0.0,1.0,-0.09674367503891546,30.57,0.0,0.6136614,-1.2781978,-1.0651598,0.4840984225273132,0.0,0.0
0.4971741407119531,0.011873856778750486,0.3462309494715219,71.46,-13245.170526316291,1.6199999999999999,0.0,1.0,-0.08148442030091729,30.575,0.0,0.6136614,-1.2781978,-1.0651598,0.4840984225273132,0.0,0.0
0.49737274137155424,0.021487696295565066,0.33531698966497187,71.46,0.0,1.6199999999999999,0.0,1.0,-0.26459547715689524,30.580000000000002,0.0,0.4604766,-1.2765917,-1.1337593,0.4381429821252823,0.0,0.0
0.49807340185033433,0.02273928322897166,0.3206855567274981,71.64,25165.824000000954,1.6199999999999999,0.0,1.0,-0.24933622241889708,30.585,0.0,0.4604766,-1.2765917,-1.1337593,0.4381429821252823,0.0,0.0
0.4983696683505134,0.025838445868356506,0.30322891937874485,71.64,0.0,1.6199999999999999,0.0,1.0,-0.035706656086922806,30.59,0.0,0.4604766,-1.2765917,-1.1337593,0.4381429821252823,0.0,0.0
0.4983493014511105,0.017641108282653375,0.28179720237549344,71.82,22878.021818180878,1.6199999999999999,0.0,1.0,-0.14252143925290994,30.595,0.0,0.4604766,-1.2765917,-1.1337593,0.4381429821252823,0.0,0.0
0.49891792855456263,0.01653923551876103,0.26032262151909286,72.17999999999999,50331.64799999992,1.6199999999999999,0.0,1.0,0.19318216498304963,30.6,0.0,0.3121596,-1.2190863,-1.1837542,0.3936478793621063,0.0,0.0
0.5010647937029256,0.02090765405735441,0.2375804641393101,72.53999999999999,50331.64799999992,1.6199999999999999,0.0,1.0,-0.14252143925290994,30.605,0.0,0.3121596,-1.2190863,-1.1837542,0.3936478793621063,0.0,0.0
0.5025885937025758,0.028125399686656404,0.2156585683593457,72.72,7626.007272727562,1.6199999999999999,0.0,1.0,0.07110812707906433,30.61,0.0,0.3121596,-1.2190863,-1.1837542,0.3936478793621063,0.0,0.0
0.5044329172622849,0.04185789871945329,0.19435072717599175,73.25999999999999,12.881842307320241,1.6199999999999999,0.0,1.0,-0.09674367503891546,30.615000000000002,0.0,0.3121596,-1.2190863,-1.1837542,0.3936478793621063,0.0,0.0
0.5059058993080419,0.030963682318698383,0.17530399665479263,73.61999999999999,24354.023225806413,1.6199999999999999,0.0,1.0,-0.005188146610926481,30.62,0.0,0.16678718,-1.1629198,-1.0956298,0.3500361531972885,0.0,0.0
0.5080257598243656,0.021497717900820577,0.1563395606285985,73.98,44410.27764706051,1.6199999999999999,0.0,1.0,-0.29511398663289157,30.625,0.0,0.16678718,-1.1629198,-1.0956298,0.3500361531972885,0.0,0.0
0.5085110423692344,0.025513618807127707,0.13967330744184472,74.52,19867.75578947339,1.6199999999999999,0.0,1.0,-0.23407696768089892,30.63,0.0,0.16678718,-1.1629198,-1.0956298,0.3500361531972885,0.0,0.0
0.5078238511698936,0.02397543415093271,0.12513137103483718,74.88,43141.412571428504,1.6199999999999999,0.0,1.0,-0.06622516556291913,30.635,0.0,0.16678718,-1.1629198,-1.0956298,0.3500361531972885,0.0,0.0
0.5076377652327596,0.024808536118071038,0.11154527283526484,75.42,70778.88000000082,1.6199999999999999,0.0,1.0,0.10162663655506066,30.64,0.0,0.029799711,-1.0454526,-1.1252775,0.3089399132877588,0.0,0.0
0.5058269197258047,0.02007511285430925,0.10026498742283053,75.78,45756.04363636357,1.7999999999999998,22878.02181818181,1.0,-0.09674367503891546,30.645,0.0,0.029799711,-1.0454526,-1.1252775,0.3089399132877588,0.0,0.0
0.5049915876930832,0.0021751007601714884,0.08908887744970573,76.32,70778.87999999896,1.7999999999999998,0.0,1.0,-0.06622516556291913,30.650000000000002,0.0,0.029799711,-1.0454526,-1.1252775,0.3089399132877588,0.0,0.0
0.504628387872176,-0.012297837572952148,0.07691393091628722,76.5,4.170370705893559,1.7999999999999998,0.0,1.0,-0.17303994872890627,30.655,0.0,0.029799711,-1.0454526,-1.1252775,0.3089399132877588,0.0,0.0
0.5039577366710205,0.009084056114271561,0.06216616035512784,76.86,28489.612075471654,1.98,14244.806037735862,1.0,0.010071108127071682,30.66,0.0,-0.061380386,-0.97478616,-1.0826954,0.2815858840942383,0.007564151287078857,0.0
0.5029180343080472,-0.004375809597719686,0.05654288375050308,77.22,50331.64799999992,2.16,25165.824000000022,1.0,-0.14252143925290994,30.665,0.0,-0.061380386,-0.97478616,-1.0826954,0.2815858840942383,0.007564151287078857,0.0
0.5025640899308492,0.017538541975853254,0.0609646892245955,77.39999999999999,24354.023225805453,2.34,24354.023225806413,1.0,0.11688589129305882,30.67,0.0,-0.061380386,-0.97478616,-1.0826954,0.2815858840942383,0.007564151287078857,0.0
0.5016770244942435,0.01898135676909254,0.043528895063977883,77.39999999999999,0.0,2.6999999999999997,50331.64799999998,1.0,-0.23407696768089892,30.675,0.0,-0.061380386,-0.97478616,-1.0826954,0.2815858840942383,0.007564151287078857,0.0
0.4994707335082821,0.0024364121865486222,0.03928333215523059,77.39999999999999,0.0,3.06,50331.648000000045,1.0,-0.11200292977691362,30.68,0.0,-0.25344425,-0.8806821,-0.84906924,0.22396672368049622,0.0357953667640686,0.04527922868728638
0.4991685579808359,-0.005384362687805049,0.034919589263401565,77.39999999999999,0.0,3.42,48708.046451612885,1.0,-0.06622516556291913,30.685000000000002,0.0,-0.25344425,-0.8806821,-0.84906924,0.22396672368049622,0.0357953667640686,0.04527922868728638
0.4985299186751773,-0.014238347914207746,0.026189747383381777,77.39999999999999,0.0,3.96,70778.88,1.0,-0.020447401348924643,30.69,0.0,-0.25344425,-0.8806821,-0.84906924,0.22396672368049622,0.0357953667640686,0.04527922868728638
0.4977641850889489,-0.018318104013045188,0.024303395416528227,77.22,-7703.823673469072,4.32,15407.64734693879,1.0,-0.24933622241889708,30.695,0.0,-0.25344425,-0.8806821,-0.84906924,0.22396672368049622,0.0357953667640686,0.04527922868728638
0.49837931656219764,-0.004800621821932789,0.011949407625877425,77.22,0.0,4.68,8.567429287971708,1.0,0.14740440076905514,30.7,0.0,-0.2161057,-0.84224546,-0.85897344,0.2351682901382446,0.04732636213302612,0.04230796694755554
0.49763889705802855,-0.01967775157503091,0.018477465790793998,77.22,0.0,5.04,27453.626181818207,1.0,-0.18829920346690443,30.705000000000002,0.0,-0.2161057,-0.84224546,-0.85897344,0.2351682901382446,0.04732636213302612,0.04230796694755554
0.49583757117141636,-0.0083604879235482,0.012034213241189804,77.03999999999999,-6291.456000000238,5.22,6291.45599999999,1.0,0.0863673818170625,30.71,0.0,-0.2161057,-0.84224546,-0.85897344,0.2351682901382446,0.04732636213302612,0.04230796694755554
0.48875639243900515,0.003511098493317952,0.00785678778324788,77.03999999999999,0.0,5.3999999999999995,22878.021818181784,1.0,-0.2798547318948934,30.715,0.0,-0.2161057,-0.84224546,-0.85897344,0.2351682901382446,0.04732636213302612,0.04230796694755554
0.4802713489659492,0.017302731347256267,0.019701606502647993,77.03999999999999,0.0,5.58,22878.021818181896,1.0,-0.08148442030091729,30.72,0.0,-0.3082853,-0.7735771,-0.65489775,0.2075144112110138,0.06792687177658081,0.10353067517280579
0.47207820443304394,0.02053313287959896,0.00897792464691214,76.86,-22878.021818180878,5.76,22878.021818181784,1.0,-0.11200292977691362,30.725,0.0,-0.3082853,-0.7735771,-0.65489775,0.2075144112110138,0.06792687177658081,0.10353067517280579
0.45699658923444436,0.01680222453626254,0.006066037571521746,76.67999999999999,-23592.960000000894,5.9399999999999995,23592.959999999963,1.0,0.07110812707906433,30.73,0.0,-0.3082853,-0.7735771,-0.65489775,0.2075144112110138,0.06792687177658081,0.10353067517280579
0.44097152434827425,0.00384194741889116,0.007771495135367665,76.5,-23592.95999999903,6.3,47185.92000000004,1.0,-0.05096591082492097,30.735,0.0,-0.3082853,-0.7735771,-0.65489775,0.2075144112110138,0.06792687177658081,0.10353067517280579
0.4269932689882663,-0.02082359593832936,0.0194352083850853,76.14,-8.285908764150982,6.66,8.285908764151003,1.0,0.07110812707906433,30.740000000000002,0.0,-0.24789625,-0.75618756,-0.66383994,0.2256311237812042,0.07314373254776001,0.10084801912307739
0.41178547536703836,-0.03168047962285241,0.01932102588161139,75.6,-11614.995692307826,7.199999999999999,11614.995692307673,1.0,-0.29511398663289157,30.745,0.0,-0.24789625,-0.75618756,-0.66383994,0.2256311237812042,0.07314373254776001,0.10084801912307739
0.39843315366638665,-0.029072180749483457,0.01086977630219459,75.06,-52672.654883720155,7.739999999999999,52672.654883720934,1.0,0.04058961760306801,30.75,0.0,-0.24789625,-0.75618756,-0.66383994,0.2256311237812042,0.07314373254776001,0.10084801912307739
0.3867563777194026,-0.022985160435702187,0.005501256820456955,74.52,-68634.06545454625,8.28,68634.06545454546,1.0,-0.21881771294290076,30.755,0.0,-0.24789625,-0.75618756,-0.66383994,0.2256311237812042,0.07314373254776001,0.10084801912307739
0.3734417165777691,-0.03172876726604522,0.0008623522831960004,73.98,-75497.47199999889,8.82,75497.47200000013,1.0,0.1626636555070533,30.76,0.0,-0.27884206,-0.6756376,-0.015640378,0.21634738147258759,0.0973087191581726,0.2953078866004944
0.36141709000541694,-0.022781600214458717,-0.00016272455009261908,73.08,-99338.77894736905,9.54,79471.02315789461,1.0,-0.21881771294290076,30.765,0.0,-0.27884206,-0.6756376,-0.015640378,0.21634738147258759,0.0973087191581726,0.2953078866004944
0.3505768545762092,-0.030939218255995368,-0.0041403632442431944,72.36,-88820.55529411751,10.26,88820.55529411773,1.0,-0.06622516556291913,30.77,0.0,-0.27884206,-0.6756376,-0.015640378,0.21634738147258759,0.0973087191581726,0.2953078866004944
0.3408727376103766,-0.022963570434865237,-0.0050861260139352365,71.46,-117964.80000000075,11.16,117964.80000000005,1.0,-0.29511398663289157,30.775000000000002,0.0,-0.27884206,-0.6756376,-0.015640378,0.21634738147258759,0.0973087191581726,0.2953078866004944
0.33154221864258065,-0.0149392508017896,0.00759646097528545,70.38,-150994.94399999976,11.879999999999999,100663.29599999984,1.0,-0.11200292977691362,30.78,0.0,-0.24254918,-0.7258645,-0.49093518,0.22723524570465087,0.08224064111709595,0.152719447016716
0.3243002244994842,-0.003002789967782344,0.004442402712624147,69.3,-26.130926207946796,12.959999999999999,26.13092620794684,1.0,0.025330362865069844,30.785,0.0,-0.24254918,-0.7258645,-0.49093518,0.22723524570465087,0.08224064111709595,0.152719447016716
0.31683602895951835,-0.0009024783141910609,0.00782612896135239,68.22,-66615.41647058813,13.86,55512.84705882355,1.0,0.14740440076905514,30.79,0.0,-0.24254918,-0.7258645,-0.49093518,0.22723524570465087,0.08224064111709595,0.152719447016716
0.30843453803703746,-0.010754821058438016,0.014116600098433633,66.96,-45954.982956521926,14.94,39389.98539130435,1.0,-0.14252143925290994,30.795,0.0,-0.24254918,-0.7258645,-0.49093518,0.22723524570465087,0.08224064111709595,0.152719447016716
0.30205267234247934,0.002554459644292179,0.00817097708463792,65.7,-139074.29052631478,15.84,99338.77894736845,1.0,0.010071108127071682,30.8,0.0,-0.030507684,-0.66659,0.4027492,0.2908476948738098,0.10002300739288329,0.4208247631788254
0.29645177582626814,0.0034383652509187962,0.02454195025290931,64.25999999999999,-188743.68000000156,17.099999999999998,165150.71999999974,1.0,-0.38666951506088054,30.805,0.0,-0.030507684,-0.66659,0.4027492,0.2908476948738098,0.10002300739288329,0.4208247631788254
0.28996100227455873,0.022680552466575868,0.031113926767906915,62.82,-183024.17454545337,18.18,137268.13090909115,1.0,-0.06622516556291913,30.810000000000002,0.0,-0.030507684,-0.66659,0.4027492,0.2908476948738098,0.10002300739288329,0.4208247631788254
0.28511959585443053,0.028001442718935576,0.041354582051368216,61.199999999999996,-212336.6400000006,19.439999999999998,165150.71999999974,1.0,-0.3256324961088879,30.815,0.0,-0.030507684,-0.66659,0.4027492,0.2908476948738098,0.10002300739288329,0.4208247631788254
0.2806443175971057,0.035131299029851785,0.05685312624850233,59.58,-121335.22285714267,20.7,94371.84000000011,1.0,0.22370067445904596,30.82,0.0,-0.125606,-0.76681614,-0.6425387,0.26231819987297056,0.06995515823364258,0.10723838210105896
0.2759570299151396,0.04013716199525381,0.06230568332233567,57.96,-36.611738132442426,21.96,28.475796325233077,1.0,-0.3561510055848842,30.825,0.0,-0.125606,-0.76681614,-0.6425387,0.26231819987297056,0.06995515823364258,0.10723838210105896
0.27188571157582186,0.04054896561594839,0.06742971645127752,56.16,-112682.79402985101,23.22,78877.9558208954,1.0,-0.06622516556291913,30.830000000000002,0.0,-0.125606,-0.76681614,-0.6425387,0.26231819987297056,0.06995515823364258,0.10723838210105896
0.26918190966140965,0.050473709037687164,0.08096602797784677,54.18,-244256.52705882315,24.48,155435.97176470608,1.0,-0.43244727927487503,30.835,0.0,-0.125606,-0.76681614,-0.6425387,0.26231819987297056,0.06995515823364258,0.10723838210105896
0.2652927393556655,0.05054538785894765,0.08605064925515148,52.199999999999996,-259522.56000000052,25.74,165150.71999999974,1.0,0.2084414197210478,30.84,0.0,0.4799932,-0.7463654,0.20600659,0.44399795830249783,0.07609037160873412,0.36180197596549984
0.2619794074831054,0.06303315020598432,0.09734117268411896,50.4,-260336.11034482718,26.64,130168.0551724141,1.0,-0.26459547715689524,30.845000000000002,0.0,0.4799932,-0.7463654,0.20600659,0.44399795830249783,0.07609037160873412,0.36180197596549984
0.25952579527815817,0.07124031951035396,0.11274351075690563,48.42,-286369.7213793099,27.36,104134.44413793087,1.0,-0.05096591082492097,30.85,0.0,0.4799932,-0.7463654,0.20600659,0.44399795830249783,0.07609037160873412,0.36180197596549984
0.2572379034558688,0.06758102569971945,0.1267118244622796,46.44,-244256.52705882402,27.9,66615.41647058813,1.0,-0.1577806939909081,30.855,0.0,0.4799932,-0.7463654,0.20600659,0.44399795830249783,0.07609037160873412,0.36180197596549984
0.25472774395718667,0.07585092879209133,0.13367968821632462,44.64,-260336.11034482718,27.9,0.0,1.0,-0.12726218451491178,30.86,0.0,0.19991083,-0.9319012,-1.0198399,0.35997325032949445,0.020429635047912596,0.0
0.2532764297841698,0.07604424462169253,0.1375141858785118,42.839999999999996,-77832.44536082493,27.72,-7783.244536082462,1.0,-0.020447401348924643,30.865000000000002,0.0,0.19991083,-0.9319012,-1.0198399,0.35997325032949445,0.020429635047912596,0.0
0.2531458257666243,0.0890360286703187,0.14752032947212007,41.04,-43.72356054902408,27.18,-13.117068164707224,1.0,0.10162663655506066,30.87,0.0,0.19991083,-0.9319012,-1.0198399,0.35997325032949445,0.020429635047912596,0.0
0.254029196900899,0.09848653829126874,0.164957577409015,39.42,-104534.96123076907,26.099999999999998,-69689.97415384627,1.0,-0.23407696768089892,30.875,0.0,0.19991083,-0.9319012,-1.0198399,0.35997325032949445,0.020429635047912596,0.0
0.25479745481926985,0.10093260740159898,0.1804979171821404,37.98,-55924.05333333352,24.66,-55924.05333333324,1.0,0.2542191839350423,30.88,0.0,0.90016663,-0.8910022,-1.3770356,0.5700499892234802,0.0326993465423584,0.0
0.25652967562902274,0.08427263328518118,0.1939721953561472,36.72,-155435.97176470564,22.68,-244256.5270588236,1.0,-0.2035584582049026,30.885,0.0,0.90016663,-0.8910022,-1.3770356,0.5700499892234802,0.0326993465423584,0.0
0.25827095261544253,0.0893013347495481,0.2064614124876229,35.46,-176160.76799999972,20.34,-327155.712,1.0,0.07110812707906433,30.89,0.0,0.90016663,-0.8910022,-1.3770356,0.5700499892234802,0.0326993465423584,0.0
0.25904973072224347,0.08826161374661066,0.2144797309060885,34.56,-117964.79999999981,17.46,-377487.35999999987,1.0,-0.2035584582049026,30.895,0.0,0.90016663,-0.8910022,-1.3770356,0.5700499892234802,0.0326993465423584,0.0
0.260685775524696,0.09644271955231191,0.2174027867895064,33.839999999999996,-97416.09290322661,14.399999999999999,-414018.39483870997,1.0,0.04058961760306801,30.900000000000002,0.0,1.0453143,-1.2262902,-1.2632686,0.6,0.0,0.0
0.2626144019867455,0.09582015730571994,0.21825557534647524,33.3,-70778.87999999989,10.98,-448266.23999999976,1.0,-0.26459547715689524,30.905,0.0,1.0453143,-1.2262902,-1.2632686,0.6,0.0,0.0
0.26407323769446894,0.09968115544217733,0.2187855446018039,32.76,-70778.87999999989,7.38,-471859.20000000007,1.0,0.10162663655506066,30.91,0.0,1.0453143,-1.2262902,-1.2632686,0.6,0.0,0.0
0.26543470908039873,0.10215716495884698,0.21923250512989578,32.58,-4.1477797372801675,3.42,-91.25115422016383,1.0,-0.3714102603228824,30.915,0.0,1.0453143,-1.2262902,-1.2632686,0.6,0.0,0.0
0.26742385733827256,0.0951716813213208,0.22326164432910256,31.5,-24094.937872340386,1.08,-52205.69872340425,1.0,0.10162663655506066,30.92,0.0,1.2890555,-1.340671,-1.1185182,0.6,0.0,0.0
0.2697145699697636,0.09079223997103747,0.22851389493540988,30.06,-90146.23522388068,2.34,78877.95582089551,1.0,-0.24933622241889708,30.925,0.0,1.2890555,-1.340671,-1.1185182,0.6,0.0,0.0
0.27126452113899696,0.08442611256073417,0.23152079735726128,28.799999999999997,-150994.9440000002,3.78,172565.65028571428,1.0,0.43733024079102023,30.93,0.0,1.2890555,-1.340671,-1.1185182,0.6,0.0,0.0
0.2744264741169998,0.07928730636538613,0.23147890946980226,27.36,-194832.1858064513,4.859999999999999,146124.13935483867,1.0,-0.38666951506088054,30.935000000000002,0.0,1.2890555,-1.340671,-1.1185182,0.6,0.0,0.0
0.27755080938068916,0.08383200964202334,0.23158715644432726,26.459999999999997,-107853.53142857169,5.04,21570.706285714357,1.0,-0.005188146610926481,30.94,0.0,1.4118034,-1.6282586,-0.93305004,0.6,0.0,0.020084989070892335
0.2794717502361593,0.08148397370403385,0.2318834293981355,26.279999999999998,-22878.021818181784,4.5,-68634.06545454546,1.0,-0.005188146610926481,30.945,0.0,1.4118034,-1.6282586,-0.93305004,0.6,0.0,0.020084989070892335
0.2838189895017747,0.08425936892245131,0.23034249073044735,26.099999999999998,-25165.82399999996,3.5999999999999996,-125829.12000000005,1.0,0.05584887234106617,30.95,0.0,1.4118034,-1.6282586,-0.93305004,0.6,0.0,0.020084989070892335
0.2982512943223047,0.07543616791520995,0.22884752371880357,26.64,12.242965653682804,1.98,-36.72889696104822,1.0,-0.17303994872890627,30.955000000000002,0.0,1.4118034,-1.6282586,-0.93305004,0.6,0.0,0.020084989070892335
0.31494327904915626,0.0821182821769992,0.22487307007526564,26.64,0.0,1.44,-28669.92607594937,1.0,-0.005188146610926481,30.96,0.0,1.5253209,-1.7419337,-0.7673602,0.6,0.0,0.06979193687438964
0.32919014248372575,0.08688325566618334,0.21405778312652618,27.18,61214.16648648639,2.16,81618.88864864867,1.0,-0.4934842982268677,30.965,0.0,1.5253209,-1.7419337,-0.7673602,0.6,0.0,0.06979193687438964
0.3444568997386485,0.0877256435421913,0.2000468503953098,28.08,107853.53142857125,1.7999999999999998,-43141.41257142861,1.0,0.025330362865069844,30.970000000000002,0.0,1.5253209,-1.7419337,-0.7673602,0.6,0.0,0.06979193687438964
0.36087643961390864,0.09217720499490568,0.18345459646579856,29.16,32356.059428571483,1.44,-10785.353142857139,1.0,-0.035706656086922806,30.975,0.0,1.5253209,-1.7419337,-0.7673602,0.6,0.0,0.06979193687438964
0.3734571580674009,0.08896615100294311,0.16639684097190824,30.599999999999998,158942.04631578922,1.6199999999999999,19867.75578947368,1.0,-0.06622516556291913,30.98,0.0,1.6935933,-1.9099917,-0.29369727,0.6,0.0,0.21189081966876983
0.3859300327828298,0.08852786236595313,0.14939674266444372,32.4,228780.21818181826,1.6199999999999999,0.0,1.0,0.025330362865069844,30.985,0.0,1.6935933,-1.9099917,-0.29369727,0.6,0.0,0.21189081966876983
0.39807735743807166,0.07838147300131441,0.13417058185569056,34.379999999999995,267894.25548387057,1.6199999999999999,0.0,1.0,0.07110812707906433,30.990000000000002,0.0,1.6935933,-1.9099917,-0.29369727,0.6,0.0,0.21189081966876983
0.407250490581076,0.07042392087611804,0.11922382584294779,36.54,292248.2787096779,1.6199999999999999,0.0,1.0,-0.3714102603228824,30.995,0.0,1.6935933,-1.9099917,-0.29369727,0.6,0.0,0.21189081966876983
0.4155609768614018,0.06772466384034853,0.10558085146040981,39.24,65.24451409213475,1.6199999999999999,0.0,1.0,0.010071108127071682,31.0,0.0,1.514373,-1.6411594,-0.35779992,0.6,0.0,0.19266002476215363
0.4243235110294344,0.060422110007717564,0.0935183324377032,41.94,143349.6303797466,1.6199999999999999,0.0,1.0,-0.14252143925290994,31.005,0.0,1.514373,-1.6411594,-0.35779992,0.6,0.0,0.19266002476215363
0.43015968978972624,0.039420695028962865,0.08303896265600673,45.0,356515.84000000026,1.6199999999999999,0.0,1.0,0.010071108127071682,31.01,0.0,1.514373,-1.6411594,-0.35779992,0.6,0.0,0.19266002476215363
0.4355203607593826,0.038156716627892204,0.06775712694735295,48.059999999999995,401080.31999999937,1.6199999999999999,0.0,1.0,-0.31037324137088973,31.015,0.0,1.514373,-1.6411594,-0.35779992,0.6,0.0,0.19266002476215363
0.44188557049365157,0.035282503407872534,0.05849182161427852,51.3,438372.4180645164,1.6199999999999999,0.0,1.0,0.11688589129305882,31.02,0.0,1.5244801,-1.8529627,0.46454528,0.6,0.0,0.43936358392238617
0.446685744658801,0.037997544114032104,0.05595839223477634,54.72,434682.4145454548,1.6199999999999999,0.0,1.0,-0.2798547318948934,31.025000000000002,0.0,1.5244801,-1.8529627,0.46454528,0.6,0.0,0.43936358392238617
0.45071205792621466,0.017394880554202765,0.05440474677460175,58.32,112682.79402985079,1.6199999999999999,0.0,1.0,0.05584887234106617,31.03,0.0,1.5244801,-1.8529627,0.46454528,0.6,0.0,0.43936358392238617
0.4557823837977629,0.019445269536594416,0.04586374614788654,61.919999999999995,487080.46451612824,1.6199999999999999,0.0,1.0,-0.24933622241889708,31.035,0.0,1.5244801,-1.8529627,0.46454528,0.6,0.0,0.43936358392238617
0.46004783181899533,0.00984971691385486,0.04410525258118577,65.34,79.13126288787774,1.6199999999999999,0.0,1.0,0.11688589129305882,31.04,0.0,1.1042411,-1.3074226,-0.09982508,0.6,0.0,0.2700524769723415
0.4634614037707217,0.005457360320106332,0.043548663979641196,68.94,193583.26153846123,1.7999999999999998,9679.163076923074,1.0,-0.21881771294290076,31.045,0.0,1.1042411,-1.3074226,-0.09982508,0.6,0.0,0.2700524769723415
0.46708220564134945,0.003689496660018088,0.04586337001531778,72.36,409843.41942857165,1.98,21570.706285714306,1.0,-0.11200292977691362,31.05,0.0,1.1042411,-1.3074226,-0.09982508,0.6,0.0,0.2700524769723415
0.47127884389835384,0.0008197454846601737,0.04295830511473198,75.6,438372.41806451546,2.16,24354.02322580647,1.0,-0.08148442030091729,31.055,0.0,1.1042411,-1.3074226,-0.09982508,0.6,0.0,0.2700524769723415
0.474712819102465,-0.0022997291980131175,0.05380430268635272,78.84,452984.8320000013,2.52,50331.64799999998,1.0,-0.09674367503891546,31.060000000000002,0.0,1.0692712,-1.5615162,0.67610186,0.6,0.0,0.5028305590152741
0.4791047046572866,-0.00560020906013714,0.06838129523759257,81.89999999999999,377487.35999999853,3.06,66615.41647058824,1.0,-0.21881771294290076,31.065,0.0,1.0692712,-1.5615162,0.67610186,0.6,0.0,0.5028305590152741
0.4829644858277631,-0.013655933352641644,0.07837112010776479,84.42,330301.44000000134,4.14,141557.75999999995,1.0,0.10162663655506066,31.07,0.0,1.0692712,-1.5615162,0.67610186,0.6,0.0,0.5028305590152741
0.48636369256814144,-0.0009035528447018638,0.08011822035884653,86.75999999999999,306708.4799999986,5.58,188743.68000000005,1.0,-0.34089175084688605,31.075,0.0,1.0692712,-1.5615162,0.67610186,0.6,0.0,0.5028305590152741
0.4887002573549736,-0.006363198866776152,0.09332852170354305,88.56,235929.6000000015,7.739999999999999,283115.5199999999,1.0,0.17792291024505147,31.080000000000002,0.0,0.5490584,-1.0422364,-0.12774771,0.4647175133228302,0.0,0.2616756856441498
0.4912516588969327,3.659804293416562e-05,0.10346640202240123,89.82,30.76685707632277,10.62,70.32424474588112,1.0,-0.2798547318948934,31.085,0.0,0.5490584,-1.0422364,-0.12774771,0.4647175133228302,0.0,0.2616756856441498
0.49342293065575676,-0.0019213453207519023,0.1071204982925418,90.36,16777.216000000193,14.219999999999999,111848.10666666666,1.0,-0.06622516556291913,31.09,0.0,0.5490584,-1.0422364,-0.12774771,0.4647175133228302,0.0,0.2616756856441498
0.4940811168792702,-0.004035668732188957,0.12416553736581354,90.36,0.0,18.72,496693.8947368421,1.0,-0.3714102603228824,31.095000000000002,0.0,0.5490584,-1.0422364,-0.12774771,0.4647175133228302,0.0,0.2616756856441498
0.49490418956330506,-0.005182329030616372,0.14475080383771832,90.0,-44410.277647058756,23.4,577333.6094117647,1.0,0.2084414197210478,31.1,0.0,-0.5132204,-0.167299,1.3003032,0.14603387117385863,0.24981029927730558,0.6
0.4954434994626361,-0.01010281779070958,0.1608050915407448,89.46,-78100.83310344919,28.08,676873.8868965517,1.0,-0.23407696768089892,31.105,0.0,-0.5132204,-0.167299,1.3003032,0.14603387117385863,0.24981029927730558,0.6
0.4957716072807511,-0.00958864954522515,0.17820129240019245,88.74,-91512.08727272713,32.4,549072.5236363637,1.0,0.11688589129305882,31.11,0.0,-0.5132204,-0.167299,1.3003032,0.14603387117385863,0.24981029927730558,0.6
0.4958860004897812,-0.014127045540317365,0.19314846670497918,88.2,-68634.06545454444,35.46,388926.3709090912,1.0,-0.17303994872890627,31.115000000000002,0.0,-0.5132204,-0.167299,1.3003032,0.14603387117385863,0.24981029927730558,0.6
0.49567686162517016,-0.016335775953280736,0.20274690522398112,87.84,-48708.04645161283,37.26,243540.23225806412,1.0,0.2084414197210478,31.12,0.0,0.067570336,-0.5705553,-0.019689597,0.3202711008489132,0.1288334012031555,0.2940931208431721
0.4958368818811499,-0.0068713425285105,0.21339019226639835,87.84,0.0,37.44,4.065101523252615,1.0,-0.3256324961088879,31.125,0.0,0.067570336,-0.5705553,-0.019689597,0.3202711008489132,0.1288334012031555,0.2940931208431721
0.49606997357881405,-0.0063969512979588075,0.22541786730083951,87.84,0.0,36.54,-55512.84705882344,1.0,0.04058961760306801,31.13,0.0,0.067570336,-0.5705553,-0.019689597,0.3202711008489132,0.1288334012031555,0.2940931208431721
0.4962255949270764,-0.007826088098968013,0.232095117361548,88.02,6801.5740540537745,34.74,-68015.74054054043,1.0,-0.29511398663289157,31.135,0.0,0.067570336,-0.5705553,-0.019689597,0.3202711008489132,0.1288334012031555,0.2940931208431721
0.4960066674394772,-0.011905131070773168,0.24065909471400596,88.2,21570.706285715103,32.58,-258848.47542857187,1.0,-0.14252143925290994,31.14,0.0,0.42967662,-0.7426363,-1.0929867,0.42890298664569854,0.0772091031074524,0.0
0.49614089128406597,-0.0061702198199485025,0.2554673866189778,88.2,0.0,30.24,-306708.48,1.0,-0.1577806939909081,31.145,0.0,0.42967662,-0.7426363,-1.0929867,0.42890298664569854,0.0772091031074524,0.0
0.49658833662777935,-0.008783974586512075,0.26929309180770555,88.02,-20404.722162162936,27.18,-346880.2767567566,1.0,0.05584887234106617,31.150000000000002,0.0,0.42967662,-0.7426363,-1.0929867,0.42890298664569854,0.0772091031074524,0.0
0.49572992220586326,-0.015142242308287888,0.27847594859973335,87.84,-13016.805517240846,24.119999999999997,-221285.69379310362,1.0,-0.18829920346690443,31.155,0.0,0.42967662,-0.7426363,-1.0929867,0.42890298664569854,0.0772091031074524,0.0
0.49533965440227573,-0.014561864603429245,0.2832159077905396,87.66,-24354.023225807374,20.7,-462726.44129032234,1.0,0.05584887234106617,31.16,0.0,-0.003663674,-0.87669337,-1.5400454,0.2989008978009224,0.036991989612579344,0.0
0.49574130529816474,-0.008662962115063618,0.28519075770765173,87.3,-47185.919999999925,17.28,-448266.23999999976,1.0,-0.4019287697988787,31.165,0.0,-0.003663674,-0.87669337,-1.5400454,0.2989008978009224,0.036991989612579344,0.0
0.4951203009899525,-0.008159201590787861,0.2885909638028881,86.94,-8.771636110142893,13.68,-87.7163611014291,1.0,0.025330362865069844,31.17,0.0,-0.003663674,-0.87669337,-1.5400454,0.2989008978009224,0.036991989612579344,0.0
0.49359318361093574,-0.019666632733653763,0.29808337780091565,86.39999999999999,-44410.27764705934,10.08,-296068.5176470588,1.0,-0.21881771294290076,31.175,0.0,-0.003663674,-0.87669337,-1.5400454,0.2989008978009224,0.036991989612579344,0.0
0.4928168030548765,0.004218027316074497,0.3104590648328298,85.67999999999999,-21118.173986013953,6.4799999999999995,-105590.86993006995,1.0,-0.17303994872890627,31.18,0.0,0.49097928,-0.9484569,-1.6352545,0.44729378521442414,0.015462934970855713,0.0
0.49327961271625365,0.019274632894630328,0.3210306907901102,84.96,-83886.07999999987,3.06,-398458.87999999995,1.0,-0.12726218451491178,31.185000000000002,0.0,0.49097928,-0.9484569,-1.6352545,0.44729378521442414,0.015462934970855713,0.0
0.4916765139417583,0.02949284329976793,0.3310106748349449,83.34,-219186.20903225677,1.26,-243540.23225806453,1.0,0.10162663655506066,31.19,0.0,0.49097928,-0.9484569,-1.6352545,0.44729378521442414,0.015462934970855713,0.0
0.4917005672810237,0.04210761413789175,0.3389062054869275,81.0,-288666.8047058828,2.88,199846.2494117647,1.0,-0.26459547715689524,31.195,0.0,0.49097928,-0.9484569,-1.6352545,0.44729378521442414,0.015462934970855713,0.0
0.4921716486463996,0.06093548978373125,0.3435524334752475,78.66,-316602.30193548434,3.96,146124.13935483873,1.0,-0.06622516556291913,31.2,0.0,0.15276453,-0.99380624,-1.1704435,0.34582935869693754,0.0018581271171569822,0.0
0.4899553939764845,0.06424288343985148,0.34467924523762294,76.67999999999999,-276824.06400000054,4.32,50331.648000000045,1.0,-0.3256324961088879,31.205000000000002,0.0,0.15276453,-0.99380624,-1.1704435,0.34582935869693754,0.0018581271171569822,0.0
0.48412580494782786,0.08079808120067908,0.3455878297616434,74.7,-44.911023551361204,4.14,-4.082820322851053,1.0,0.10162663655506066,31.21,0.0,0.15276453,-0.99380624,-1.1704435,0.34582935869693754,0.0018581271171569822,0.0
0.4785359316400917,0.07571330047030998,0.34605393668772205,73.08,-128203.254339623,3.42,-56979.22415094337,1.0,0.04058961760306801,31.215,0.0,0.15276453,-0.99380624,-1.1704435,0.34582935869693754,0.0018581271171569822,0.0
0.4723462013177076,0.09002882626186015,0.34381083340897167,71.46,-205902.19636363693,2.34,-137268.13090909092,1.0,-0.12726218451491178,31.220000000000002,0.0,0.56508154,-1.037311,-0.8748087,0.46952446103096007,0.0,0.037557381391525264
0.46502019257698674,0.08236144076667862,0.34159840241698414,69.84,-199846.2494117635,1.44,-111025.69411764704,1.0,0.04058961760306801,31.225,0.0,0.56508154,-1.037311,-0.8748087,0.46952446103096007,0.0,0.037557381391525264
0.45940186288823986,0.09047336156061109,0.33762079351347074,68.03999999999999,-260336.11034482924,1.7999999999999998,52067.2220689655,1.0,-0.06622516556291913,31.23,0.0,0.56508154,-1.037311,-0.8748087,0.46952446103096007,0.0,0.037557381391525264
0.45338231245017857,0.08268448084915021,0.3254924644852472,66.42,-226492.41599999866,1.7999999999999998,0.0,1.0,-0.005188146610926481,31.235,0.0,0.56508154,-1.037311,-0.8748087,0.46952446103096007,0.0,0.037557381391525264
0.4411076637698343,0.09343097497539521,0.3079122232310261,64.8,-219186.2090322587,1.6199999999999999,-24354.023225806442,1.0,0.010071108127071682,31.240000000000002,0.0,-0.010046177,-0.45362005,-1.0392236,0.29698614701628684,0.1639139860868454,0.0
0.42850186926546285,0.09934527790130362,0.2857098189273241,63.36,-71056.44423529401,1.6199999999999999,0.0,1.0,-0.26459547715689524,31.245,0.0,-0.010046177,-0.45362005,-1.0392236,0.29698614701628684,0.1639139860868454,0.0
0.41923791858571885,0.0950166797014855,0.2631305745563856,61.919999999999995,-201326.59200000067,1.6199999999999999,0.0,1.0,0.025330362865069844,31.25,0.0,-0.010046177,-0.45362005,-1.0392236,0.29698614701628684,0.1639139860868454,0.0
0.4150069798408868,0.07991929273310987,0.23959405846740445,60.48,-34.736235938254794,1.6199999999999999,0.0,1.0,-0.43244727927487503,31.255,0.0,-0.010046177,-0.45362005,-1.0392236,0.29698614701628684,0.1639139860868454,0.0
0.413032532792153,0.08491370669940707,0.21727519416225513,59.04,-61630.589387755004,1.6199999999999999,0.0,1.0,-0.12726218451491178,31.26,0.0,-0.004927233,-0.020610295,-0.29108435,0.2985218301415443,0.29381691142916677,0.21267469525337218
0.4123017126624733,0.08490224691662117,0.19509780802265417,57.96,-33307.70823529406,1.6199999999999999,0.0,1.0,-0.3256324961088879,31.265,0.0,-0.004927233,-0.020610295,-0.29108435,0.2985218301415443,0.29381691142916677,0.21267469525337218
0.40887192931320726,0.09812751683480629,0.1750344772567274,56.879999999999995,-71902.35428571464,1.6199999999999999,0.0,1.0,-0.020447401348924643,31.27,0.0,-0.004927233,-0.020610295,-0.29108435,0.2985218301415443,0.29381691142916677,0.21267469525337218
0.4053163625078366,0.08396620805270605,0.1563284192605662,55.8,-129424.23771428551,1.6199999999999999,0.0,1.0,-0.14252143925290994,31.275000000000002,0.0,-0.004927233,-0.020610295,-0.29108435,0.2985218301415443,0.29381691142916677,0.21267469525337218
0.40246014315580514,0.07131943009208716,0.13965557787503557,55.08,-86282.82514285701,1.6199999999999999,0.0,1.0,0.14740440076905514,31.28,0.0,-0.22614595,0.14561939,-0.48022887,0.23215621411800383,0.34368581771850587,0.15593133866786957
0.40078805140855683,0.07229940784885508,0.1248468227989555,54.36,-86282.82514285701,1.6199999999999999,0.0,1.0,-0.08148442030091729,31.285,0.0,-0.22614595,0.14561939,-0.48022887,0.23215621411800383,0.34368581771850587,0.15593133866786957
0.40073879497106585,0.07273832074104275,0.11042005978662654,53.64,-94371.83999999985,1.6199999999999999,0.0,1.0,0.07110812707906433,31.29,0.0,-0.22614595,0.14561939,-0.48022887,0.23215621411800383,0.34368581771850587,0.15593133866786957
0.4011496231699099,0.07734733342961317,0.09853392701911297,53.28,-8.336274719814485,1.6199999999999999,0.0,1.0,-0.38666951506088054,31.295,0.0,-0.22614595,0.14561939,-0.48022887,0.23215621411800383,0.34368581771850587,0.15593133866786957
0.40200694058275577,0.061561487230582565,0.08788633462313497,53.1,-9207.008780487791,1.6199999999999999,0.0,1.0,-0.020447401348924643,31.3,0.0,0.043555804,-0.27345046,-1.2555876,0.313066741079092,0.2179648607969284,0.0
0.40283107018101005,0.042665065523342906,0.07916862456861556,52.919999999999995,-19358.326153846887,1.6199999999999999,0.0,1.0,-0.2035584582049026,31.305,0.0,0.043555804,-0.27345046,-1.2555876,0.313066741079092,0.2179648607969284,0.0
0.40312224246614053,0.050778992270301644,0.07072354304662944,52.919999999999995,0.0,1.6199999999999999,0.0,1.0,-0.14252143925290994,31.310000000000002,0.0,0.043555804,-0.27345046,-1.2555876,0.313066741079092,0.2179648607969284,0.0
0.4032761861274511,0.05721584361714039,0.047825080121445644,53.1,25165.824000000954,1.6199999999999999,0.0,1.0,-0.020447401348924643,31.315,0.0,0.043555804,-0.27345046,-1.2555876,0.313066741079092,0.2179648607969284,0.0
0.4023169685348686,0.05796090177807245,0.04138375881394139,53.28,25165.82399999996,1.6199999999999999,0.0,1.0,0.10162663655506066,31.32,0.0,-0.003343463,-0.5757109,-1.1995491,0.29899696111679075,0.12728673219680786,0.0
0.40058967494925724,0.05267945540749027,0.0386953342350403,53.64,13981.01333333331,1.6199999999999999,0.0,1.0,-0.08148442030091729,31.325,0.0,-0.003343463,-0.5757109,-1.1995491,0.29899696111679075,0.12728673219680786,0.0
0.39791766154568636,0.059741041197835694,0.04496654112879467,54.0,39735.511578947306,1.6199999999999999,0.0,1.0,-0.18829920346690443,31.330000000000002,0.0,-0.003343463,-0.5757109,-1.1995491,0.29899696111679075,0.12728673219680786,0.0
0.39140596973142505,0.055655986074095595,0.04504549510204502,54.54,70778.87999999989,1.6199999999999999,0.0,1.0,-0.3256324961088879,31.335,0.0,-0.003343463,-0.5757109,-1.1995491,0.29899696111679075,0.12728673219680786,0.0
0.38386083581722047,0.07633918976433382,0.03994632971394272,54.9,8.10258668984834,1.6199999999999999,0.0,1.0,0.11688589129305882,31.34,0.0,-0.02950053,-0.77480483,-1.0302855,0.29114984124898907,0.06755855083465576,0.0
0.37793315640995606,0.10192110882436198,0.04402182673310648,55.26,12079.59551999998,1.7999999999999998,6039.797759999998,1.0,-0.1577806939909081,31.345000000000002,0.0,-0.02950053,-0.77480483,-1.0302855,0.29114984124898907,0.06755855083465576,0.0
0.36885140376906184,0.11394709019675099,0.055152557464488675,55.62,40809.44432432426,1.7999999999999998,0.0,1.0,-0.06622516556291913,31.35,0.0,-0.02950053,-0.77480483,-1.0302855,0.29114984124898907,0.06755855083465576,0.0
0.35815422534384217,0.12316530693229737,0.06640227055713575,55.98,47185.919999999925,1.98,23592.96000000002,1.0,-0.41718802453687687,31.355,0.0,-0.02950053,-0.77480483,-1.0302855,0.29114984124898907,0.06755855083465576,0.0
0.34998207653866664,0.15236623111538586,0.08128589705135111,56.16,24354.023225806413,2.16,24354.02322580647,1.0,0.17792291024505147,31.36,0.0,-0.16882019,-0.48291823,-0.84021235,0.2493539437651634,0.15512453019618988,0.047936296463012694
0.342093015972473,0.1753526339863174,0.09136190033773642,56.339999999999996,21570.706285714252,2.34,21570.706285714252,1.0,-0.11200292977691362,31.365000000000002,0.0,-0.16882019,-0.48291823,-0.84021235,0.2493539437651634,0.15512453019618988,0.047936296463012694
0.3343185129516572,0.18975726864530892,0.09777077556006347,56.339999999999996,0.0,2.6999999999999997,44410.27764705881,1.0,0.14740440076905514,31.37,0.0,-0.16882019,-0.48291823,-0.84021235,0.2493539437651634,0.15512453019618988,0.047936296463012694
0.3286077669577046,0.19847320037690744,0.1102383999172812,56.339999999999996,0.0,3.2399999999999998,75497.47200000001,1.0,-0.21881771294290076,31.375,0.0,-0.16882019,-0.48291823,-0.84021235,0.2493539437651634,0.15512453019618988,0.047936296463012694
0.32473306957871584,0.1949586675602704,0.10352940382279063,56.16,-23592.959999999963,3.78,70778.88,1.0,0.05584887234106617,31.38,0.0,0.22216003,0.16990319,-0.035133995,0.3666480079293251,0.35097095668315886,0.2894598014652729
0.3212327685196431,0.2037973302436087,0.11414631605865633,55.8,-8.764151909314096,4.5,17.528303818628224,1.0,-0.21881771294290076,31.385,0.0,0.22216003,0.16990319,-0.035133995,0.3666480079293251,0.35097095668315886,0.2894598014652729
0.3188660077398247,0.20190943078839427,0.1108624668397845,55.44,-22536.558805970115,5.22,45073.11761194028,1.0,0.07110812707906433,31.39,0.0,0.22216003,0.16990319,-0.035133995,0.3666480079293251,0.35097095668315886,0.2894598014652729
0.3167729606470975,0.20226049635290658,0.11592978873485818,55.08,-43141.412571428504,5.9399999999999995,86282.82514285711,1.0,-0.12726218451491178,31.395,0.0,0.22216003,0.16990319,-0.035133995,0.3666480079293251,0.35097095668315886,0.2894598014652729
0.3149124500321537,0.19887516346332026,0.1054017235355745,54.54,-62914.5599999999,6.66,83886.08000000007,1.0,0.14740440076905514,31.400000000000002,0.0,0.4978433,0.5145837,1.3544792,0.44935298860073086,0.45437511205673214,0.6
0.31345089040445306,0.1969596095835851,0.09423655360447993,54.0,-70778.87999999989,7.56,117964.79999999993,1.0,-0.34089175084688605,31.405,0.0,0.4978433,0.5145837,1.3544792,0.44935298860073086,0.45437511205673214,0.6
0.31204510144292996,0.201529875135694,0.09462398001769085,53.28,-88820.55529411751,8.459999999999999,111025.694117647,1.0,0.10162663655506066,31.41,0.0,0.4978433,0.5145837,1.3544792,0.44935298860073086,0.45437511205673214,0.6
0.310170861250636,0.1922371507575353,0.07628633095640414,52.559999999999995,-88820.55529411839,9.36,111025.6941176471,1.0,-0.34089175084688605,31.415,0.0,0.4978433,0.5145837,1.3544792,0.44935298860073086,0.45437511205673214,0.6
0.30838010691772055,0.19027908394564105,0.0681613453982901,51.839999999999996,-94371.83999999985,10.26,117964.80000000005,1.0,0.07110812707906433,31.42,0.0,0.25224298,0.76622653,1.423378,0.3756728947162628,0.5298679590225219,0.6
0.30657436672451227,0.19039668782238264,0.05734767065117619,50.94,-20.797628715462352,11.16,20.79762871546239,1.0,-0.2798547318948934,31.425,0.0,0.25224298,0.76622653,1.423378,0.3756728947162628,0.5298679590225219,0.6
0.3035507310814881,0.204972496370711,0.04622177984694523,50.04,-57195.054545454455,12.059999999999999,57195.054545454455,1.0,0.29999694814903677,31.43,0.0,0.25224298,0.76622653,1.423378,0.3756728947162628,0.5298679590225219,0.6
0.30020373108888276,0.20314912019159725,0.03283045997753787,49.14,-107853.53142857125,12.959999999999999,107853.53142857147,1.0,-0.17303994872890627,31.435000000000002,0.0,0.25224298,0.76622653,1.423378,0.3756728947162628,0.5298679590225219,0.6
0.29792061113191587,0.20625635840376316,0.029705704068537613,48.239999999999995,-44938.97142857171,13.86,44938.97142857144,1.0,0.0863673818170625,31.44,0.0,0.24517791,0.22180177,1.395592,0.3735533729195595,0.36654053181409835,0.6
0.29730248489370176,0.20403669731920696,0.03502363574055242,47.339999999999996,-107853.53142857125,14.58,86282.82514285723,1.0,-0.1577806939909081,31.445,0.0,0.24517791,0.22180177,1.395592,0.3735533729195595,0.36654053181409835,0.6
0.29767871193389894,0.20141930472885541,0.024567330842150195,46.44,-114390.10909090891,15.299999999999999,91512.08727272713,1.0,0.04058961760306801,31.45,0.0,0.24517791,0.22180177,1.395592,0.3735533729195595,0.36654053181409835,0.6
0.29773014206722886,0.19919501672002882,0.02727271391684777,45.72,-50331.64799999992,16.02,50331.648000000045,1.0,-0.17303994872890627,31.455000000000002,0.0,0.24517791,0.22180177,1.395592,0.3735533729195595,0.36654053181409835,0.6
0.29916214760172943,0.20178856808422385,0.03265225161098559,44.82,-114390.10909090891,16.38,45756.04363636357,1.0,-0.020447401348924643,31.46,0.0,0.4743706,-0.69907725,-0.3871017,0.44231117963790895,0.09027682542800904,0.18386948704719544
0.30073463843071346,0.1909184869408369,0.045212092206729664,44.1,-91512.08727272713,16.74,45756.04363636357,1.0,-0.26459547715689524,31.465,0.0,0.4743706,-0.69907725,-0.3871017,0.44231117963790895,0.09027682542800904,0.18386948704719544
0.301906234053489,0.21053927239626816,0.05150136048816744,43.559999999999995,-12.883087949216899,16.74,0.0,1.0,-0.020447401348924643,31.470000000000002,0.0,0.4743706,-0.69907725,-0.3871017,0.44231117963790895,0.09027682542800904,0.18386948704719544
0.3037150147921994,0.2260084739233053,0.07594100089318759,43.019999999999996,-36531.03483870962,16.56,-12177.011612903207,1.0,-0.18829920346690443,31.475,0.0,0.4743706,-0.69907725,-0.3871017,0.44231117963790895,0.09027682542800904,0.18386948704719544
0.30632205997090345,0.23598638839418895,0.08309058980980699,42.66,-40809.44432432426,16.2,-40809.44432432426,1.0,0.010071108127071682,31.48,0.0,0.88625896,-1.2989366,-1.0192116,0.5658776879310607,0.0,0.0
0.3074142285369254,0.253480578724225,0.10627992007508685,42.48,-22878.021818181784,15.66,-68634.06545454534,1.0,-0.4019287697988787,31.485,0.0,0.88625896,-1.2989366,-1.0192116,0.5658776879310607,0.0,0.0
0.30854413109866446,0.2674867028163622,0.12411131818837112,42.3,-24354.023225806413,14.76,-121770.1161290323,1.0,0.05584887234106617,31.490000000000002,0.0,0.88625896,-1.2989366,-1.0192116,0.5658776879310607,0.0,0.0
0.3103243113622023,0.2899170639767475,0.14510574968541948,42.3,0.0,13.68,-129424.23771428573,1.0,-0.14252143925290994,31.495,0.0,0.88625896,-1.2989366,-1.0192116,0.5658776879310607,0.0,0.0
0.3105342976478535,0.29690124220818814,0.16270754065721105,42.48,22205.138823529378,12.42,-155435.97176470584,1.0,0.0863673818170625,31.5,0.0,1.0349451,-1.6593173,-0.69617367,0.6,0.0,0.09114789962768555
0.3112618165745495,0.31459962310857714,0.17732231278708038,42.48,0.0,10.98,-72768.64771084335,1.0,-0.2035584582049026,31.505,0.0,1.0349451,-1.6593173,-0.69617367,0.6,0.0,0.09114789962768555
0.31247636817817886,0.32926775543388037,0.19469151878520857,42.66,4.089831525802007,9.54,-32.71865220641613,1.0,-0.035706656086922806,31.51,0.0,1.0349451,-1.6593173,-0.69617367,0.6,0.0,0.09114789962768555
0.31294258131785563,0.3426980776257784,0.2108757208193813,42.839999999999996,13981.01333333331,7.92,-125829.11999999994,1.0,-0.2035584582049026,31.515,0.0,1.0349451,-1.6593173,-0.69617367,0.6,0.0,0.09114789962768555
0.31383101297007,0.3533226157786302,0.2240489468439868,42.839999999999996,0.0,6.4799999999999995,-188743.68000000005,1.0,0.025330362865069844,31.52,0.0,1.3611022,-1.503825,-0.62076247,0.6,0.0,0.11377125978469849
0.31845769670910495,0.3494381630778814,0.23864979279860796,42.839999999999996,0.0,4.859999999999999,-205902.19636363638,1.0,-0.31037324137088973,31.525000000000002,0.0,1.3611022,-1.503825,-0.62076247,0.6,0.0,0.11377125978469849
0.3260942391888249,0.35326149321237604,0.2535856900776874,42.839999999999996,0.0,3.42,-215707.0628571428,1.0,-0.21881771294290076,31.53,0.0,1.3611022,-1.503825,-0.62076247,0.6,0.0,0.11377125978469849
0.3318012125954017,0.35677971295369176,0.2634230246048742,42.839999999999996,0.0,1.7999999999999998,-199846.24941176473,1.0,-0.09674367503891546,31.535,0.0,1.3611022,-1.503825,-0.62076247,0.6,0.0,0.11377125978469849
0.33768075267495373,0.3579752031308105,0.2661687355774289,42.3,-70778.87999999989,1.6199999999999999,-23592.959999999992,1.0,0.23895992919704412,31.54,0.0,1.1397625,-1.4281299,0.12504634,0.6,0.0,0.3375139027833938
0.3465123236417842,0.35682190924674734,0.2681184669967486,41.94,-45756.04363636357,1.98,45756.04363636365,1.0,-0.3714102603228824,31.545,0.0,1.1397625,-1.4281299,0.12504634,0.6,0.0,0.3375139027833938
0.353462418519724,0.34451422985275315,0.2693223961239849,41.76,-24354.023225806413,1.98,0.0,1.0,0.1626636555070533,31.55,0.0,1.1397625,-1.4281299,0.12504634,0.6,0.0,0.3375139027833938
0.3593457731836379,0.3429083507328209,0.2680267625918204,41.76,0.0,1.6199999999999999,-8.791656613177448,1.0,-0.2798547318948934,31.555,0.0,1.1397625,-1.4281299,0.12504634,0.6,0.0,0.3375139027833938
0.36794728057470416,0.3330350631268571,0.26719607160389625,41.76,0.0,1.6199999999999999,0.0,1.0,0.14740440076905514,31.560000000000002,0.0,0.95992875,-1.4596001,0.04976425,0.5879786252975464,0.0,0.31492927484214306
0.37927947543610196,0.33651343305183457,0.2661651045981265,42.12,30198.988799999952,1.6199999999999999,0.0,1.0,-0.21881771294290076,31.565,0.0,0.95992875,-1.4596001,0.04976425,0.5879786252975464,0.0,0.31492927484214306
0.38681081855320276,0.3171496574251954,0.2631186011465126,42.48,45756.04363636357,1.6199999999999999,0.0,1.0,0.11688589129305882,31.57,0.0,0.95992875,-1.4596001,0.04976425,0.5879786252975464,0.0,0.31492927484214306
0.3960699035691153,0.2926280220998716,0.25745002121808025,43.199999999999996,97416.09290322565,1.6199999999999999,0.0,1.0,-0.18829920346690443,31.575,0.0,0.95992875,-1.4596001,0.04976425,0.5879786252975464,0.0,0.31492927484214306
0.40576422944996027,0.2706346258236183,0.252005731070081,43.92,97416.09290322661,1.6199999999999999,0.0,1.0,0.010071108127071682,31.580000000000002,0.0,0.38228935,-1.5254989,-0.78539073,0.4146868050098419,0.0,0.06438277959823609
0.41320027246181734,0.24038925119230356,0.24482824487323715,45.0,133230.83294117625,1.6199999999999999,0.0,1.0,-0.12726218451491178,31.585,0.0,0.38228935,-1.5254989,-0.78539073,0.4146868050098419,0.0,0.06438277959823609
0.4205223889647163,0.21200888139908192,0.23613296966576383,46.26,165150.71999999974,1.6199999999999999,0.0,1.0,0.07110812707906433,31.59,0.0,0.38228935,-1.5254989,-0.78539073,0.4146868050098419,0.0,0.06438277959823609
0.428489616651523,0.19334921631435367,0.22904572400191714,47.699999999999996,32.44656216088442,1.6199999999999999,0.0,1.0,-0.29511398663289157,31.595000000000002,0.0,0.38228935,-1.5254989,-0.78539073,0.4146868050098419,0.0,0.06438277959823609
0.4336589970868797,0.16834577744442605,0.22268762267969563,49.32,79938.49976470611,1.6199999999999999,0.0,1.0,0.0863673818170625,31.6,0.0,-0.12233733,-1.1581094,-1.2122854,0.26329880207777023,0.0,0.0
0.4390211877372726,0.1505363256172843,0.21533859563575378,50.94,169869.31199999974,1.6199999999999999,0.0,1.0,-0.06622516556291913,31.605,0.0,-0.12233733,-1.1581094,-1.2122854,0.26329880207777023,0.0,0.0
0.444651726267988,0.13278328117431726,0.20965600932859413,52.919999999999995,212941.58769230737,1.6199999999999999,0.0,1.0,-0.035706656086922806,31.61,0.0,-0.12233733,-1.1581094,-1.2122854,0.26329880207777023,0.0,0.0
0.44898064356376327,0.11097670202002931,0.2068371882921715,54.9,53926.76571428582,1.6199999999999999,0.0,1.0,0.05584887234106617,31.615000000000002,0.0,-0.12233733,-1.1581094,-1.2122854,0.26329880207777023,0.0,0.0
0.4525051935026736,0.10338002721228284,0.20662304522864305,57.059999999999995,266461.6658823525,1.6199999999999999,0.0,1.0,-0.035706656086922806,31.62,0.0,0.4139004,-0.88758266,-0.55830514,0.42417012155056,0.033725202083587646,0.13250845670700073
0.45738681012931426,0.08783266280479111,0.2057020190301941,59.22,238413.06947368462,1.6199999999999999,0.0,1.0,-0.18829920346690443,31.625,0.0,0.4139004,-0.88758266,-0.55830514,0.42417012155056,0.033725202083587646,0.13250845670700073
0.460889406591905,0.08324951849287238,0.2054195975557726,61.559999999999995,306708.4799999995,1.6199999999999999,0.0,1.0,-0.005188146610926481,31.63,0.0,0.4139004,-0.88758266,-0.55830514,0.42417012155056,0.033725202083587646,0.13250845670700073
0.46367240589865555,0.08198500812907847,0.2067490324708372,63.9,338436.9434482764,1.6199999999999999,0.0,1.0,-0.020447401348924643,31.635,0.0,0.4139004,-0.88758266,-0.55830514,0.42417012155056,0.033725202083587646,0.13250845670700073
0.46751963026925675,0.07461358910058054,0.2070805637541261,66.24,57.087267397221936,1.6199999999999999,0.0,1.0,-0.05096591082492097,31.64,0.0,1.0287458,-0.3038974,-0.89414483,0.6,0.20883077681064605,0.03175655007362366
0.47049917831887506,0.06572212562324699,0.2072536391497999,68.39999999999999,98474.96347826072,1.7999999999999998,8206.246956521736,1.0,0.04058961760306801,31.645,0.0,1.0287458,-0.3038974,-0.89414483,0.6,0.20883077681064605,0.03175655007362366
0.471462577201063,0.057486319957623086,0.2073505579750892,70.74,74353.57090909102,1.7999999999999998,0.0,1.0,0.23895992919704412,31.650000000000002,0.0,1.0287458,-0.3038974,-0.89414483,0.6,0.20883077681064605,0.03175655007362366
0.4704577951325349,0.04672479715112503,0.20709386045043493,72.89999999999999,220968.21073170696,1.98,18414.017560975626,1.0,-0.31037324137088973,31.655,0.0,1.0287458,-0.3038974,-0.89414483,0.6,0.20883077681064605,0.03175655007362366
0.46942857329064025,0.01952715477669251,0.20695146538564047,75.06,266461.66588235425,2.16,22205.138823529433,1.0,-0.12726218451491178,31.66,0.0,0.44843832,0.052646067,-0.42907748,0.43453149497509,0.31579382009804247,0.17127675712108612
0.4677015960835108,0.01857021279679337,0.20647655867666662,77.03999999999999,122128.26352941114,2.6999999999999997,33307.70823529409,1.0,-0.3256324961088879,31.665,0.0,0.44843832,0.052646067,-0.42907748,0.43453149497509,0.31579382009804247,0.17127675712108612
0.4655740510925566,0.013965618264721277,0.20594975890189868,78.66,205902.19636363693,3.2399999999999998,68634.06545454546,1.0,0.0863673818170625,31.67,0.0,0.44843832,0.052646067,-0.42907748,0.43453149497509,0.31579382009804247,0.17127675712108612
0.46492171911634084,0.007612470508864828,0.20573312919343217,80.28,135895.44960000037,4.14,75497.472,1.0,-0.18829920346690443,31.675,0.0,0.44843832,0.052646067,-0.42907748,0.43453149497509,0.31579382009804247,0.17127675712108612
0.4633042701209653,0.007834443846525917,0.20545984041180448,81.53999999999999,29.199691914978047,5.3999999999999995,29.199691914978253,1.0,-0.05096591082492097,31.68,0.0,-0.111536324,0.74982023,-0.44435832,0.26653910279273985,0.5249460697174072,0.16669250428676605
0.4610746724857631,0.01008481831399951,0.20448930827741016,82.44,52428.80000000033,7.02,94371.84000000001,1.0,-0.1577806939909081,31.685000000000002,0.0,-0.111536324,0.74982023,-0.44435832,0.26653910279273985,0.5249460697174072,0.16669250428676605
0.46006425007263174,-0.0019356240965491558,0.20158386837436446,83.16,83886.07999999987,8.82,209715.20000000007,1.0,0.07110812707906433,31.69,0.0,-0.111536324,0.74982023,-0.44435832,0.26653910279273985,0.5249460697174072,0.16669250428676605
0.459937944802542,-0.005540398311310114,0.19623951114489613,83.52,47185.919999999925,10.98,283115.52,1.0,-0.2035584582049026,31.695,0.0,-0.111536324,0.74982023,-0.44435832,0.26653910279273985,0.5249460697174072,0.16669250428676605
0.4583062275760914,-0.00800092668717827,0.19125916568878024,83.52,0.0,13.5,364470.55448275857,1.0,-0.06622516556291913,31.7,0.0,-0.53241444,0.5255342,1.0457679,0.14027566909790037,0.45766026377677915,0.6
0.4585471926993473,0.0074702456976102226,0.18691006166580876,83.52,0.0,16.02,364470.55448275857,1.0,-0.1577806939909081,31.705000000000002,0.0,-0.53241444,0.5255342,1.0457679,0.14027566909790037,0.45766026377677915,0.6
0.4583032997390322,-0.003999717778514925,0.18313557475910197,83.16,-40809.44432432426,18.54,285666.1102702702,1.0,-0.05096591082492097,31.71,0.0,-0.53241444,0.5255342,1.0457679,0.14027566909790037,0.45766026377677915,0.6
0.4582493213804401,-0.014440840639465687,0.17762375543238212,82.8,-47185.919999999925,20.88,306708.48,1.0,-0.035706656086922806,31.715,0.0,-0.53241444,0.5255342,1.0457679,0.14027566909790037,0.45766026377677915,0.6
0.45923905327825854,0.004400699268469685,0.17193335245614103,82.25999999999999,-26336.32744186077,23.04,105345.30976744187,1.0,0.10162663655506066,31.720000000000002,0.0,-0.047351085,0.15922031,-0.22263649,0.28579467460513114,0.3477660924196243,0.2332090526819229
0.4592239462368336,0.027899947050630265,0.167896780588314,81.72,-12.237144678689726,25.02,44.86953048852967,1.0,-0.23407696768089892,31.725,0.0,-0.047351085,0.15922031,-0.22263649,0.28579467460513114,0.3477660924196243,0.2332090526819229
0.4593784072833851,0.0529081180047479,0.1643617702961416,81.17999999999999,-37748.736000000434,26.64,113246.20800000007,1.0,0.0863673818170625,31.73,0.0,-0.047351085,0.15922031,-0.22263649,0.28579467460513114,0.3477660924196243,0.2332090526819229
0.4598908779952779,0.07188255622481869,0.1616754067276724,80.46,-32824.98782608691,27.72,49237.48173913036,1.0,-0.17303994872890627,31.735,0.0,-0.047351085,0.15922031,-0.22263649,0.28579467460513114,0.3477660924196243,0.2332090526819229
0.45968376362882446,0.08637631737100453,0.1601431452733094,79.92,-61214.166486485585,28.619999999999997,102023.61081081066,1.0,-0.11200292977691362,31.740000000000002,0.0,0.3272365,-0.42320934,-0.39746016,0.3981709510087967,0.1730371981859207,0.1807619512081146
0.4594893524805365,0.10684744019385968,0.15942917184688213,79.2,-100663.29599999984,28.98,50331.648000000416,1.0,-0.14252143925290994,31.745,0.0,0.3272365,-0.42320934,-0.39746016,0.3981709510087967,0.1730371981859207,0.1807619512081146
0.4589654959850088,0.1157478385206667,0.15918301027818285,78.48,-88820.55529411751,28.98,0.0,1.0,-0.24933622241889708,31.75,0.0,0.3272365,-0.42320934,-0.39746016,0.3981709510087967,0.1730371981859207,0.1807619512081146
0.4591330507698129,0.13384151038404798,0.1591225156268561,77.58,-121770.11612903302,28.799999999999997,-24354.023225806894,1.0,-0.1577806939909081,31.755,0.0,0.3272365,-0.42320934,-0.39746016,0.3981709510087967,0.1730371981859207,0.1807619512081146
0.45938382969785063,0.1592972268984829,0.15913650879213054,76.67999999999999,-121770.11612903302,28.439999999999998,-48708.04645161283,1.0,0.025330362865069844,31.76,0.0,-0.48616168,-0.39091,-0.84135485,0.15415149629116057,0.18272700011730195,0.047593545913696286
0.45323017411795297,0.1874021637509165,0.15928437319715225,75.42,-182235.277241378,28.08,-52067.222068965435,1.0,-0.24933622241889708,31.765,0.0,-0.48616168,-0.39091,-0.84135485,0.15415149629116057,0.18272700011730195,0.047593545913696286
0.4397995676188561,0.2075472436464224,0.15938818624478443,74.16,-30.780834517624708,27.9,-4.397262073946362,1.0,0.10162663655506066,31.77,0.0,-0.48616168,-0.39091,-0.84135485,0.15415149629116057,0.18272700011730195,0.047593545913696286
0.42790564484299226,0.22441724570368746,0.1603678276725131,72.36,-157286.39999999976,27.72,-15728.639999999976,1.0,-0.08148442030091729,31.775000000000002,0.0,-0.48616168,-0.39091,-0.84135485,0.15415149629116057,0.18272700011730195,0.047593545913696286
0.41279703143058966,0.2254946301989805,0.16385576679562572,70.56,-243540.23225806412,27.9,24354.023225806413,1.0,0.0863673818170625,31.78,0.0,0.104329735,-0.5563985,-0.17070845,0.3312989205121994,0.13308044672012329,0.24878746569156646
0.39542077396478087,0.24294485500989055,0.16936256294703905,68.22,-316602.30193548434,27.9,0.0,1.0,-0.17303994872890627,31.785,0.0,0.104329735,-0.5563985,-0.17070845,0.3312989205121994,0.13308044672012329,0.24878746569156646
0.3786728573419169,0.2585739550955465,0.17613750169590023,65.88,-83175.18101694927,27.9,0.0,1.0,0.4068117313150239,31.79,0.0,0.104329735,-0.5563985,-0.17070845,0.3312989205121994,0.13308044672012329,0.24878746569156646
0.3638988002951575,0.2705172710674992,0.18627453083727213,63.36,-293601.27999999956,27.9,0.0,1.0,-0.18829920346690443,31.795,0.0,0.104329735,-0.5563985,-0.17070845,0.3312989205121994,0.13308044672012329,0.24878746569156646
0.3508176924480388,0.2749694370936273,0.19471492447730762,60.839999999999996,-340956.32516129076,27.54,-48708.04645161283,1.0,-0.1577806939909081,31.8,0.0,-0.08895612,-0.28971773,-1.4511046,0.27331316471099854,0.21308467984199522,0.0
0.3419200206156628,0.2798037327717775,0.1996464922370419,58.14,-365310.3483870962,27.0,-73062.06967741923,1.0,-0.1577806939909081,31.805,0.0,-0.08895612,-0.28971773,-1.4511046,0.27331316471099854,0.21308467984199522,0.0
0.3376599749253067,0.2985492254887271,0.2027363162085889,55.62,-57.24244683098026,26.099999999999998,-20.443731011064404,1.0,0.0863673818170625,31.810000000000002,0.0,-0.08895612,-0.28971773,-1.4511046,0.27331316471099854,0.21308467984199522,0.0
0.33679694170042856,0.3004852625003406,0.20468267990722064,53.28,-192444.53647058792,24.84,-103623.98117647042,1.0,-0.09674367503891546,31.815,0.0,-0.08895612,-0.28971773,-1.4511046,0.27331316471099854,0.21308467984199522,0.0
0.3369715168087481,0.29840344781755795,0.2053621130283295,50.94,-306708.48000000045,23.22,-212336.64000000013,1.0,-0.09674367503891546,31.82,0.0,0.5378371,-0.33278722,-1.9697012,0.4613511264324188,0.2001638352870941,0.0
0.3372867999126972,0.29340624651527286,0.20529037301732816,48.78,-292248.27870967693,21.24,-267894.25548387103,1.0,-0.08148442030091729,31.825,0.0,0.5378371,-0.33278722,-1.9697012,0.4613511264324188,0.2001638352870941,0.0
0.3354601742587622,0.28518705866447636,0.20501109301731887,46.8,-276824.06400000054,18.9,-327155.712,1.0,0.2084414197210478,31.830000000000002,0.0,0.5378371,-0.33278722,-1.9697012,0.4613511264324188,0.2001638352870941,0.0
0.33242994038796414,0.28427171055253353,0.20477662165739025,45.0,-243540.23225806412,16.02,-389664.3716129031,1.0,-0.11200292977691362,31.835,0.0,0.5378371,-0.33278722,-1.9697012,0.4613511264324188,0.2001638352870941,0.0
0.329225461334828,0.28684560451572044,0.20332084483216198,43.559999999999995,-201326.59200000067,12.959999999999999,-427819.0080000001,1.0,0.025330362865069844,31.84,0.0,0.74925756,-0.27149066,-2.0761678,0.5247772693634033,0.21855280101299285,0.0
0.3219918615850784,0.29568573508196216,0.20238987166244082,42.12,-188743.6799999997,9.54,-448266.24,1.0,-0.41718802453687687,31.845000000000002,0.0,0.74925756,-0.27149066,-2.0761678,0.5247772693634033,0.21855280101299285,0.0
0.3134689124100579,0.29775707209814706,0.20256060473901852,40.86,-176160.76799999972,5.9399999999999995,-503316.4799999999,1.0,0.2542191839350423,31.85,0.0,0.74925756,-0.27149066,-2.0761678,0.5247772693634033,0.21855280101299285,0.0
0.30810456982033013,0.2931749312869808,0.20229190585252244,39.78,-25.794346236632574,1.98,-94.57926953431958,1.0,-0.23407696768089892,31.855,0.0,0.74925756,-0.27149066,-2.0761678,0.5247772693634033,0.21855280101299285,0.0
0.3059307732256198,0.29590405754907373,0.2024440659993838,37.26,-211392.92160000026,1.7999999999999998,-15099.494400000014,1.0,0.22370067445904596,31.86,0.0,0.8656907,-0.2667174,-1.6415377,0.55970721244812,0.2199847787618637,0.0
0.3063482293555764,0.28589318864813723,0.20229395563412153,35.28,-259522.5599999996,3.06,165150.72000000003,1.0,-0.6002990813928548,31.865000000000002,0.0,0.8656907,-0.2667174,-1.6415377,0.55970721244812,0.2199847787618637,0.0
0.30690900042893454,0.28130464510851966,0.20177149024863464,33.48,-228780.21818181872,3.78,91512.08727272724,1.0,0.17792291024505147,31.87,0.0,0.8656907,-0.2667174,-1.6415377,0.55970721244812,0.2199847787618637,0.0
0.3075325707052446,0.28573662382152415,0.20083109545038347,31.5,-267894.25548387057,4.32,73062.06967741942,1.0,-0.09674367503891546,31.875,0.0,0.8656907,-0.2667174,-1.6415377,0.55970721244812,0.2199847787618637,0.0
0.3068049309461033,0.27838620710730866,0.20073023759131647,30.24,-70464.30720000008,4.14,-10066.329600000034,1.0,-0.06622516556291913,31.88,0.0,0.8904494,0.131082,-0.8001787,0.5671348214149475,0.3393245995044708,0.05994638800621033
0.3061368075190863,0.2823689498460011,0.20030235566917565,29.52,-88820.55529411751,3.06,-133230.83294117643,1.0,-0.34089175084688605,31.885,0.0,0.8904494,0.131082,-0.8001787,0.5671348214149475,0.3393245995044708,0.05994638800621033
0.30686735750923894,0.2802954365465962,0.1989299776639983,28.98,-73062.06967741923,1.7999999999999998,-170478.1625806452,1.0,-0.09674367503891546,31.89,0.0,0.8904494,0.131082,-0.8001787,0.5671348214149475,0.3393245995044708,0.05994638800621033
0.30885153089061573,0.27848468258550174,0.19628512007482693,28.08,-20.88299928635843,1.6199999999999999,-4.1765998572716745,1.0,-0.38666951506088054,31.895,0.0,0.8904494,0.131082,-0.8001787,0.5671348214149475,0.3393245995044708,0.05994638800621033
0.30996355896676464,0.27121205071705945,0.1886735053688054,27.72,-15728.639999999976,1.98,15728.640000000005,1.0,-0.2035584582049026,31.900000000000002,0.0,0.8586315,0.3435567,0.5213896,0.5575894474983215,0.403067010641098,0.4564168810844421
0.3114564495480426,0.25244627747213155,0.1764762259277718,27.72,0.0,1.7999999999999998,-20404.72216216218,1.0,-0.05096591082492097,31.905,0.0,0.8586315,0.3435567,0.5213896,0.5575894474983215,0.403067010641098,0.4564168810844421
0.31372384499305295,0.2621467863897682,0.16258377519510372,27.72,0.0,1.6199999999999999,-23592.959999999992,1.0,0.14740440076905514,31.91,0.0,0.8586315,0.3435567,0.5213896,0.5575894474983215,0.403067010641098,0.4564168810844421
0.31459474926803493,0.25345025418930955,0.14734461688369058,28.08,52067.222068965435,1.6199999999999999,0.0,1.0,-0.12726218451491178,31.915,0.0,0.8586315,0.3435567,0.5213896,0.5575894474983215,0.403067010641098,0.4564168810844421
0.3149177584270731,0.24339978268737364,0.1325795151787638,28.619999999999997,66615.41647058813,1.6199999999999999,0.0,1.0,-0.1577806939909081,31.92,0.0,0.30109388,0.6723095,1.3430976,0.39032816290855404,0.5016928553581238,0.6
0.3202433099098919,0.23824994945615996,0.11858482577703483,29.34,91512.08727272759,1.6199999999999999,0.0,1.0,-0.24933622241889708,31.925,0.0,0.30109388,0.6723095,1.3430976,0.39032816290855404,0.5016928553581238,0.6
0.3310126804643341,0.23663134719521697,0.10562376208327144,30.419999999999998,82360.87854545441,1.6199999999999999,0.0,1.0,0.34577471236303126,31.93,0.0,0.30109388,0.6723095,1.3430976,0.39032816290855404,0.5016928553581238,0.6
0.3404747861043895,0.2325573904774677,0.0947984453522043,31.68,170478.16258064538,1.6199999999999999,0.0,1.0,-0.31037324137088973,31.935000000000002,0.0,0.30109388,0.6723095,1.3430976,0.39032816290855404,0.5016928553581238,0.6
0.3510819659838152,0.22863635174273222,0.08334481685682815,33.12,34.39539951822044,1.6199999999999999,0.0,1.0,0.14740440076905514,31.94,0.0,-0.30172434,0.7496805,1.3755585,0.2094826966524124,0.5249041557312012,0.6
0.36635052368855825,0.226597143713258,0.07167187032502126,34.74,144569.62723404297,1.6199999999999999,0.0,1.0,-0.09674367503891546,31.945,0.0,-0.30172434,0.7496805,1.3755585,0.2094826966524124,0.5249041557312012,0.6
0.3789532657537619,0.23828328627792653,0.06011754561236317,36.72,113763.31397260255,1.6199999999999999,0.0,1.0,0.22370067445904596,31.95,0.0,-0.30172434,0.7496805,1.3755585,0.2094826966524124,0.5249041557312012,0.6
0.3894564545272824,0.24196604736176405,0.04170906548264252,38.879999999999995,283115.51999999955,1.6199999999999999,0.0,1.0,-0.46296578875087135,31.955000000000002,0.0,-0.30172434,0.7496805,1.3755585,0.2094826966524124,0.5249041557312012,0.6
0.4012304191707698,0.2333936175977336,0.03276503924314096,41.4,352321.53600000043,1.6199999999999999,0.0,1.0,0.04058961760306801,31.96,0.0,0.08478454,0.20535396,1.4528444,0.32543536126613615,0.3616061881184578,0.6
0.41099593448996,0.24162449338553868,0.0342012155985971,43.92,301989.8880000004,1.6199999999999999,0.0,1.0,-0.08148442030091729,31.965,0.0,0.08478454,0.20535396,1.4528444,0.32543536126613615,0.3616061881184578,0.6
0.4181465162132649,0.2386179611011189,0.04505652525406019,46.8,389664.3716129026,1.6199999999999999,0.0,1.0,-0.035706656086922806,31.970000000000002,0.0,0.08478454,0.20535396,1.4528444,0.32543536126613615,0.3616061881184578,0.6
0.4263061507299369,0.239966345971392,0.052356215203703364,49.68,402653.18400000036,1.6199999999999999,0.0,1.0,-0.05096591082492097,31.975,0.0,0.08478454,0.20535396,1.4528444,0.32543536126613615,0.3616061881184578,0.6
0.4329829097798121,0.248207767688191,0.06199853224594276,52.559999999999995,66.63722056113939,1.6199999999999999,0.0,1.0,-0.035706656086922806,31.98,0.0,-0.032533474,0.935748,2.2427049,0.29023995772004124,0.5807243943214416,0.6
0.4372540154819739,0.2587734848868576,0.08312243354578222,55.44,167772.16000000015,1.7999999999999998,10485.759999999997,1.0,0.010071108127071682,31.985,0.0,-0.032533474,0.935748,2.2427049,0.29023995772004124,0.5807243943214416,0.6
0.44053545123340937,0.2613591117698164,0.10585459676989166,58.14,314572.80000000034,1.7999999999999998,0.0,1.0,-0.31037324137088973,31.990000000000002,0.0,-0.032533474,0.935748,2.2427049,0.29023995772004124,0.5807243943214416,0.6
0.4429631617739617,0.2724812368856122,0.12122564191419082,60.839999999999996,365310.3483870962,2.34,73062.06967741936,1.0,-0.17303994872890627,31.995,0.0,-0.032533474,0.935748,2.2427049,0.29023995772004124,0.5807243943214416,0.6
0.4438389229289124,0.29855020161887963,0.13358741706209196,63.0,323560.59428571485,3.2399999999999998,134816.91428571427,1.0,-0.21881771294290076,32.0,0.0,-0.13967916,1.2943012,2.7184708,0.2580962508916855,0.6,0.6
0.4417409543896242,0.3113770564313698,0.15185093195391378,64.62,205902.19636363693,5.04,228780.21818181823,1.0,-0.09674367503891546,32.005,0.0,-0.13967916,1.2943012,2.7184708,0.2580962508916855,0.6,0.6
0.44084986886604677,0.3233113325710352,0.16711880696358503,65.34,97416.09290322565,7.56,340956.32516129024,1.0,-0.020447401348924643,32.01,0.0,-0.13967916,1.2943012,2.7184708,0.2580962508916855,0.6,0.6
0.4391394065187216,0.3300297609046403,0.1813450502896856,65.52,24354.023225805453,11.16,487080.4645161291,1.0,-0.3714102603228824,32.015,0.0,-0.13967916,1.2943012,2.7184708,0.2580962508916855,0.6,0.6
0.4367504831343347,0.34014737808825385,0.1987343753738715,65.34,-24354.023225805453,15.479999999999999,584496.5574193547,1.0,-0.005188146610926481,32.02,0.0,-1.051963,2.034387,2.2481546,0.0,0.6,0.6
0.43625513219759643,0.35555958654408515,0.21421394167280475,64.44,-21.405092030801818,20.16,111.30647856016878,1.0,-0.1577806939909081,32.025,0.0,-1.051963,2.034387,2.2481546,0.0,0.6,0.6
0.4360498177008329,0.3608349981819374,0.227770724171846,63.36,-76777.0901694914,24.66,319904.5423728814,1.0,0.1626636555070533,32.03,0.0,-1.051963,2.034387,2.2481546,0.0,0.6,0.6
0.4354592236530784,0.3633859222782407,0.244565318420979,62.099999999999994,-37748.73600000015,28.619999999999997,118638.88457142848,1.0,-0.14252143925290994,32.035000000000004,0.0,-1.051963,2.034387,2.2481546,0.0,0.6,0.6
0.4364063179972763,0.36555545179950094,0.26072987188358987,61.199999999999996,-114390.10909090891,31.14,320292.3054545458,1.0,0.11688589129305882,32.04,0.0,-1.288348,1.6165127,2.2588224,0.0,0.6,0.6
0.4371659095438878,0.37289982657146126,0.2735942567853189,60.48,-104134.44413793087,32.4,182235.27724137902,1.0,0.1626636555070533,32.045,0.0,-1.288348,1.6165127,2.2588224,0.0,0.6,0.6
0.43593120075868796,0.3781294216104627,0.2875990529345318,59.94,-70778.87999999989,31.68,-94371.83999999985,1.0,0.025330362865069844,32.05,0.0,-1.288348,1.6165127,2.2588224,0.0,0.6,0.6
0.4317977221397882,0.37709863204987615,0.3011750402182226,59.76,-23592.959999999963,29.88,-235929.6000000001,1.0,-0.29511398663289157,32.055,0.0,-1.288348,1.6165127,2.2588224,0.0,0.6,0.6
0.4277262259444007,0.39284153358844626,0.3100731558585156,59.58,-23592.959999999963,27.18,-353894.3999999999,1.0,-0.020447401348924643,32.06,0.0,-1.4793757,0.3510425,1.9234706,0.0,0.4053127527236938,0.6
0.4201287591762202,0.39347678266929786,0.3202396642111715,59.4,-4.1884169472907455,23.939999999999998,-75.3915050512336,1.0,-0.08148442030091729,32.065,0.0,-1.4793757,0.3510425,1.9234706,0.0,0.4053127527236938,0.6
0.40778333884922324,0.3983521777730389,0.3308599615973459,59.04,-30198.988799999952,20.34,-301989.8879999998,1.0,0.10162663655506066,32.07,0.0,-1.4793757,0.3510425,1.9234706,0.0,0.4053127527236938,0.6
0.39590588669295834,0.40609077912866787,0.3396336557260888,58.32,-91512.08727272713,16.56,-480438.4581818183,1.0,-0.12726218451491178,32.075,0.0,-1.4793757,0.3510425,1.9234706,0.0,0.4053127527236938,0.6
0.38618248960176277,0.41625189755676756,0.3477982771102907,57.239999999999995,-46222.94204081656,12.959999999999999,-154076.47346938774,1.0,0.1626636555070533,32.08,0.0,-0.7420411,-0.45766845,1.7227621,0.0773876667022705,0.1626994639635086,0.6
0.3735945716300787,0.41807457348178,0.3577588045501445,55.8,-118427.40705882334,9.54,-281265.0917647059,1.0,-0.2798547318948934,32.085,0.0,-0.7420411,-0.45766845,1.7227621,0.0773876667022705,0.1626994639635086,0.6
0.36344507560370687,0.42025627997231546,0.366017886708477,54.0,-251658.2399999996,6.12,-478150.65599999984,1.0,-0.1577806939909081,32.09,0.0,-0.7420411,-0.45766845,1.7227621,0.0773876667022705,0.1626994639635086,0.6
0.3553137942841627,0.41731589056492374,0.37418627289023054,52.019999999999996,-259522.56000000052,3.06,-401080.32,1.0,-0.14252143925290994,32.095,0.0,-0.7420411,-0.45766845,1.7227621,0.0773876667022705,0.1626994639635086,0.6
0.34334325854640596,0.4169901687465534,0.3824325144176894,48.96,-442571.3875862062,1.44,-234302.49931034484,1.0,-0.14252143925290994,32.1,0.0,1.3968614,-1.3933209,-0.3505233,0.6,0.0,0.19484301209449767
0.32561795982656383,0.42255613964534056,0.39126291579617833,45.36,-503316.4800000002,2.34,125829.11999999998,1.0,-0.23407696768089892,32.105000000000004,0.0,1.3968614,-1.3933209,-0.3505233,0.6,0.0,0.19484301209449767
0.3039248482007435,0.42166758456438913,0.3991789953574761,41.4,-94.29950799102963,3.06,17.145365089278116,1.0,0.10162663655506066,32.11,0.0,1.3968614,-1.3933209,-0.3505233,0.6,0.0,0.19484301209449767
0.2803296981347638,0.42619955699859213,0.407586387545619,37.44,-259522.56000000006,3.06,0.0,1.0,-0.05096591082492097,32.115,0.0,1.3968614,-1.3933209,-0.3505233,0.6,0.0,0.19484301209449767
0.2561018038745833,0.42814778029100126,0.4144597631783824,33.839999999999996,-397355.1157894738,2.16,-99338.77894736841,1.0,0.025330362865069844,32.12,0.0,1.718393,-0.9345448,0.053201985,0.6,0.01963655948638916,0.31596059538424015
0.23220779872997838,0.4306982858480917,0.41907777820485265,29.7,-542638.0799999996,1.44,-94371.84000000003,1.0,-0.06622516556291913,32.125,0.0,1.718393,-0.9345448,0.053201985,0.6,0.01963655948638916,0.31596059538424015
0.2097284129344264,0.43270010858686103,0.4246990216846918,25.56,-578813.952,1.6199999999999999,25165.82399999999,1.0,-0.035706656086922806,32.13,0.0,1.718393,-0.9345448,0.053201985,0.6,0.01963655948638916,0.31596059538424015
0.18903564733272596,0.43849251295947755,0.42969608387961333,21.419999999999998,-542638.0800000001,1.6199999999999999,0.0,1.0,0.2542191839350423,32.135,0.0,1.718393,-0.9345448,0.053201985,0.6,0.01963655948638916,0.31596059538424015
0.1696354664707437,0.4347317806118607,0.43358118510268184,17.099999999999998,-163237.77729729732,1.6199999999999999,0.0,1.0,-0.020447401348924643,32.14,20.0,1.086926,-0.87837243,-1.1819184,0.6,0.03648827075958252,0.0
0.15198016496234837,0.43025475944387087,0.43724062263046215,12.959999999999999,-315716.701090909,1.6199999999999999,0.0,1.0,-0.08148442030091729,32.145,20.0,1.086926,-0.87837243,-1.1819184,0.6,0.03648827075958252,0.0
0.13580522015233484,0.4199964865372399,0.4412455762757695,9.0,-503316.47999999986,1.6199999999999999,0.0,1.0,-0.05096591082492097,32.15,20.0,1.086926,-0.87837243,-1.1819184,0.6,0.03648827075958252,0.0
0.12423793041106887,0.4294376072134838,0.44410289657825064,4.859999999999999,-95.7255237654219,2.6999999999999997,24.971875764892662,1.0,57.79686880092778,32.155,20.0,1.086926,-0.87837243,-1.1819184,0.6,0.03648827075958252,0.0
0.10806091471297749,0.43206080612506237,0.4493362497114748,1.98,-177641.11058823526,10.08,455205.34588235297,1.0,-4.369335001678511,32.160000000000004,8.522882461547852,1.1053421,-1.2304022,-1.7924967,0.6,0.0,0.0
0.10782732751525481,0.4304837503765911,0.4564146374881065,0.18,-215707.06285714285,13.68,431414.12571428565,1.0,7.792291024506358,32.165,8.522882461547852,1.1053421,-1.2304022,-1.7924967,0.6,0.0,0.0
0.10457108092740959,0.4225287247865769,0.460474455092226,0.18,0.0,12.959999999999999,-97416.09290322589,1.0,-3.4690389721366195,32.17,8.522882461547852,1.1053421,-1.2304022,-1.7924967,0.6,0.0,0.0
0.09954424625873165,0.4202274217863562,0.46075978268912043,1.26,146124.13935483873,9.36,-487080.464516129,1.0,4.893032624286651,32.175,8.522882461547852,1.1053421,-1.2304022,-1.7924967,0.6,0.0,0.0
0.10233348567521368,0.42546805691863543,0.4580379645641224,3.2399999999999998,267894.2554838709,6.4799999999999995,-389664.3716129032,1.0,1.093478194524998,32.18,0.0,1.3028069,-1.4990828,-1.9405719,0.6,0.0,0.0
0.09320303776268644,0.4213671979343102,0.4561775377137797,5.76,352321.536,4.32,-301989.8879999999,1.0,-1.0580767235327997,32.185,0.0,1.3028069,-1.4990828,-1.9405719,0.6,0.0,0.0
0.10484839116391706,0.40520523019130816,0.4509334681134412,8.82,427819.0080000001,1.44,-402653.18400000007,1.0,0.29999694814903677,32.19,0.0,1.3028069,-1.4990828,-1.9405719,0.6,0.0,0.0
0.11675406592219201,0.38539763657403586,0.4470546119239627,10.08,28.737951353203147,2.16,16.42168648754466,1.0,0.22370067445904596,32.195,0.0,1.3028069,-1.4990828,-1.9405719,0.6,0.0,0.0
0.1340342943509327,0.35030903446857753,0.44632086587139913,12.24,99557.10593406594,2.34,8296.425494505482,1.0,-0.05096591082492097,32.2,0.0,1.3658429,-1.653128,-1.8026243,0.6,0.0,0.0
0.1531571369338818,0.3263959899575701,0.4427587813511363,14.76,278148.58105263155,1.6199999999999999,-79471.02315789473,1.0,-0.4782250434888695,32.205,0.0,1.3658429,-1.653128,-1.8026243,0.6,0.0,0.0
0.169433604447837,0.31888348593895877,0.433244973310302,16.56,228780.21818181805,1.6199999999999999,0.0,1.0,1.1087374492629962,32.21,0.0,1.3658429,-1.653128,-1.8026243,0.6,0.0,0.0
0.18988905745552667,0.3105218079152666,0.4219830571614868,19.08,364470.55448275857,1.6199999999999999,0.0,1.0,-0.5545213171788603,32.215,0.0,1.3658429,-1.653128,-1.8026243,0.6,0.0,0.0
0.20789711321927734,0.2953827863409928,0.410659232087003,21.24,283115.52,1.6199999999999999,0.0,1.0,0.17792291024505147,32.22,0.0,1.4012874,-1.9746917,-0.7040798,0.6,0.0,0.0887760579586029
0.22142436586908826,0.289160381686552,0.39499354476812853,23.58,288666.8047058823,1.6199999999999999,0.0,1.0,-0.21881771294290076,32.225,0.0,1.4012874,-1.9746917,-0.7040798,0.6,0.0,0.0887760579586029
0.23951101963473548,0.2724981962400528,0.37316104497641167,25.919999999999998,306708.48,1.6199999999999999,0.0,1.0,-0.12726218451491178,32.230000000000004,0.0,1.4012874,-1.9746917,-0.7040798,0.6,0.0,0.0887760579586029
0.2564605594999082,0.25143872862852396,0.3482876145096771,28.259999999999998,316602.3019354839,1.6199999999999999,0.0,1.0,0.19318216498304963,32.235,0.0,1.4012874,-1.9746917,-0.7040798,0.6,0.0,0.0887760579586029
0.2697454429759758,0.2374449851788407,0.32232879376709617,30.599999999999998,56.609495948089396,1.6199999999999999,0.0,1.0,0.0863673818170625,32.24,0.0,0.9934472,-1.5662508,-1.0976783,0.5980341553688049,0.0,0.0
0.2847570837480403,0.2165703522793017,0.2956161454873205,33.12,60745.09241379309,1.6199999999999999,0.0,1.0,-0.020447401348924643,32.245,0.0,0.9934472,-1.5662508,-1.0976783,0.5980341553688049,0.0,0.0
0.30079426353036454,0.20203689403391847,0.2700476484327277,35.46,153354.24000000022,1.7999999999999998,11796.479999999996,1.0,0.05584887234106617,32.25,0.0,0.9934472,-1.5662508,-1.0976783,0.5980341553688049,0.0,0.0
0.31321470786428113,0.1747155428492656,0.24477103294138297,37.98,320292.30545454496,1.7999999999999998,0.0,1.0,-0.18829920346690443,32.255,0.0,0.9934472,-1.5662508,-1.0976783,0.5980341553688049,0.0,0.0
0.3261190562404376,0.15053310904733602,0.22181712537199336,40.68,365310.3483870972,1.7999999999999998,0.0,1.0,-0.23407696768089892,32.26,0.0,1.0676578,-1.7460238,-0.12667555,0.6,0.0,0.26199733614921566
0.3397925346527513,0.13543761522748893,0.19985747310781832,43.199999999999996,320292.30545454496,1.7999999999999998,0.0,1.0,-0.06622516556291913,32.265,0.0,1.0676578,-1.7460238,-0.12667555,0.6,0.0,0.26199733614921566
0.35085600996801686,0.11514548418651645,0.18026032608092102,45.9,333077.0823529415,1.7999999999999998,0.0,1.0,0.04058961760306801,32.27,0.0,1.0676578,-1.7460238,-0.12667555,0.6,0.0,0.26199733614921566
0.3612830509456926,0.10211414124636747,0.16164572583454356,48.42,352321.53600000043,1.7999999999999998,0.0,1.0,-0.26459547715689524,32.275,0.0,1.0676578,-1.7460238,-0.12667555,0.6,0.0,0.26199733614921566
0.3734557955457319,0.0799820118980097,0.14527664976538326,51.12,62.053056729077866,1.7999999999999998,0.0,1.0,0.11688589129305882,32.28,0.0,0.4622579,-1.2581158,-0.7699032,0.43867736756801606,0.0,0.06902904510498047
0.3829607668180647,0.08128611574342237,0.13018635241494086,53.82,145187.4461538463,1.7999999999999998,0.0,1.0,-0.29511398663289157,32.285000000000004,0.0,0.4622579,-1.2581158,-0.7699032,0.43867736756801606,0.0,0.06902904510498047
0.3920677884396478,0.07103262641526296,0.11694325605319719,56.339999999999996,320292.30545454496,1.7999999999999998,0.0,1.0,0.10162663655506066,32.29,0.0,0.4622579,-1.2581158,-0.7699032,0.43867736756801606,0.0,0.06902904510498047
0.401824611294986,0.06634685282223093,0.10531175144154027,59.04,343170.3272727276,1.7999999999999998,0.0,1.0,-0.2798547318948934,32.295,0.0,0.4622579,-1.2581158,-0.7699032,0.43867736756801606,0.0,0.06902904510498047
0.4102921227987738,0.06251738285107923,0.09630341331749223,61.559999999999995,66896.49417721508,1.7999999999999998,0.0,1.0,-0.005188146610926481,32.3,0.0,0.78110063,-1.4131736,0.09114678,0.5343301892280579,0.0,0.3273440346121788
0.4167078100175474,0.05829383619071245,0.09184751627538261,64.08,320292.3054545458,1.7999999999999998,0.0,1.0,-0.2798547318948934,32.305,0.0,0.78110063,-1.4131736,0.09114678,0.5343301892280579,0.0,0.3273440346121788
0.4242045689460692,0.0599501877009174,0.08848605256589136,66.6,310871.9435294113,1.98,22205.138823529433,1.0,0.04058961760306801,32.31,0.0,0.78110063,-1.4131736,0.09114678,0.5343301892280579,0.0,0.3273440346121788
0.43123474133216855,0.04899596117300363,0.08767037843955928,69.12,185432.3873684218,2.16,13245.170526315802,1.0,-0.26459547715689524,32.315,0.0,0.78110063,-1.4131736,0.09114678,0.5343301892280579,0.0,0.3273440346121788
0.43684738190994943,0.04045370548354161,0.08592865839064893,71.28,292248.27870967693,2.34,24354.023225806413,1.0,-0.035706656086922806,32.32,0.0,0.046014853,-0.92925394,-0.6661828,0.3138044558465481,0.021223819255828856,0.1001451551914215
0.4429886469922619,0.020347904910118335,0.08121018111600757,73.44,51.33467042151361,2.6999999999999997,8.555778403585611,1.0,-0.3256324961088879,32.325,0.0,0.046014853,-0.92925394,-0.6661828,0.3138044558465481,0.021223819255828856,0.1001451551914215
0.4492062041244346,0.03131083077834721,0.07724368853092799,75.42,100056.89060240984,3.42,36384.323855421695,1.0,-0.1577806939909081,32.33,0.0,0.046014853,-0.92925394,-0.6661828,0.3138044558465481,0.021223819255828856,0.1001451551914215
0.45476673721641053,0.04013966122084585,0.07672884746441383,77.39999999999999,212941.58769230658,4.14,77433.3046153846,1.0,-0.3714102603228824,32.335,0.0,0.046014853,-0.92925394,-0.6661828,0.3138044558465481,0.021223819255828856,0.1001451551914215
0.4597323680886494,0.021105984307951853,0.07650619520560904,79.02,199846.24941176525,5.04,111025.6941176471,1.0,-0.06622516556291913,32.34,0.0,-0.15242094,-0.79961956,-0.04653413,0.25427371859550474,0.060114133358001705,0.28603976145386695
0.46508735893711306,0.022643644715995944,0.07623774581018893,80.28,176160.7680000007,6.4799999999999995,201326.59199999992,1.0,-0.08148442030091729,32.345,0.0,-0.15242094,-0.79961956,-0.04653413,0.25427371859550474,0.060114133358001705,0.28603976145386695
0.46895307291917937,0.007663050806954398,0.07709710610657566,81.36,125829.1199999998,8.1,188743.68000000002,1.0,0.34577471236303126,32.35,0.0,-0.15242094,-0.79961956,-0.04653413,0.25427371859550474,0.060114133358001705,0.28603976145386695
0.4693432840699176,-0.0049886279257176855,0.08000111185789652,82.25999999999999,25855.298630136742,10.08,56881.65698630138,1.0,-0.38666951506088054,32.355000000000004,0.0,-0.15242094,-0.79961956,-0.04653413,0.25427371859550474,0.060114133358001705,0.28603976145386695
0.4697233588079737,-0.006333978945118043,0.08174688747147864,82.8,68634.06545454625,12.42,297414.28363636363,1.0,-0.005188146610926481,32.36,0.0,-0.21084952,-0.70245934,-0.62087846,0.23674514293670654,0.08926219940185547,0.11373646259307861
0.4697337368923602,-0.010803907216560212,0.08864649803391385,82.98,4.162116962159459,15.299999999999999,66.5938713945488,1.0,-0.14252143925290994,32.365,0.0,-0.21084952,-0.70245934,-0.62087846,0.23674514293670654,0.08926219940185547,0.11373646259307861
0.469521362438077,-0.0026740789080163707,0.10180608869405522,82.98,0.0,18.36,210402.79081967217,1.0,-0.06622516556291913,32.37,0.0,-0.21084952,-0.70245934,-0.62087846,0.23674514293670654,0.08926219940185547,0.11373646259307861
0.47001336444140973,0.004682404926665621,0.11099095973429116,82.8,-22878.021818182686,21.599999999999998,411804.3927272725,1.0,-0.24933622241889708,32.375,0.0,-0.21084952,-0.70245934,-0.62087846,0.23674514293670654,0.08926219940185547,0.11373646259307861
0.46899965760190704,-0.006807402383055992,0.12103308872563878,82.61999999999999,-25165.824000000954,24.66,427819.0080000003,1.0,0.0863673818170625,32.38,0.0,-0.76051605,-0.20815557,0.91756415,0.07184518575668335,0.23755332827568054,0.5752692461013794
0.4687009723762051,-0.001180134030820854,0.13748964393987942,82.25999999999999,-52067.222068965435,27.36,390504.1655172413,1.0,0.025330362865069844,32.385,0.0,-0.76051605,-0.20815557,0.91756415,0.07184518575668335,0.23755332827568054,0.5752692461013794
0.4687363452597267,-0.013974412277176492,0.1542847837460523,81.89999999999999,-43141.412571428504,29.7,280419.1817142857,1.0,0.10162663655506066,32.39,0.0,-0.76051605,-0.20815557,0.91756415,0.07184518575668335,0.23755332827568054,0.5752692461013794
0.4684903756950083,-0.012716015590952959,0.16383731995829595,81.89999999999999,0.0,31.32,212336.64000000013,1.0,-0.29511398663289157,32.395,0.0,-0.76051605,-0.20815557,0.91756415,0.07184518575668335,0.23755332827568054,0.5752692461013794
0.4676015710063117,-0.013918464814513719,0.16736882625416621,81.89999999999999,0.0,32.22,117964.79999999981,1.0,0.11688589129305882,32.4,0.0,-0.42584878,-0.50175965,-0.16189185,0.17224536538124083,0.14947210550308226,0.25143244564533235
0.4663562879835952,-0.004529891463528963,0.17096542962569333,81.89999999999999,0.0,32.4,24354.023225806413,1.0,-0.020447401348924643,32.405,0.0,-0.42584878,-0.50175965,-0.16189185,0.17224536538124083,0.14947210550308226,0.25143244564533235
0.4653156452501232,-0.013672374989552667,0.1733974813554965,82.08,4.382126824738245,32.04,-8.764253649476144,1.0,0.04058961760306801,32.410000000000004,0.0,-0.42584878,-0.50175965,-0.16189185,0.17224536538124083,0.14947210550308226,0.25143244564533235
0.463587727978266,-0.008713246207626727,0.1781720147774483,82.08,0.0,31.32,-45756.04363636357,1.0,-0.12726218451491178,32.415,0.0,-0.42584878,-0.50175965,-0.16189185,0.17224536538124083,0.14947210550308226,0.25143244564533235
0.46241728879733185,-0.0018814664023618,0.18368669249322453,82.25999999999999,7055.838504672607,30.419999999999998,-35279.19252336457,1.0,-0.1577806939909081,32.42,0.0,-0.09883466,-0.6679559,-1.062928,0.2703496009111404,0.09961323738098145,0.0
0.4619037647349794,-0.003841745709779864,0.18676021662141706,82.25999999999999,0.0,29.34,-119206.53473684192,1.0,-0.4477065340128732,32.425,0.0,-0.09883466,-0.6679559,-1.062928,0.2703496009111404,0.09961323738098145,0.0
0.46109697926800974,-0.00540103882267863,0.18739359686357854,82.08,-22878.021818180878,28.259999999999998,-137268.13090909115,1.0,-0.06622516556291913,32.43,0.0,-0.09883466,-0.6679559,-1.062928,0.2703496009111404,0.09961323738098145,0.0
0.45617809112280094,0.006694576685941354,0.18740040896045917,81.89999999999999,-22205.138823530255,27.18,-133230.83294117625,1.0,0.04058961760306801,32.435,0.0,-0.09883466,-0.6679559,-1.062928,0.2703496009111404,0.09961323738098145,0.0
0.446485303273265,0.008416413589997675,0.18773712591474787,81.53999999999999,-44410.277647058756,25.919999999999998,-155435.97176470608,1.0,-0.17303994872890627,32.44,0.0,-0.23051012,-0.66848946,-0.9930917,0.23084696531295776,0.09945316314697265,0.002072489261627197
0.4359187786405941,0.017110805329351133,0.19170064017880847,81.17999999999999,-48708.04645161283,24.84,-146124.13935483847,1.0,-0.09674367503891546,32.445,0.0,-0.23051012,-0.66848946,-0.9930917,0.23084696531295776,0.09945316314697265,0.002072489261627197
0.4217241275043887,0.03398419119954139,0.1998754340545556,80.46,-16.323336558471368,23.759999999999998,-24.48500483770713,1.0,-0.005188146610926481,32.45,0.0,-0.23051012,-0.66848946,-0.9930917,0.23084696531295776,0.09945316314697265,0.002072489261627197
0.4038868353862279,0.046324108791999746,0.20570448846745434,79.74,-43766.65043478254,22.5,-76591.63826086944,1.0,-0.2798547318948934,32.455,0.0,-0.23051012,-0.66848946,-0.9930917,0.23084696531295776,0.09945316314697265,0.002072489261627197
0.3877089741989658,0.07907119212806374,0.21262928504986073,78.84,-34631.86788990793,21.599999999999998,-34631.86788990834,1.0,-0.05096591082492097,32.46,0.0,0.1894213,-0.7274356,-1.1967918,0.35682638883590695,0.08176932334899902,0.0
0.37050360032502044,0.08098144490097542,0.2287697715463352,77.94,-111025.69411764776,20.34,-155435.97176470564,1.0,-0.34089175084688605,32.465,0.0,0.1894213,-0.7274356,-1.1967918,0.35682638883590695,0.08176932334899902,0.0
0.3524547759548532,0.08472193654603531,0.24579205733127107,76.86,-150994.94399999976,19.08,-176160.76800000021,1.0,0.0863673818170625,32.47,0.0,0.1894213,-0.7274356,-1.1967918,0.35682638883590695,0.08176932334899902,0.0
0.3365902208397442,0.08767347387447061,0.2582976630483834,75.78,-141557.75999999978,17.64,-188743.6799999997,1.0,-0.11200292977691362,32.475,0.0,0.1894213,-0.7274356,-1.1967918,0.35682638883590695,0.08176932334899902,0.0
0.3216534374509856,0.0943806624584019,0.26585618719077325,74.7,-129424.23771428551,16.02,-194136.35657142868,1.0,0.04058961760306801,32.480000000000004,0.0,0.06392461,-0.79924214,-0.9970355,0.31917738318443295,0.060227358341217035,0.0008893489837646484
0.30729501478728394,0.09928442276585124,0.26968391945546505,73.44,-170478.16258064585,14.399999999999999,-219186.2090322582,1.0,-0.23407696768089892,32.485,0.0,0.06392461,-0.79924214,-0.9970355,0.31917738318443295,0.060227358341217035,0.0008893489837646484
0.2962873813972253,0.10127880666423777,0.27095644535828345,72.36,-76777.0901694914,12.6,-127961.81694915246,1.0,-0.020447401348924643,32.49,0.0,0.06392461,-0.79924214,-0.9970355,0.31917738318443295,0.060227358341217035,0.0008893489837646484
0.2873546590109,0.10961320279558649,0.27015036612159965,70.92,-35.09266027540521,10.799999999999999,-43.8658253442566,1.0,-0.18829920346690443,32.495,0.0,0.06392461,-0.79924214,-0.9970355,0.31917738318443295,0.060227358341217035,0.0008893489837646484
0.28114307812807954,0.10338482298933686,0.2694951034092135,69.66,-62914.56000000025,9.18,-80890.14857142854,1.0,-0.05096591082492097,32.5,0.0,0.5049856,-0.83361924,-0.98613954,0.4514956712722778,0.04991422891616821,0.004158139228820801
0.2771506602731878,0.10571755969812742,0.26893905214325065,68.22,-45412.01323308264,7.38,-56765.016541353376,1.0,-0.08148442030091729,32.505,0.0,0.5049856,-0.83361924,-0.98613954,0.4514956712722778,0.04991422891616821,0.004158139228820801
0.27436198830033104,0.10918061494971669,0.2670082641356404,66.78,-143804.70857142835,5.76,-161780.29714285716,1.0,0.05584887234106617,32.51,0.0,0.5049856,-0.83361924,-0.98613954,0.4514956712722778,0.04991422891616821,0.004158139228820801
0.2712472536887237,0.10842359406801882,0.2635063134692754,65.16,-115165.63525423761,4.14,-115165.63525423729,1.0,-0.38666951506088054,32.515,0.0,0.5049856,-0.83361924,-0.98613954,0.4514956712722778,0.04991422891616821,0.004158139228820801
0.26916027258058567,0.11075613569512435,0.25463129308167237,63.36,-209715.19999999966,2.6999999999999997,-167772.16,1.0,0.04058961760306801,32.52,0.0,0.3658693,-1.050952,-0.8432297,0.40976079404354093,0.0,0.04703108668327331
0.2680861489776804,0.10873398862258489,0.2397703363656918,61.559999999999995,-209715.2000000005,1.6199999999999999,-125829.11999999998,1.0,-0.12726218451491178,32.525,0.0,0.3658693,-1.050952,-0.8432297,0.40976079404354093,0.0,0.04703108668327331
0.2682006483910281,0.11128142548913018,0.2225360306149344,59.04,-330301.4399999995,1.98,47185.92000000001,1.0,0.11688589129305882,32.53,0.0,0.3658693,-1.050952,-0.8432297,0.40976079404354093,0.0,0.04703108668327331
0.2687321305751354,0.12940791710749183,0.20344274486894026,56.519999999999996,-56.81597394010747,2.6999999999999997,16.23313541145925,1.0,-0.21881771294290076,32.535000000000004,0.0,0.3658693,-1.050952,-0.8432297,0.40976079404354093,0.0,0.04703108668327331
0.2690353900635328,0.1398509445092877,0.18427776476599875,53.82,-67812.1005988023,3.42,18083.22682634731,1.0,0.07110812707906433,32.54,0.0,0.42622665,-1.1333768,-0.7014199,0.42786799371242523,0.0,0.08957403302192687
0.27047377448200305,0.13072824978620318,0.16575793574741288,51.12,-283115.5200000003,4.32,94371.84000000004,1.0,-0.21881771294290076,32.545,0.0,0.42622665,-1.1333768,-0.7014199,0.42786799371242523,0.0,0.08957403302192687
0.27128142713184306,0.1281473019774173,0.14852885004157976,48.239999999999995,-326475.55459459487,5.3999999999999995,122428.33297297289,1.0,-0.05096591082492097,32.55,0.0,0.42622665,-1.1333768,-0.7014199,0.42786799371242523,0.0,0.08957403302192687
0.2721723436520083,0.12036076322803389,0.132653099483038,45.36,-355282.22117647005,6.3,111025.6941176471,1.0,-0.1577806939909081,32.555,0.0,0.42622665,-1.1333768,-0.7014199,0.42786799371242523,0.0,0.08957403302192687
0.27423089416800867,0.12149907575859618,0.11785810994180396,42.48,-208268.88827586226,7.199999999999999,65084.02758620686,1.0,0.010071108127071682,32.56,0.0,0.82830405,-0.88108015,0.119851306,0.5484912157058716,0.03567595481872558,0.33595539182424544
0.27633435088800806,0.12281050837979887,0.10426323934051235,39.6,-335544.3199999995,8.1,104857.60000000003,1.0,-0.31037324137088973,32.565,0.0,0.82830405,-0.88108015,0.119851306,0.5484912157058716,0.03567595481872558,0.33595539182424544
0.2782147210130302,0.11569453702543625,0.09241018151779948,36.9,-353894.4000000004,8.64,70778.88000000012,1.0,-0.18829920346690443,32.57,0.0,0.82830405,-0.88108015,0.119851306,0.5484912157058716,0.03567595481872558,0.33595539182424544
0.28178624122410106,0.12115433705248466,0.08149547215683531,34.379999999999995,-340956.32516129076,8.82,24354.023225806413,1.0,-0.1577806939909081,32.575,0.0,0.82830405,-0.88108015,0.119851306,0.5484912157058716,0.03567595481872558,0.33595539182424544
0.286514745980334,0.11947564383790854,0.07084982361164906,32.04,-54.27928281476393,8.82,0.0,1.0,0.04058961760306801,32.58,0.0,0.46884724,-1.1734787,-0.84378135,0.4406541734933853,0.0,0.04686559438705444
0.2909554471468593,0.1259346890741381,0.06861180839534753,30.24,-121770.1161290323,8.1,-48708.04645161294,1.0,-0.1577806939909081,32.585,0.0,0.46884724,-1.1734787,-0.84378135,0.4406541734933853,0.0,0.04686559438705444
0.2955706503288991,0.12096711548281272,0.043800100594772025,28.619999999999997,-205902.1963636365,6.84,-160146.1527272727,1.0,0.31525620288703493,32.59,0.0,0.46884724,-1.1734787,-0.84378135,0.4406541734933853,0.0,0.04686559438705444
0.30567002332278265,0.10355069350342484,0.04280316746179334,27.72,-130168.05517241359,4.859999999999999,-286369.7213793104,1.0,-0.17303994872890627,32.595,0.0,0.46884724,-1.1734787,-0.84378135,0.4406541734933853,0.0,0.04686559438705444
0.3165192446491581,0.09934176117761889,0.038913144838721,27.18,-22878.021818181784,1.98,-122016.11636363633,1.0,-0.12726218451491178,32.6,0.0,0.9651977,-1.2144505,-1.0921924,0.5895593047142028,0.0,0.0
0.3234248795874204,0.09918537782367992,0.03139887479254176,25.919999999999998,-150994.9440000002,1.6199999999999999,-43141.412571428584,1.0,-0.1577806939909081,32.605000000000004,0.0,0.9651977,-1.2144505,-1.0921924,0.5895593047142028,0.0,0.0
0.3333637279810364,0.10317246477866296,0.030673533017637172,25.38,-75497.47199999988,2.34,100663.296,1.0,-0.3256324961088879,32.61,0.0,0.9651977,-1.2144505,-1.0921924,0.5895593047142028,0.0,0.0
0.34414390121005445,0.09088298204176797,0.025132854512194956,25.38,0.0,2.16,-24354.023225806413,1.0,-0.005188146610926481,32.615,0.0,0.9651977,-1.2144505,-1.0921924,0.5895593047142028,0.0,0.0
0.3507632196396917,0.09428480974826797,0.03623374966222441,25.56,26033.611034482718,1.44,-104134.44413793106,1.0,0.22370067445904596,32.62,0.0,1.0978914,-1.5152625,-1.1100606,0.6,0.0,0.0
0.35802427575627055,0.07499182459119179,0.051687321017556784,25.919999999999998,8.557912026252685,1.6199999999999999,4.278956013126348,1.0,-0.1577806939909081,32.625,0.0,1.0978914,-1.5152625,-1.1100606,0.6,0.0,0.0
0.36865486270314,0.07340207944428781,0.04404355218759606,26.82,55512.84705882366,1.6199999999999999,0.0,1.0,-0.020447401348924643,32.63,0.0,1.0978914,-1.5152625,-1.1100606,0.6,0.0,0.0
0.37598395672959295,0.055570638652555335,0.05356723860163539,27.9,137268.1309090907,1.6199999999999999,0.0,1.0,-0.38666951506088054,32.635,0.0,1.0978914,-1.5152625,-1.1100606,0.6,0.0,0.0
0.3830906610304738,0.04541895211941536,0.0634044342252825,29.52,219186.2090322582,1.44,-24354.023225806442,1.0,0.04058961760306801,32.64,0.0,1.348832,-1.8191634,-0.50934935,0.6,0.0,0.1471951961517334
0.39343187179539046,0.03874242914795886,0.08259716849606209,31.5,286369.7213793104,1.6199999999999999,26033.61103448275,1.0,-0.31037324137088973,32.645,0.0,1.348832,-1.8191634,-0.50934935,0.6,0.0,0.1471951961517334
0.4016864084960683,0.0313066789187895,0.09414502278087801,33.48,237277.76914285676,1.6199999999999999,0.0,1.0,0.2084414197210478,32.65,0.0,1.348832,-1.8191634,-0.50934935,0.6,0.0,0.1471951961517334
0.4077629614865755,0.02751169764129918,0.09864456881139935,36.0,330301.4400000004,1.6199999999999999,0.0,1.0,-0.14252143925290994,32.655,0.0,1.348832,-1.8191634,-0.50934935,0.6,0.0,0.1471951961517334
0.4123710674189882,0.040816843947925896,0.09237679414687652,38.699999999999996,377487.3599999994,1.6199999999999999,0.0,1.0,-0.035706656086922806,32.660000000000004,0.0,1.2997183,-1.5627117,-0.5303105,0.6,0.0,0.14090684652328492
0.415279300798517,0.03393148948442523,0.09031457450334425,41.4,62.72290667405157,1.6199999999999999,0.0,1.0,-0.29511398663289157,32.665,0.0,1.2997183,-1.5627117,-0.5303105,0.6,0.0,0.14090684652328492
0.41754861224471246,0.029352236827574832,0.09128080321597602,44.46,89128.96000000006,1.6199999999999999,0.0,1.0,0.22370067445904596,32.67,0.0,1.2997183,-1.5627117,-0.5303105,0.6,0.0,0.14090684652328492
0.4226600854431046,0.01695259654716085,0.094350255231045,47.699999999999996,367284.9989189183,1.6199999999999999,0.0,1.0,-0.11200292977691362,32.675,0.0,1.2997183,-1.5627117,-0.5303105,0.6,0.0,0.14090684652328492
0.429258962450363,0.02110697735020299,0.09480525204993683,50.94,438372.4180645164,1.6199999999999999,0.0,1.0,0.10162663655506066,32.68,0.0,1.4487406,-1.8283199,0.3893469,0.6,0.0,0.41680406928062436
0.4341074041190098,0.018347929940863362,0.09547354316608134,54.36,478150.65600000025,1.6199999999999999,0.0,1.0,-0.2035584582049026,32.685,0.0,1.4487406,-1.8283199,0.3893469,0.6,0.0,0.41680406928062436
0.4400587298359679,0.021152734603827602,0.09033399157515602,57.78,434682.4145454548,1.6199999999999999,0.0,1.0,0.17792291024505147,32.69,0.0,1.4487406,-1.8283199,0.3893469,0.6,0.0,0.41680406928062436
0.4466446352114019,0.025343240410210546,0.08543391512370384,61.199999999999996,462726.4412903219,1.6199999999999999,0.0,1.0,-0.3256324961088879,32.695,0.0,1.4487406,-1.8283199,0.3893469,0.6,0.0,0.41680406928062436
0.4517981389018478,0.015295014642392775,0.09148137446406202,64.8,487080.4645161292,1.6199999999999999,0.0,1.0,0.0863673818170625,32.7,0.0,1.1085705,-1.2724212,-0.06979384,0.6,0.0,0.2790618471801281
0.45685938599434384,0.00894665474652672,0.07862965432185655,68.22,448266.2400000002,1.6199999999999999,0.0,1.0,-0.3714102603228824,32.705,0.0,1.1085705,-1.2724212,-0.06979384,0.6,0.0,0.2790618471801281
0.46283900493339836,-0.0017354655673528221,0.0716235815890888,71.64,81.82187206954383,1.7999999999999998,4.306414319449671,1.0,-0.035706656086922806,32.71,0.0,1.1085705,-1.2724212,-0.06979384,0.6,0.0,0.2790618471801281
0.46784334833599817,-0.007405031647234585,0.07047840581464558,74.88,117151.24965517223,1.98,6508.402758620696,1.0,-0.14252143925290994,32.715,0.0,1.1085705,-1.2724212,-0.06979384,0.6,0.0,0.2790618471801281
0.4722396538521575,-0.013340716510525362,0.06350370697855284,78.11999999999999,438372.41806451546,2.16,24354.02322580647,1.0,0.1626636555070533,32.72,0.0,1.0400639,-1.5107963,0.7202919,0.6,0.0,0.5160875737667083
0.4767891707323819,-0.005241216496401761,0.06652829775376752,81.0,129888.12387096818,2.88,32472.030967741925,1.0,-0.21881771294290076,32.725,0.0,1.0400639,-1.5107963,0.7202919,0.6,0.0,0.5160875737667083
0.4813720114819793,-0.0007909549160509423,0.06370172312731003,83.7,377487.3600000004,3.5999999999999996,100663.29599999996,1.0,0.14740440076905514,32.730000000000004,0.0,1.0400639,-1.5107963,0.7202919,0.6,0.0,0.5160875737667083
0.4852457857850528,-0.0026791650618265737,0.06632734122585698,86.03999999999999,306708.4799999986,5.04,188743.68000000005,1.0,-0.09674367503891546,32.735,0.0,1.0400639,-1.5107963,0.7202919,0.6,0.0,0.5160875737667083
0.48923926183074085,-0.005254358734442829,0.06595791763311228,87.84,228780.21818181963,6.84,228780.21818181817,1.0,-0.08148442030091729,32.74,0.0,0.7077191,-1.0354314,0.04637624,0.5123157262802124,0.0,0.3139128718525171
0.49249347686507555,0.0004436520445882341,0.07412382085611571,89.1,160146.15272727158,9.54,343170.32727272715,1.0,-0.21881771294290076,32.745,0.0,0.7077191,-1.0354314,0.04637624,0.5123157262802124,0.0,0.3139128718525171
0.4952232525204941,-0.004736716142357484,0.08967045632441473,89.82,16.306941914023874,12.959999999999999,77.45797409161352,1.0,0.11688589129305882,32.75,0.0,0.7077191,-1.0354314,0.04637624,0.5123157262802124,0.0,0.3139128718525171
0.498644893914748,0.006612670481498079,0.10802088772570591,90.0,8118.007741935791,17.099999999999998,186714.17806451608,1.0,-0.11200292977691362,32.755,0.0,0.7077191,-1.0354314,0.04637624,0.5123157262802124,0.0,0.3139128718525171
0.50104704309521,0.0060141973594401085,0.1232247924769925,89.82,-17975.588571429253,21.779999999999998,467365.3028571428,1.0,-0.1577806939909081,32.76,0.0,-0.3857263,-0.09816086,1.478258,0.1842821091413498,0.27055174112319946,0.6
0.5027050447308384,-0.00832733248977061,0.13849423524048668,89.28,-66615.41647058725,26.64,599538.7482352945,1.0,-0.2035584582049026,32.765,0.0,-0.3857263,-0.09816086,1.478258,0.1842821091413498,0.27055174112319946,0.6
0.5037878746192394,-0.008478646196272921,0.15759274895506967,88.38,-130168.05517241462,31.14,650840.275862069,1.0,0.05584887234106617,32.77,0.0,-0.3857263,-0.09816086,1.478258,0.1842821091413498,0.27055174112319946,0.6
0.5050711543529658,-0.011756620415381077,0.17234925342090548,87.66,-20684.238904109556,35.1,113763.31397260276,1.0,-0.18829920346690443,32.775,0.0,-0.3857263,-0.09816086,1.478258,0.1842821091413498,0.27055174112319946,0.6
0.5051664536807012,-0.015030760267272897,0.187827952819935,87.3,-24753.26950819668,37.62,173272.88655737677,1.0,0.11688589129305882,32.78,0.0,0.278806,-0.560972,0.14662567,0.38364180028438566,0.13170840740203857,0.34398770034313203
0.5056462598033926,-0.01935303423021587,0.2003149273326732,87.11999999999999,-23592.960000000894,38.519999999999996,117964.79999999981,1.0,-0.17303994872890627,32.785000000000004,0.0,0.278806,-0.560972,0.14662567,0.38364180028438566,0.13170840740203857,0.34398770034313203
0.5060170503837527,-0.029761056440145837,0.2070119089946117,87.3,7783.24453608277,37.98,-23349.733608247385,1.0,0.29999694814903677,32.79,0.0,0.278806,-0.560972,0.14662567,0.38364180028438566,0.13170840740203857,0.34398770034313203
0.5063297643450262,-0.018178894846145075,0.21465550848458495,87.47999999999999,4.383831655227497,36.54,-35.070653241821354,1.0,-0.21881771294290076,32.795,0.0,0.278806,-0.560972,0.14662567,0.38364180028438566,0.13170840740203857,0.34398770034313203
0.5060322652733975,-0.00648393962600124,0.2309810087068174,87.66,8778.775813953822,34.56,-96566.53395348822,1.0,-0.020447401348924643,32.8,0.0,0.8022976,-0.6925156,-0.8672862,0.5406892776489257,0.09224531650543212,0.03981413841247559
0.5053807634172083,-0.013191812795502281,0.24565514861183002,87.84,6622.585263158146,32.04,-92716.19368421064,1.0,-0.3256324961088879,32.805,0.0,0.8022976,-0.6925156,-0.8672862,0.5406892776489257,0.09224531650543212,0.03981413841247559
0.5053922943909659,-0.005655768444687303,0.25782970244445325,87.84,0.0,29.34,-306070.83243243233,1.0,0.0863673818170625,32.81,0.0,0.8022976,-0.6925156,-0.8672862,0.5406892776489257,0.09224531650543212,0.03981413841247559
0.5051152163257007,-0.0020860763477473718,0.26842945294869414,87.66,-23592.960000000894,26.459999999999997,-377487.36000000034,1.0,-0.3256324961088879,32.815,0.0,0.8022976,-0.6925156,-0.8672862,0.5406892776489257,0.09224531650543212,0.03981413841247559
0.5046260246472623,-0.006935170896399555,0.27532043877003554,87.3,-45756.04363636357,23.22,-411804.3927272725,1.0,-0.05096591082492097,32.82,0.0,0.62033737,-0.79663897,-1.2323796,0.4861012101173401,0.06100831031799316,0.0
0.5049634070082477,-0.010600766528357931,0.2805383807731953,87.11999999999999,-22205.138823530255,19.98,-399692.4988235292,1.0,0.04058961760306801,32.825,0.0,0.62033737,-0.79663897,-1.2323796,0.4861012101173401,0.06100831031799316,0.0
0.5039933409835599,-0.0006550815923863757,0.29164682749410664,86.58,-73062.06967741827,16.38,-487080.4645161292,1.0,-0.005188146610926481,32.83,0.0,0.62033737,-0.79663897,-1.2323796,0.4861012101173401,0.06100831031799316,0.0
0.5017911327942399,0.0017841862265101616,0.3044703308608333,86.22,-8.285090398301213,12.6,-86.99344918216285,1.0,-0.21881771294290076,32.835,0.0,0.62033737,-0.79663897,-1.2323796,0.4861012101173401,0.06100831031799316,0.0
0.5016347196600934,0.007492386786716351,0.3149149063646147,85.67999999999999,-26336.32744186077,8.82,-184354.29209302322,1.0,-0.020447401348924643,32.84,0.0,0.45845395,-0.9265822,-1.2293546,0.4375361859798431,0.02202533483505249,0.0
0.500916054602231,0.011493743593076537,0.3266899671145409,85.14,-51475.54909090833,4.859999999999999,-377487.3600000001,1.0,-0.21881771294290076,32.845,0.0,0.45845395,-0.9265822,-1.2293546,0.4375361859798431,0.02202533483505249,0.0
0.49964823552953375,0.032790924311613893,0.3399536729336091,84.6,-66615.416470589,1.26,-444102.7764705882,1.0,0.0863673818170625,32.85,0.0,0.45845395,-0.9265822,-1.2293546,0.4375361859798431,0.02202533483505249,0.0
0.49998380619071753,0.045505793816592796,0.3514470374608504,81.89999999999999,-365310.3483870972,2.34,146124.1393548387,1.0,-0.005188146610926481,32.855000000000004,0.0,0.45845395,-0.9265822,-1.2293546,0.4375361859798431,0.02202533483505249,0.0
0.5003052589553874,0.05703266746795954,0.36047871414870114,79.92,-237277.76914285592,3.78,172565.65028571428,1.0,-0.31037324137088973,32.86,0.0,0.8350234,-0.92141235,-1.5492018,0.5505070209503173,0.023576295375823973,0.0
0.4996773133518078,0.06339019574931076,0.3665115412791583,77.94,-244256.52705882402,4.32,66615.4164705883,1.0,-0.21881771294290076,32.865,0.0,0.8350234,-0.92141235,-1.5492018,0.5505070209503173,0.023576295375823973,0.0
0.5002560584487826,0.07128286540531754,0.3692641231002345,75.96,-259522.56000000052,4.32,0.0,1.0,0.14740440076905514,32.87,0.0,0.8350234,-0.92141235,-1.5492018,0.5505070209503173,0.023576295375823973,0.0
0.5001484219298002,0.05817491216782505,0.3695030384913045,74.7,-176160.76799999873,3.06,-176160.76800000004,1.0,-0.26459547715689524,32.875,0.0,0.8350234,-0.92141235,-1.5492018,0.5505070209503173,0.023576295375823973,0.0
0.5010914785286354,0.06947901284010974,0.36816214292412486,73.44,-30.540342571831566,1.6199999999999999,-34.90324865352165,1.0,0.10162663655506066,32.88,0.0,0.4874343,-1.104465,-1.4595277,0.44623028934001924,0.0,0.0
0.5016906937923187,0.08520067601002639,0.3678134854952898,71.64,-137268.1309090907,1.6199999999999999,0.0,1.0,-0.035706656086922806,32.885,0.0,0.4874343,-1.104465,-1.4595277,0.44623028934001924,0.0,0.0
0.5027111844676939,0.08520699560698314,0.3660243309133297,70.38,-34541.32705882367,1.6199999999999999,0.0,1.0,-0.2035584582049026,32.89,0.0,0.4874343,-1.104465,-1.4595277,0.44623028934001924,0.0,0.0
0.502349040433184,0.0980380146280754,0.3615533223989038,68.94,-172565.65028571401,1.6199999999999999,0.0,1.0,-0.26459547715689524,32.895,0.0,0.4874343,-1.104465,-1.4595277,0.44623028934001924,0.0,0.0
0.5014123106460646,0.09843322315543424,0.3509586893233086,67.86,-146124.13935483847,1.6199999999999999,0.0,1.0,0.23895992919704412,32.9,0.0,0.56471443,-1.114225,-1.3253133,0.46941432952880857,0.0,0.0
0.5004348021257363,0.09599637590400284,0.33237971909715086,66.96,-117964.80000000075,1.6199999999999999,0.0,1.0,-0.34089175084688605,32.905,0.0,0.56471443,-1.114225,-1.3253133,0.46941432952880857,0.0,0.0
0.49647452860343877,0.0905258347132036,0.311016751017869,66.24,-88820.55529411751,1.6199999999999999,0.0,1.0,0.10162663655506066,32.910000000000004,0.0,0.56471443,-1.114225,-1.3253133,0.46941432952880857,0.0,0.0
0.48911367417195417,0.08595776208627011,0.28702301276091724,65.52,-94371.83999999985,1.6199999999999999,0.0,1.0,-0.18829920346690443,32.915,0.0,0.56471443,-1.114225,-1.3253133,0.46941432952880857,0.0,0.0
0.4830665170092688,0.08548042603780995,0.2631063350349373,65.16,-8.164625117606969,1.6199999999999999,0.0,1.0,-0.11200292977691362,32.92,0.0,0.23147894,-1.2360206,-1.378781,0.36944368332624433,0.0,0.0
0.47932965631437097,0.07158814256653138,0.23880861425642325,64.8,-21570.706285714252,1.6199999999999999,0.0,1.0,-0.23407696768089892,32.925,0.0,0.23147894,-1.2360206,-1.378781,0.36944368332624433,0.0,0.0
0.4775162390076298,0.07745151610946409,0.21621384326864732,64.62,-21570.7062857134,1.6199999999999999,0.0,1.0,0.10162663655506066,32.93,0.0,0.23147894,-1.2360206,-1.378781,0.36944368332624433,0.0,0.0
0.4762799544712033,0.07935334069666412,0.1944152397722584,64.62,0.0,1.6199999999999999,0.0,1.0,-0.21881771294290076,32.935,0.0,0.23147894,-1.2360206,-1.378781,0.36944368332624433,0.0,0.0
0.47637258478635724,0.07548036457004417,0.17419450013408525,64.8,23592.95999999903,1.6199999999999999,0.0,1.0,0.0863673818170625,32.94,0.0,0.111799195,-1.214158,-1.3820094,0.33353975862264634,0.0,0.0
0.47681794797502924,0.07843712332112156,0.15543671588666327,64.98,24354.023225807374,1.6199999999999999,0.0,1.0,-0.23407696768089892,32.945,0.0,0.111799195,-1.214158,-1.3820094,0.33353975862264634,0.0,0.0
0.4761232382939948,0.07718838756483698,0.13895853742992736,65.34,25592.36338983047,1.6199999999999999,0.0,1.0,0.010071108127071682,32.95,0.0,0.111799195,-1.214158,-1.3820094,0.33353975862264634,0.0,0.0
0.4756931684099522,0.07750050887714938,0.12391912429499854,65.7,45756.04363636357,1.6199999999999999,0.0,1.0,-0.2798547318948934,32.955,0.0,0.111799195,-1.214158,-1.3820094,0.33353975862264634,0.0,0.0
0.47511375103685427,0.08160942199097272,0.11072978819849909,66.24,73062.06967741827,1.6199999999999999,0.0,1.0,0.07110812707906433,32.96,0.0,0.011293519,-1.1469337,-1.2940621,0.3033880557864904,0.0,0.0
0.4745999175527154,0.09183700486553621,0.09868337560339306,66.78,12.251111075050853,1.6199999999999999,0.0,1.0,-0.14252143925290994,32.965,0.0,0.011293519,-1.1469337,-1.2940621,0.3033880557864904,0.0,0.0
0.47367856752768445,0.07243626982973587,0.0878151584019403,67.32,35389.43999999948,1.6199999999999999,0.0,1.0,0.010071108127071682,32.97,0.0,0.011293519,-1.1469337,-1.2940621,0.3033880557864904,0.0,0.0
0.47269308380812564,0.07192168695656254,0.07801542899914513,67.86,64712.11885714361,1.7999999999999998,21570.706285714277,1.0,-0.3714102603228824,32.975,0.0,0.011293519,-1.1469337,-1.2940621,0.3033880557864904,0.0,0.0
0.4717243441819178,0.04876068958456504,0.06270113777746607,68.39999999999999,73062.06967741827,1.7999999999999998,0.0,1.0,0.19318216498304963,32.980000000000004,0.0,-0.05245249,-1.084347,-1.0327848,0.28426425307989117,0.0,0.0
0.4708363031099673,0.036068682517683734,0.05756674408477913,69.12,104134.44413793292,1.7999999999999998,0.0,1.0,-0.08148442030091729,32.985,0.0,-0.05245249,-1.084347,-1.0327848,0.28426425307989117,0.0,0.0
0.4669896871884243,0.03679771513926891,0.04644002567760229,69.66,21989.554951455986,1.7999999999999998,0.0,1.0,0.025330362865069844,32.99,0.0,-0.05245249,-1.084347,-1.0327848,0.28426425307989117,0.0,0.0
0.45958992284280165,0.022626957982727593,0.03979310908140793,70.38,94371.83999999985,1.7999999999999998,0.0,1.0,-0.1577806939909081,32.995,0.0,-0.05245249,-1.084347,-1.0327848,0.28426425307989117,0.0,0.0
0.45365023121515635,0.03471079885557445,0.04212901528990059,70.92,73062.06967742021,1.7999999999999998,0.0,1.0,0.1626636555070533,33.0,0.0,-0.15291211,-0.94441104,-0.9127388,0.2541263669729233,0.0166766881942749,0.026178359985351562
0.4464701824386058,0.02938127394588907,0.03277651526749542,71.46,75497.47199999889,1.98,25165.824000000022,1.0,-0.14252143925290994,33.005,0.0,-0.15291211,-0.94441104,-0.9127388,0.2541263669729233,0.0166766881942749,0.026178359985351562
0.4366135762489432,0.023535844240753685,0.028223583982709473,71.82,8.716191531734335,2.16,4.358095765867178,1.0,-0.09674367503891546,33.01,0.0,-0.15291211,-0.94441104,-0.9127388,0.2541263669729233,0.0166766881942749,0.026178359985351562
0.4270082266333789,0.018966088133601924,0.02089312401561536,72.17999999999999,20404.72216216213,2.52,20404.722162162154,1.0,-0.14252143925290994,33.015,0.0,-0.15291211,-0.94441104,-0.9127388,0.2541263669729233,0.0166766881942749,0.026178359985351562
0.42008119924411824,0.0158210514118577,0.021866634442364793,72.36,20971.520000000794,3.06,62914.560000000005,1.0,-0.09674367503891546,33.02,0.0,-0.39030212,-0.78528345,-0.41690436,0.18290936350822448,0.0644149661064148,0.17492869198322294
0.40890333022993114,-0.011542033031306725,0.025218701309894946,72.53999999999999,9437.183999999612,3.5999999999999996,28311.551999999978,1.0,0.04058961760306801,33.025,0.0,-0.39030212,-0.78528345,-0.41690436,0.18290936350822448,0.0644149661064148,0.17492869198322294
0.40125705629525615,-0.0018558338956551385,0.017222912970843687,72.53999999999999,0.0,4.32,97416.09290322589,1.0,-0.06622516556291913,33.03,0.0,-0.39030212,-0.78528345,-0.41690436,0.18290936350822448,0.0644149661064148,0.17492869198322294
0.3929001930638113,-0.0066821780729485435,0.0214197429535505,72.36,-22205.1388235285,5.04,88820.55529411761,1.0,-0.2035584582049026,33.035000000000004,0.0,-0.39030212,-0.78528345,-0.41690436,0.18290936350822448,0.0644149661064148,0.17492869198322294
0.38468715294713357,-0.02687989558018091,0.0017912539290539072,72.17999999999999,-24354.023225807374,5.76,97416.09290322577,1.0,0.025330362865069844,33.04,0.0,-0.22601974,-0.7712817,-0.48025718,0.2321940779685974,0.0686154842376709,0.15592284500598907
0.37647919260218976,-0.013754853487794698,-0.007337302380760395,72.0,-24354.023225805453,6.66,121770.1161290323,1.0,-0.26459547715689524,33.045,0.0,-0.22601974,-0.7712817,-0.48025718,0.2321940779685974,0.0686154842376709,0.15592284500598907
0.36976293996315096,-0.01870134070215987,-0.0015375062524736899,71.46,-12.476171422276227,7.739999999999999,24.952342844552145,1.0,0.07110812707906433,33.05,0.0,-0.22601974,-0.7712817,-0.48025718,0.2321940779685974,0.0686154842376709,0.15592284500598907
0.3622650605221767,-0.01716497430987919,-0.00020645586077903792,71.1,-17975.588571428543,8.82,53926.765714285764,1.0,-0.23407696768089892,33.055,0.0,-0.22601974,-0.7712817,-0.48025718,0.2321940779685974,0.0686154842376709,0.15592284500598907
0.355959238692083,-0.004907461659732119,-0.010470009352164928,70.56,-56623.10399999916,9.9,113246.20800000001,1.0,-0.005188146610926481,33.06,0.0,-0.42132,-0.53746974,0.6004526,0.17360400259494782,0.1387590765953064,0.4801357805728912
0.3495544607170392,-0.00471274409102939,-0.008695240397084423,69.84,-18192.161927710815,10.98,27288.242891566268,1.0,-0.2798547318948934,33.065,0.0,-0.42132,-0.53746974,0.6004526,0.17360400259494782,0.1387590765953064,0.4801357805728912
0.3426347580780358,-0.019877979401230133,-0.008519814070115409,69.12,-94371.83999999985,12.24,165150.71999999997,1.0,0.29999694814903677,33.07,0.0,-0.42132,-0.53746974,0.6004526,0.17360400259494782,0.1387590765953064,0.4801357805728912
0.3353706635491244,-0.014753007845444248,-0.0024716710803939896,68.39999999999999,-88820.55529411926,13.5,155435.97176470584,1.0,-0.06622516556291913,33.075,0.0,-0.42132,-0.53746974,0.6004526,0.17360400259494782,0.1387590765953064,0.4801357805728912
0.3295482986249667,-0.010514910765350572,-2.0308009354861333e-05,67.5,-111025.69411764601,14.94,177641.11058823523,1.0,-0.020447401348924643,33.08,0.0,-0.27780682,-0.665501,-0.27715963,0.21665795445442199,0.10034970045089721,0.21685211062431334
0.3231348627758306,-0.004280319252240887,0.005436333849237328,66.6,-125829.1200000008,16.2,176160.76799999998,1.0,-0.2798547318948934,33.085,0.0,-0.27780682,-0.665501,-0.27715963,0.21665795445442199,0.10034970045089721,0.21685211062431334
0.31531601030254314,0.0026358068504353962,0.004610536655247757,65.52,-146124.13935483847,17.64,194832.18580645177,1.0,0.04058961760306801,33.09,0.0,-0.27780682,-0.665501,-0.27715963,0.21665795445442199,0.10034970045089721,0.21685211062431334
0.30798747280532,-0.004512945415297358,-0.0021405012147458365,64.44,-25.801986306831733,19.259999999999998,38.7029794602476,1.0,-0.12726218451491178,33.095,0.0,-0.27780682,-0.665501,-0.27715963,0.21665795445442199,0.10034970045089721,0.21685211062431334
0.3015954805029001,0.006399376530839398,0.00015713251220040087,63.18,-89573.27186440663,20.7,102369.45355932212,1.0,0.26947843867304044,33.1,0.0,-0.09935349,-0.56042135,0.74759084,0.2701939523220062,0.13187359571456908,0.524277251958847
0.29338539148992737,0.0009106965411980293,0.014069993420178648,61.919999999999995,-150994.9440000006,22.32,194136.35657142868,1.0,-0.5850398266548567,33.105000000000004,0.0,-0.09935349,-0.56042135,0.74759084,0.2701939523220062,0.13187359571456908,0.524277251958847
0.28676078557728846,0.006227641306572273,0.018112556316350684,60.48,-188743.6799999997,23.939999999999998,212336.63999999966,1.0,0.010071108127071682,33.11,0.0,-0.09935349,-0.56042135,0.74759084,0.2701939523220062,0.13187359571456908,0.524277251958847
0.28083626758386165,-0.0048109543187149694,0.03970721329348491,59.04,-201326.59199999968,25.56,226492.41600000014,1.0,-0.09674367503891546,33.115,0.0,-0.09935349,-0.56042135,0.74759084,0.2701939523220062,0.13187359571456908,0.524277251958847
0.27476937116682004,0.00019889660146288923,0.0486409797045537,57.599999999999994,-183024.17454545517,27.0,183024.1745454547,1.0,-0.09674367503891546,33.12,0.0,-0.13123694,-0.7162788,-0.6093838,0.26062891781330105,0.0851163625717163,0.11718485355377196
0.27050168443788997,0.00977589268058413,0.05651014368629553,55.98,-65334.35076923067,28.439999999999998,58074.97846153837,1.0,-0.24933622241889708,33.125,0.0,-0.13123694,-0.7162788,-0.6093838,0.26062891781330105,0.0851163625717163,0.11718485355377196
0.2669158838467387,0.011822038364670277,0.06281140851710319,54.36,-194136.35657142827,29.7,150994.9440000002,1.0,0.14740440076905514,33.13,0.0,-0.13123694,-0.7162788,-0.6093838,0.26062891781330105,0.0851163625717163,0.11718485355377196
0.2625226362040753,0.02760515019636758,0.08756918275387932,52.919999999999995,-32.967068725540074,30.599999999999998,20.604417953462445,1.0,-0.21881771294290076,33.135,0.0,-0.13123694,-0.7162788,-0.6093838,0.26062891781330105,0.0851163625717163,0.11718485355377196
0.2570167154885225,0.03393043383356605,0.11292547856307839,51.3,-73856.22260869553,31.14,24618.74086956534,1.0,-0.11200292977691362,33.14,0.0,0.054186814,-0.9384742,-0.9785062,0.3162560440599918,0.018457746505737303,0.006448137760162354
0.2530729861407626,0.03330013027673848,0.1272673313660557,49.86,-34317.03272727267,31.5,8579.258181818168,1.0,-0.2035584582049026,33.145,0.0,0.054186814,-0.9384742,-0.9785062,0.3162560440599918,0.018457746505737303,0.006448137760162354
0.24917152779012247,0.03456713038452269,0.14750572731074493,48.42,-177641.11058823502,31.14,-44410.277647058756,1.0,0.04058961760306801,33.15,0.0,0.054186814,-0.9384742,-0.9785062,0.3162560440599918,0.018457746505737303,0.006448137760162354
0.24622986997098953,0.049472212031670244,0.16440746506511195,46.98,-201326.59200000067,30.599999999999998,-75497.47200000037,1.0,-0.29511398663289157,33.155,0.0,0.054186814,-0.9384742,-0.9785062,0.3162560440599918,0.018457746505737303,0.006448137760162354
0.24337194221452774,0.06107179855326186,0.17797188654454316,45.72,-160146.15272727248,29.52,-137268.1309090907,1.0,0.14740440076905514,33.160000000000004,0.0,0.4849536,-1.0581063,-0.82375586,0.44548608362674713,0.0,0.0528732419013977
0.24254121738491743,0.06890445092929647,0.18722814736271598,44.46,-165150.71999999974,28.08,-188743.68000000017,1.0,-0.2798547318948934,33.165,0.0,0.4849536,-1.0581063,-0.82375586,0.44548608362674713,0.0,0.0528732419013977
0.2425262121764202,0.07174349544891252,0.19241197352639539,43.199999999999996,-165150.72000000067,26.64,-188743.6799999997,1.0,0.2542191839350423,33.17,0.0,0.4849536,-1.0581063,-0.82375586,0.44548608362674713,0.0,0.0528732419013977
0.24285788719810344,0.07264142924092834,0.19713248365719008,42.12,-156201.6662068963,24.66,-286369.7213793104,1.0,-0.09674367503891546,33.175,0.0,0.4849536,-1.0581063,-0.82375586,0.44548608362674713,0.0,0.0528732419013977
0.24377735549317792,0.09002764400103686,0.2094663232039007,40.86,-31.15500229912157,22.5,-53.40857536992278,1.0,-0.06622516556291913,33.18,0.0,0.6173309,-1.2282989,-1.4825059,0.4851992726325989,0.0,0.0
0.24497168168188033,0.1006401876743903,0.22563326183371057,39.78,-64712.118857142756,20.16,-140209.59085714284,1.0,-0.020447401348924643,33.185,0.0,0.6173309,-1.2282989,-1.4825059,0.4851992726325989,0.0,0.0
0.24609538228831748,0.11095047659734641,0.23551911115428364,38.879999999999995,-35279.192523364705,17.28,-112893.41607476631,1.0,0.010071108127071682,33.19,0.0,0.6173309,-1.2282989,-1.4825059,0.4851992726325989,0.0,0.0
0.2473601827775559,0.10338893709595517,0.23863490994823958,37.8,-116149.95692307674,14.399999999999999,-309733.2184615387,1.0,-0.17303994872890627,33.195,0.0,0.6173309,-1.2282989,-1.4825059,0.4851992726325989,0.0,0.0
0.2486243609392386,0.10356855695588729,0.2404783568733126,36.9,-65084.027586206794,11.16,-234302.49931034472,1.0,0.19318216498304963,33.2,0.0,1.0215667,-1.0720742,-1.3203994,0.6,0.0,0.0
0.24969215276228404,0.09779378249611584,0.24141984117315157,36.18,-86282.82514285701,7.92,-388272.7131428572,1.0,-0.34089175084688605,33.205,0.0,1.0215667,-1.0720742,-1.3203994,0.6,0.0,0.0
0.25094297712022845,0.09393043234859613,0.24009550387596332,35.28,-111025.69411764688,4.5,-421897.6376470588,1.0,0.11688589129305882,33.21,0.0,1.0215667,-1.0720742,-1.3203994,0.6,0.0,0.0
0.25289497783582465,0.08608040299221228,0.23931862381790137,34.56,-97416.09290322565,1.44,-414018.3948387097,1.0,-0.24933622241889708,33.215,0.0,1.0215667,-1.0720742,-1.3203994,0.6,0.0,0.0
0.25422902057351604,0.08279669249781207,0.2392292425659397,32.4,-48.49243760270205,1.7999999999999998,8.082072933783659,1.0,0.6204412976469982,33.22,0.0,0.8305036,-1.2997028,-0.93898416,0.549151074886322,0.0,0.01830475330352783
0.2560263277853789,0.10387504329764807,0.23745722725098348,30.419999999999998,-129761.28000000003,3.2399999999999998,94371.84,1.0,-0.4019287697988787,33.225,0.0,0.8305036,-1.2997028,-0.93898416,0.549151074886322,0.0,0.01830475330352783
0.2590550976712887,0.10342486643084531,0.2363179975255431,28.619999999999997,-222051.3882352942,4.14,111025.69411764704,1.0,-0.21881771294290076,33.230000000000004,0.0,0.8305036,-1.2997028,-0.93898416,0.549151074886322,0.0,0.01830475330352783
0.26194315773467086,0.09982761582059685,0.23621402984089782,27.0,-62914.5599999999,4.68,20971.52,1.0,-0.12726218451491178,33.235,0.0,0.8305036,-1.2997028,-0.93898416,0.549151074886322,0.0,0.01830475330352783
0.26403339724449926,0.10824811167971082,0.23341229020437618,25.919999999999998,-137268.13090909115,4.68,0.0,1.0,0.34577471236303126,33.24,0.0,0.95387244,-0.8177303,-0.5824074,0.586161732673645,0.05468090772628784,0.12527777552604674
0.2678519548958306,0.113632022683502,0.2278304937374871,25.02,-117964.79999999981,4.14,-70778.88,1.0,-0.11200292977691362,33.245,0.0,0.95387244,-0.8177303,-0.5824074,0.586161732673645,0.05468090772628784,0.12527777552604674
0.2801083428917896,0.1109134213210927,0.22207638692193515,24.66,-44410.277647058756,2.88,-155435.97176470584,1.0,0.04058961760306801,33.25,0.0,0.95387244,-0.8177303,-0.5824074,0.586161732673645,0.05468090772628784,0.12527777552604674
0.29343557379805485,0.11025746512131455,0.21595838925368055,24.66,0.0,1.44,-188743.68,1.0,-0.12726218451491178,33.255,0.0,0.95387244,-0.8177303,-0.5824074,0.586161732673645,0.05468090772628784,0.12527777552604674
0.30354020638773654,0.11264225164946394,0.20596226501307371,24.119999999999997,-43556.233846154064,1.7999999999999998,29037.48923076922,1.0,0.26947843867304044,33.26,0.0,0.9272022,-0.6861769,-0.6801632,0.5781606674194336,0.09414693117141723,0.09595103859901429
0.3173978726660675,0.0901381056130898,0.19307428570960608,24.3,4.380448735429523,1.98,4.3804487354294475,1.0,-0.08148442030091729,33.265,0.0,0.9272022,-0.6861769,-0.6801632,0.5781606674194336,0.09414693117141723,0.09595103859901429
0.33265210620559765,0.07766114934258472,0.17753154152404116,24.84,33307.70823529406,1.6199999999999999,-22205.138823529418,1.0,-0.09674367503891546,33.27,0.0,0.9272022,-0.6861769,-0.6801632,0.5781606674194336,0.09414693117141723,0.09595103859901429
0.3430204546021693,0.05777394470691396,0.16093059789453165,25.56,79471.02315789461,1.6199999999999999,0.0,1.0,-0.21881771294290076,33.275,0.0,0.9272022,-0.6861769,-0.6801632,0.5781606674194336,0.09414693117141723,0.09595103859901429
0.355377989740156,0.05932613713185215,0.1447305778232845,26.82,160146.1527272729,1.44,-22878.02181818181,1.0,-0.05096591082492097,33.28,0.0,0.90274596,-0.49949142,-0.5360274,0.5708237886428833,0.1501525729894638,0.13919178843498228
0.36997758244820295,0.0430340255060882,0.12951595552657597,28.259999999999998,201326.59199999968,1.6199999999999999,25165.82399999999,1.0,-0.31037324137088973,33.285000000000004,0.0,0.90274596,-0.49949142,-0.5360274,0.5708237886428833,0.1501525729894638,0.13919178843498228
0.381129456974241,0.04090189195272549,0.11572047454330332,30.06,235929.6000000001,1.44,-23592.959999999992,1.0,0.31525620288703493,33.29,0.0,0.90274596,-0.49949142,-0.5360274,0.5708237886428833,0.1501525729894638,0.13919178843498228
0.3916128366376963,0.012834926131678102,0.10229134087616915,32.22,283115.52,1.6199999999999999,23592.959999999992,1.0,-0.2798547318948934,33.295,0.0,0.90274596,-0.49949142,-0.5360274,0.5708237886428833,0.1501525729894638,0.13919178843498228
0.40201420604004745,0.0034265221833089405,0.09200061406623573,34.56,86855.49876106207,1.6199999999999999,0.0,1.0,0.07110812707906433,33.3,0.0,0.6197015,-0.059649244,-0.67901796,0.4859104514122009,0.28210522681474687,0.09629461169242859
0.40918275102832613,0.011675047793882596,0.0892084936116602,37.26,62.42865695337943,1.6199999999999999,0.0,1.0,-0.21881771294290076,33.305,0.0,0.6197015,-0.059649244,-0.67901796,0.4859104514122009,0.28210522681474687,0.09629461169242859
0.41590136069603845,0.010191986504998623,0.08446552409162314,40.14,134217.72800000012,1.6199999999999999,0.0,1.0,0.010071108127071682,33.31,0.0,0.6197015,-0.059649244,-0.67901796,0.4859104514122009,0.28210522681474687,0.09629461169242859
0.4231408957713885,0.015458403520925522,0.08154053392323693,43.199999999999996,313038.2985365849,1.6199999999999999,0.0,1.0,-0.005188146610926481,33.315,0.0,0.6197015,-0.059649244,-0.67901796,0.4859104514122009,0.28210522681474687,0.09629461169242859
0.4281621523946591,0.010432271944926384,0.08024912340884964,46.44,411804.392727273,1.6199999999999999,0.0,1.0,-0.12726218451491178,33.32,0.0,0.87781453,-0.77717805,0.043226972,0.5633443593978882,0.06684658527374267,0.3129680916666984
0.43346171032641384,0.011203366699066348,0.08311990217469988,49.86,494638.6096551727,1.6199999999999999,0.0,1.0,-0.21881771294290076,33.325,0.0,0.87781453,-0.77717805,0.043226972,0.5633443593978882,0.06684658527374267,0.3129680916666984
0.4391380982015204,0.001149313628401964,0.08172207766681065,53.46,503316.4800000002,1.6199999999999999,0.0,1.0,-0.1577806939909081,33.33,0.0,0.87781453,-0.77717805,0.043226972,0.5633443593978882,0.06684658527374267,0.3129680916666984
0.44452682399289173,-0.009147147255326286,0.08702732067147471,57.059999999999995,431414.125714285,1.6199999999999999,0.0,1.0,-0.23407696768089892,33.335,0.0,0.87781453,-0.77717805,0.043226972,0.5633443593978882,0.06684658527374267,0.3129680916666984
0.44878247139694716,-0.0024020228055461335,0.07743131400698762,60.66,503316.4800000002,1.6199999999999999,0.0,1.0,0.0863673818170625,33.34,0.0,0.5156399,-0.4198656,-0.3805,0.4546919703483581,0.1740403175354004,0.18585000336170196
0.45378418605070203,0.017267746149518506,0.07696076258106878,64.44,546705.8317241381,1.6199999999999999,0.0,1.0,-0.34089175084688605,33.345,0.0,0.5156399,-0.4198656,-0.3805,0.4546919703483581,0.1740403175354004,0.18585000336170196
0.45799690403755905,0.024852134036213624,0.07825504403338916,68.03999999999999,87.12520137558552,1.7999999999999998,4.356260068779282,1.0,0.11688589129305882,33.35,0.0,0.5156399,-0.4198656,-0.3805,0.4546919703483581,0.1740403175354004,0.18585000336170196
0.4616610451107817,0.04900485415077191,0.07701515529680651,71.64,78643.20000000019,1.7999999999999998,0.0,1.0,-0.17303994872890627,33.355000000000004,0.0,0.5156399,-0.4198656,-0.3805,0.4546919703483581,0.1740403175354004,0.18585000336170196
0.4653292768087851,0.06633430766084292,0.07312179631858391,75.06,172825.53831325308,1.98,9096.08096385543,1.0,0.14740440076905514,33.36,0.0,0.49504492,-0.5641744,0.84375083,0.44851347506046296,0.13074767589569092,0.553125250339508
0.46892278005452454,0.08265721465954909,0.0789031627739463,78.3,357619.60421052575,2.34,39735.51157894736,1.0,-0.1577806939909081,33.365,0.0,0.49504492,-0.5641744,0.84375083,0.44851347506046296,0.13074767589569092,0.553125250339508
0.47224087771316203,0.0782997228861055,0.08259006087497055,81.17999999999999,377487.3599999994,3.2399999999999998,117964.79999999999,1.0,0.025330362865069844,33.37,0.0,0.49504492,-0.5641744,0.84375083,0.44851347506046296,0.13074767589569092,0.553125250339508
0.47489307801653025,0.07802188379244443,0.09259929392511651,83.7,301989.8880000012,4.5,150994.94400000002,1.0,-0.2035584582049026,33.375,0.0,0.49504492,-0.5641744,0.84375083,0.44851347506046296,0.13074767589569092,0.553125250339508
0.4771945253631922,0.0883387500435315,0.09107434366306083,85.5,235929.59999999963,6.66,283115.52,1.0,0.1626636555070533,33.38,0.0,0.45784757,0.31585342,0.48747665,0.4373542696237564,0.39475602507591245,0.4462429940700531
0.47923679659705914,0.10752910687069875,0.10356172102345801,86.75999999999999,176160.76799999873,9.719999999999999,427819.0079999998,1.0,-0.3256324961088879,33.385,0.0,0.45784757,0.31585342,0.48747665,0.4373542696237564,0.39475602507591245,0.4462429940700531
0.4807971510773782,0.11665180245402255,0.10782704490569447,87.11999999999999,44410.277647058756,13.86,510718.19294117653,1.0,0.14740440076905514,33.39,0.0,0.45784757,0.31585342,0.48747665,0.4373542696237564,0.39475602507591245,0.4462429940700531
0.4825102069747042,0.1282831292002887,0.10977473572963942,86.94,-4.069198745243292,18.9,113.93756486681684,1.0,0.025330362865069844,33.395,0.0,0.45784757,0.31585342,0.48747665,0.4373542696237564,0.39475602507591245,0.4462429940700531
0.4834997661061779,0.12760287998207848,0.11852846701652564,86.22,-36384.32385542163,24.48,281978.5098795182,1.0,0.04058961760306801,33.4,0.0,0.22451182,0.823117,2.2710133,0.36735354512929913,0.5469351053237915,0.6
0.4849384275579184,0.1393769107024883,0.13560547730544664,85.14,-122428.33297297278,30.06,632546.3870270269,1.0,-0.21881771294290076,33.405,0.0,0.22451182,0.823117,2.2710133,0.36735354512929913,0.5469351053237915,0.6
0.48627834239843815,0.1390969833047682,0.15027414164136335,84.06,-37748.73599999994,35.28,182452.22400000007,1.0,0.11688589129305882,33.410000000000004,0.0,0.22451182,0.823117,2.2710133,0.36735354512929913,0.5469351053237915,0.6
0.48747798784344953,0.12340670118309227,0.16167797509926135,82.98,-79471.02315789461,39.42,304638.9221052632,1.0,-0.020447401348924643,33.415,0.0,0.22451182,0.823117,2.2710133,0.36735354512929913,0.5469351053237915,0.6
0.4879690304429665,0.11471612544139598,0.17048202949701405,82.25999999999999,-86282.82514285871,42.3,345131.30057142803,1.0,0.04058961760306801,33.42,0.0,0.18009014,0.90586007,1.7754551,0.3540270432829857,0.5717580199241638,0.6
0.4884509376936437,0.1266529810995177,0.1752531003050498,81.89999999999999,-47185.919999999925,43.199999999999996,117964.79999999981,1.0,-0.21881771294290076,33.425,0.0,0.18009014,0.90586007,1.7754551,0.3540270432829857,0.5717580199241638,0.6
0.4890736335096118,0.12513809268255827,0.18032175697274253,81.89999999999999,0.0,42.66,-75497.47199999988,1.0,-0.035706656086922806,33.43,0.0,0.18009014,0.90586007,1.7754551,0.3540270432829857,0.5717580199241638,0.6
0.4882419067247747,0.12300180240397271,0.19423453777591812,81.89999999999999,0.0,41.04,-37.20023914067028,1.0,0.11688589129305882,33.435,0.0,0.18009014,0.90586007,1.7754551,0.3540270432829857,0.5717580199241638,0.6
0.48783352978811495,0.12536438912802417,0.21059880086085786,82.08,10202.361081081468,38.339999999999996,-153035.41621621637,1.0,0.025330362865069844,33.44,0.0,0.02201349,0.91231644,1.556942,0.3066040467470884,0.5736949324607848,0.6
0.48783165469396667,0.13380324032011157,0.22250440707575872,82.25999999999999,20404.722162161324,35.46,-326475.55459459405,1.0,-0.23407696768089892,33.445,0.0,0.02201349,0.91231644,1.556942,0.3066040467470884,0.5736949324607848,0.6
0.4869447172135728,0.13598367067982406,0.2380486938187377,82.25999999999999,0.0,32.22,-411804.392727273,1.0,-0.11200292977691362,33.45,0.0,0.02201349,0.91231644,1.556942,0.3066040467470884,0.5736949324607848,0.6
0.4863296506537643,0.14282568380160007,0.2542309012595366,82.08,-25165.823999998967,28.619999999999997,-503316.4800000002,1.0,0.10162663655506066,33.455,0.0,0.02201349,0.91231644,1.556942,0.3066040467470884,0.5736949324607848,0.6
0.48630902035121537,0.16150693408806727,0.26715343092618793,81.89999999999999,-22878.021818182686,25.02,-457560.4363636361,1.0,0.010071108127071682,33.46,0.0,-0.045822375,-0.07210517,-0.11809022,0.2862532876431942,0.2783684492111206,0.26457293406128884
0.48569290757984285,0.1789209306266403,0.28042282389459894,81.17999999999999,-97416.09290322565,21.419999999999998,-487080.4645161292,1.0,-0.18829920346690443,33.465,0.0,-0.045822375,-0.07210517,-0.11809022,0.2862532876431942,0.2783684492111206,0.26457293406128884
0.4850411234422087,0.18881444259508115,0.29432360024767673,80.28,-114390.10909090801,17.82,-457560.4363636361,1.0,0.14740440076905514,33.47,0.0,-0.045822375,-0.07210517,-0.11809022,0.2862532876431942,0.2783684492111206,0.26457293406128884
0.48525716545613584,0.20120945252829178,0.3048830881278964,79.2,-21367.20905660374,14.219999999999999,-71224.03018867927,1.0,-0.34089175084688605,33.475,0.0,-0.045822375,-0.07210517,-0.11809022,0.2862532876431942,0.2783684492111206,0.26457293406128884
0.4855295113361174,0.2312006193594459,0.3148679816967699,77.75999999999999,-35.093475881143306,10.98,-78.96032073257174,1.0,0.2084414197210478,33.480000000000004,0.0,-0.105408,-0.9294565,-0.83707416,0.2683776006102562,0.021163058280944825,0.04887775182723999
0.4853347027675658,0.23784206778543654,0.3260635136411274,76.32,-95869.80571428557,7.739999999999999,-215707.06285714294,1.0,-0.26459547715689524,33.485,0.0,-0.105408,-0.9294565,-0.83707416,0.2683776006102562,0.021163058280944825,0.04887775182723999
0.4857346380588943,0.2435755507074556,0.3363487246991403,74.52,-209715.19999999966,4.68,-356515.83999999997,1.0,0.010071108127071682,33.49,0.0,-0.105408,-0.9294565,-0.83707416,0.2683776006102562,0.021163058280944825,0.04887775182723999
0.4870476124633473,0.26265826384633084,0.3453412625859052,72.53999999999999,-276824.06400000054,1.7999999999999998,-402653.184,1.0,0.05584887234106617,33.495,0.0,-0.105408,-0.9294565,-0.83707416,0.2683776006102562,0.021163058280944825,0.04887775182723999
0.4868492626894026,0.28214633226995206,0.35480942311728125,69.12,-478150.6559999983,1.7999999999999998,0.0,1.0,0.2542191839350423,33.5,0.0,0.26061213,-1.1049074,-0.53218967,0.37818363904953,0.0,0.1403430998325348
0.4831859280043373,0.30105578429654434,0.36486174227050083,66.24,-366048.34909091034,2.6999999999999997,114390.10909090909,1.0,-0.6765953550828456,33.505,0.0,0.26061213,-1.1049074,-0.53218967,0.37818363904953,0.0,0.1403430998325348
0.47944321061861395,0.3172818961021654,0.37284072600189594,63.18,-388926.37090909027,2.88,22878.021818181838,1.0,0.05584887234106617,33.51,0.0,0.26061213,-1.1049074,-0.53218967,0.37818363904953,0.0,0.1403430998325348
0.4716337570960118,0.3212936935495434,0.3816949986409252,60.48,-353894.4000000004,2.34,-70778.88,1.0,-0.21881771294290076,33.515,0.0,0.26061213,-1.1049074,-0.53218967,0.37818363904953,0.0,0.1403430998325348
0.45785700436407234,0.33353134216684643,0.3887577768665326,57.78,-60.69839418562261,1.44,-20.232798061874234,1.0,-0.09674367503891546,33.52,0.0,-0.12694463,-1.1369412,-0.57484835,0.26191661059856414,0.0,0.12754549384117125
0.4441115208687074,0.3446647941041391,0.3925849916160189,54.72,-73340.40137142863,1.6199999999999999,4314.1412571428555,1.0,-0.18829920346690443,33.525,0.0,-0.12694463,-1.1369412,-0.57484835,0.26191661059856414,0.0,0.12754549384117125
0.43195546013123026,0.3518639785089637,0.3944212901197049,52.019999999999996,-276210.26341463445,1.6199999999999999,0.0,1.0,0.05584887234106617,33.53,0.0,-0.12694463,-1.1369412,-0.57484835,0.26191661059856414,0.0,0.12754549384117125
0.41655598552159956,0.3450462018544865,0.39525616222298177,49.32,-343170.32727272675,1.6199999999999999,0.0,1.0,-0.3256324961088879,33.535000000000004,0.0,-0.12694463,-1.1369412,-0.57484835,0.26191661059856414,0.0,0.12754549384117125
0.4031095659158575,0.34236485822312196,0.3949524243021261,46.98,-338436.9434482764,1.6199999999999999,0.0,1.0,0.2084414197210478,33.54,0.0,0.6282902,-1.1367011,0.29244927,0.48848705291748046,0.0,0.387734779715538
0.3920775114449601,0.3393232193061878,0.3934349356937244,44.64,-288666.8047058819,1.6199999999999999,0.0,1.0,-0.3561510055848842,33.545,0.0,0.6282902,-1.1367011,0.29244927,0.48848705291748046,0.0,0.387734779715538
0.379409235349761,0.3355006398314672,0.3932841587356352,42.48,-266461.6658823534,1.6199999999999999,0.0,1.0,0.07110812707906433,33.55,0.0,0.6282902,-1.1367011,0.29244927,0.48848705291748046,0.0,0.387734779715538
0.3674782254206831,0.3373482706167503,0.3926863989189057,40.5,-259522.5599999996,1.6199999999999999,0.0,1.0,-0.18829920346690443,33.555,0.0,0.6282902,-1.1367011,0.29244927,0.48848705291748046,0.0,0.387734779715538
0.35933372044154716,0.3400909284075522,0.3905204817730054,38.699999999999996,-260336.1103448282,1.6199999999999999,0.0,1.0,-0.05096591082492097,33.56,0.0,0.04497786,-0.8620645,-0.4598311,0.31349335759878155,0.041380655765533444,0.16205067336559295
0.35233726124077575,0.3342105052582753,0.3889946590306695,37.26,-35.17973579366738,1.6199999999999999,0.0,1.0,-0.17303994872890627,33.565,0.0,0.04497786,-0.8620645,-0.4598311,0.31349335759878155,0.041380655765533444,0.16205067336559295
0.3463388042153472,0.33575295354403534,0.3885851765546585,35.82,-48708.04645161283,1.44,-6088.505806451611,1.0,0.0863673818170625,33.57,0.0,0.04497786,-0.8620645,-0.4598311,0.31349335759878155,0.041380655765533444,0.16205067336559295
0.3422593016486163,0.3260395335802109,0.3847809792881104,34.74,-141557.75999999978,1.44,0.0,1.0,-0.3256324961088879,33.575,0.0,0.04497786,-0.8620645,-0.4598311,0.31349335759878155,0.041380655765533444,0.16205067336559295
0.341454184287976,0.31564220196996606,0.375137615161823,34.019999999999996,-94371.84000000078,1.6199999999999999,23592.959999999992,1.0,-0.06622516556291913,33.58,0.0,0.27594852,-0.83083284,-0.3863646,0.3827845573425293,0.0507501482963562,0.18409061729907988
0.3421957754511716,0.2990546203157471,0.36469406346385214,33.48,-45298.48319999993,1.44,-15099.494399999994,1.0,-0.24933622241889708,33.585,0.0,0.27594852,-0.83083284,-0.3863646,0.3827845573425293,0.0507501482963562,0.18409061729907988
0.34291614168158197,0.2740956563474622,0.3529341874789212,33.12,-44410.277647058756,1.6199999999999999,22205.138823529403,1.0,0.26947843867304044,33.59,0.0,0.27594852,-0.83083284,-0.3863646,0.3827845573425293,0.0507501482963562,0.18409061729907988
0.342258402731972,0.254900590227029,0.33897197946950336,33.12,0.0,1.6199999999999999,0.0,1.0,-0.11200292977691362,33.595,0.0,0.27594852,-0.83083284,-0.3863646,0.3827845573425293,0.0507501482963562,0.18409061729907988
0.34042958735307677,0.22591020327235722,0.3257709004861808,33.3,24354.023225806413,1.6199999999999999,0.0,1.0,0.1626636555070533,33.6,0.0,-0.5957104,-0.34477252,-0.98777926,0.12128688097000122,0.19656824469566345,0.003666222095489502
0.33845196912968806,0.20646939879720308,0.3149531292603307,33.66,8.107328733657267,1.6199999999999999,0.0,1.0,-0.18829920346690443,33.605000000000004,0.0,-0.5957104,-0.34477252,-0.98777926,0.12128688097000122,0.19656824469566345,0.003666222095489502
0.33699771588910427,0.1946351028899864,0.3070557157024016,34.199999999999996,27962.02666666662,1.6199999999999999,0.0,1.0,0.05584887234106617,33.61,0.0,-0.5957104,-0.34477252,-0.98777926,0.12128688097000122,0.19656824469566345,0.003666222095489502
0.33699719574249365,0.1725010315652267,0.3018999588720358,34.92,91512.08727272804,1.6199999999999999,0.0,1.0,-0.24933622241889708,33.615,0.0,-0.5957104,-0.34477252,-0.98777926,0.12128688097000122,0.19656824469566345,0.003666222095489502
0.33629250614316075,0.15138330706208464,0.2991840487017138,35.82,111025.69411764688,1.6199999999999999,0.0,1.0,0.025330362865069844,33.62,0.0,-0.8199817,0.02611924,-1.0732875,0.05400549173355102,0.3078357718884945,0.0
0.33545145272978144,0.13733514793603288,0.29849002129496166,36.72,30198.988799999952,1.6199999999999999,0.0,1.0,-0.2798547318948934,33.625,0.0,-0.8199817,0.02611924,-1.0732875,0.05400549173355102,0.3078357718884945,0.0
0.3352588521207423,0.11564122760143065,0.29763227268056563,37.8,122428.33297297278,1.6199999999999999,0.0,1.0,0.010071108127071682,33.63,0.0,-0.8199817,0.02611924,-1.0732875,0.05400549173355102,0.3078357718884945,0.0
0.33395589947280685,0.09644938200728918,0.2967825817510877,38.879999999999995,133230.83294117625,1.6199999999999999,0.0,1.0,-0.1577806939909081,33.635,0.0,-0.8199817,0.02611924,-1.0732875,0.05400549173355102,0.3078357718884945,0.0
0.33309466511686925,0.08730473658004981,0.2962508060963748,39.96,146124.13935483943,1.6199999999999999,0.0,1.0,-0.06622516556291913,33.64,0.0,0.42523766,-0.21318495,-1.038674,0.42757129669189453,0.23604451417922973,0.0
0.33241836451395773,0.07943411730047412,0.29602342162732,41.22,170478.1625806449,1.6199999999999999,0.0,1.0,-0.17303994872890627,33.645,0.0,0.42523766,-0.21318495,-1.038674,0.42757129669189453,0.23604451417922973,0.0
0.3308973018514524,0.07462265217806058,0.2959238285026545,42.48,30.734471099324757,1.6199999999999999,0.0,1.0,-0.005188146610926481,33.65,0.0,0.42523766,-0.21318495,-1.038674,0.42757129669189453,0.23604451417922973,0.0
0.3294682303319879,0.07253629026244211,0.294200827125639,43.739999999999995,91117.63862068951,1.6199999999999999,0.0,1.0,-0.18829920346690443,33.655,0.0,0.42523766,-0.21318495,-1.038674,0.42757129669189453,0.23604451417922973,0.0
0.3287899430932548,0.07763762384205619,0.2911049367472584,44.82,41180.439272727475,1.6199999999999999,0.0,1.0,0.010071108127071682,33.660000000000004,0.0,0.13956082,0.15825039,-0.6489329,0.341868245601654,0.34747511744499204,0.10532013773918152
0.3276064078640295,0.08043889999222625,0.2887807958217428,46.08,146800.63999999978,1.6199999999999999,0.0,1.0,-0.3714102603228824,33.665,0.0,0.13956082,0.15825039,-0.6489329,0.341868245601654,0.34747511744499204,0.10532013773918152
0.32685821279077,0.08454213211677528,0.2830422123329172,47.339999999999996,170478.1625806449,1.7999999999999998,24354.023225806442,1.0,-0.035706656086922806,33.67,0.0,0.13956082,0.15825039,-0.6489329,0.341868245601654,0.34747511744499204,0.10532013773918152
0.3259138231123574,0.07876047874424347,0.27305426179804476,48.42,141557.7600000007,1.7999999999999998,0.0,1.0,-0.31037324137088973,33.675,0.0,0.13956082,0.15825039,-0.6489329,0.341868245601654,0.34747511744499204,0.10532013773918152
0.3244190683362188,0.08557119405178644,0.26281537989888476,49.5,141557.75999999978,1.7999999999999998,0.0,1.0,0.1626636555070533,33.68,0.0,-0.24848545,0.71291614,-0.29457486,0.22545436620712278,0.5138748407363891,0.2116275429725647
0.32403043522727015,0.08878082522619024,0.2526471348587795,50.4,72593.72307692296,1.98,14518.744615384629,1.0,-0.3714102603228824,33.685,0.0,-0.24848545,0.71291614,-0.29457486,0.22545436620712278,0.5138748407363891,0.2116275429725647
0.3231929615169863,0.08134890818345199,0.2398237641840474,51.3,20.641824196855744,2.16,4.128364839371159,1.0,0.14740440076905514,33.69,0.0,-0.24848545,0.71291614,-0.29457486,0.22545436620712278,0.5138748407363891,0.2116275429725647
0.32147466927284457,0.09567482344017794,0.2247546271519737,52.019999999999996,33185.70197802193,2.52,16592.85098901098,1.0,-0.21881771294290076,33.695,0.0,-0.24848545,0.71291614,-0.29457486,0.22545436620712278,0.5138748407363891,0.2116275429725647
0.320929134131794,0.10767543078714498,0.20790702159610616,52.739999999999995,23052.663206106834,2.88,11526.331603053432,1.0,0.22370067445904596,33.7,0.0,-0.17365104,1.0200788,0.6518124,0.2479046881198883,0.6,0.4955437123775482
0.3205214668598467,0.12011373018180785,0.19033785468648098,53.28,55242.05268292747,3.42,55242.052682926835,1.0,-0.4477065340128732,33.705,0.0,-0.17365104,1.0200788,0.6518124,0.2479046881198883,0.6,0.4955437123775482
0.320586411462607,0.14400664770299906,0.17254114965054612,53.64,50331.64799999992,4.14,100663.29599999996,1.0,-0.12726218451491178,33.71,0.0,-0.17365104,1.0200788,0.6518124,0.2479046881198883,0.6,0.4955437123775482
0.3205792277479155,0.15169810833070008,0.15548728295908892,54.0,44410.277647058756,4.859999999999999,88820.55529411761,1.0,-0.21881771294290076,33.715,0.0,-0.17365104,1.0200788,0.6518124,0.2479046881198883,0.6,0.4955437123775482
0.32092449982896387,0.16611749097522469,0.13918378848559315,54.18,21570.706285714252,5.76,107853.53142857147,1.0,0.010071108127071682,33.72,0.0,0.42758405,1.0417696,0.6664554,0.42827521562576293,0.6,0.4999366164207458
0.3219183587875157,0.16785520690018577,0.12419804559947706,54.36,23592.959999999963,6.84,141557.76,1.0,-0.26459547715689524,33.725,0.0,0.42758405,1.0417696,0.6664554,0.42827521562576293,0.6,0.4999366164207458
0.32228870899847345,0.18490174597066114,0.11035078822289913,54.18,-24354.023225806413,8.1,170478.16258064512,1.0,0.29999694814903677,33.730000000000004,0.0,0.42758405,1.0417696,0.6664554,0.42827521562576293,0.6,0.4999366164207458
0.3225843815606206,0.2104231348469556,0.09753023330908897,54.0,-4.3520162326994285,9.36,30.464113628896044,1.0,-0.005188146610926481,33.735,0.0,0.42758405,1.0417696,0.6664554,0.42827521562576293,0.6,0.4999366164207458
0.32377287290698364,0.21681458838782863,0.0871737059450311,53.82,-13981.01333333331,10.799999999999999,111848.10666666663,1.0,-0.18829920346690443,33.74,0.0,0.32131135,0.89026356,1.2011408,0.3963934063911438,0.5670790672302246,0.6
0.32390660201930144,0.23548504150877475,0.07854050230709603,53.46,-15566.489072164924,12.24,62265.95628865985,1.0,-0.31037324137088973,33.745,0.0,0.32131135,0.89026356,1.2011408,0.3963934063911438,0.5670790672302246,0.6
0.3246250563852077,0.23865933774265702,0.07541880420911769,53.1,-44410.277647058756,13.68,177641.11058823523,1.0,0.05584887234106617,33.75,0.0,0.32131135,0.89026356,1.2011408,0.3963934063911438,0.5670790672302246,0.6
0.3243557015759081,0.24575193908336918,0.07548595733317297,52.559999999999995,-75497.47200000087,15.12,201326.59199999992,1.0,-0.06622516556291913,33.755,0.0,0.32131135,0.89026356,1.2011408,0.3963934063911438,0.5670790672302246,0.6
0.32437278554311716,0.24709094878211305,0.073684514356536,52.019999999999996,-68634.06545454534,16.74,205902.19636363626,1.0,0.05584887234106617,33.76,0.0,0.29999855,0.6830987,0.643339,0.3899995654821396,0.5049296021461487,0.4930016934871673
0.32545268912311737,0.26502101391115596,0.07627828784659271,51.48,-22878.021818181784,18.36,68634.0654545455,1.0,-0.09674367503891546,33.765,0.0,0.29999855,0.6830987,0.643339,0.3899995654821396,0.5049296021461487,0.4930016934871673
0.325466607306221,0.28371239179398866,0.09081764448577058,50.76,-94371.83999999985,19.98,212336.64000000013,1.0,-0.06622516556291913,33.77,0.0,0.29999855,0.6830987,0.643339,0.3899995654821396,0.5049296021461487,0.4930016934871673
0.3255143099387592,0.3058458554692396,0.10935381700220832,49.86,-20.849780448602846,21.599999999999998,37.52960480748512,1.0,-0.2798547318948934,33.775,0.0,0.29999855,0.6830987,0.643339,0.3899995654821396,0.5049296021461487,0.4930016934871673
0.32626339525264153,0.3229464359812115,0.12492884217674305,48.96,-27354.15652173909,23.04,43766.65043478265,1.0,-0.020447401348924643,33.78,0.0,0.08105307,0.3372452,0.1941489,0.32431592121720315,0.4011735588312149,0.35824466943740846
0.3272072081280847,0.3384505185880633,0.14423415045622842,48.239999999999995,-81618.88864864933,24.3,142833.0551351353,1.0,-0.24933622241889708,33.785000000000004,0.0,0.08105307,0.3372452,0.1941489,0.32431592121720315,0.4011735588312149,0.35824466943740846
0.32907546870817966,0.3518239452989029,0.16261535530318522,47.339999999999996,-107853.53142857125,25.2,107853.53142857125,1.0,-0.020447401348924643,33.79,0.0,0.08105307,0.3372452,0.1941489,0.32431592121720315,0.4011735588312149,0.35824466943740846
0.3298820820748831,0.35525025437681346,0.17723803573289054,46.44,-130168.05517241359,25.74,78100.83310344815,1.0,-0.3714102603228824,33.795,0.0,0.08105307,0.3372452,0.1941489,0.32431592121720315,0.4011735588312149,0.35824466943740846
0.33099307798409927,0.3657130427087958,0.19376011625166903,45.72,-100663.29599999984,25.919999999999998,25165.82399999996,1.0,0.3305154576250331,33.8,0.0,0.3125023,-0.03387273,0.062328897,0.39375068843364713,0.2898381806910038,0.31869866922497747
0.3328346541035562,0.38001582547995216,0.21155324250697952,45.0,-91512.08727272713,25.38,-68634.06545454534,1.0,-0.1577806939909081,33.805,0.0,0.3125023,-0.03387273,0.062328897,0.39375068843364713,0.2898381806910038,0.31869866922497747
0.33401227087072416,0.3948497176597539,0.22504376133796491,44.46,-70778.87999999989,24.48,-117964.79999999981,1.0,0.05584887234106617,33.81,0.0,0.3125023,-0.03387273,0.062328897,0.39375068843364713,0.2898381806910038,0.31869866922497747
0.33529907753884747,0.40080821816434276,0.2387682077777535,43.92,-75497.47199999988,23.04,-201326.59200000018,1.0,-0.08148442030091729,33.815,0.0,0.3125023,-0.03387273,0.062328897,0.39375068843364713,0.2898381806910038,0.31869866922497747
0.3368567648237622,0.4016131883609164,0.2543189838606873,43.559999999999995,-8.171429561001101,21.06,-44.942862585505246,1.0,-0.08148442030091729,33.82,0.0,0.83040607,-0.570387,-0.78962934,0.5491218209266663,0.12888389825820923,0.06311119794845581
0.33753513318609235,0.40728246644371313,0.26659000503332286,43.199999999999996,-27453.626181818137,18.72,-178448.57018181818,1.0,-0.05096591082492097,33.825,0.0,0.83040607,-0.570387,-0.78962934,0.5491218209266663,0.12888389825820923,0.06311119794845581
0.33830274979679514,0.4089703388024622,0.2780983619589031,42.839999999999996,-45756.04363636357,15.84,-366048.34909090895,1.0,0.010071108127071682,33.83,0.0,0.83040607,-0.570387,-0.78962934,0.5491218209266663,0.12888389825820923,0.06311119794845581
0.3394814302032015,0.417873912312498,0.29127589367486323,42.66,-7626.007272727261,12.6,-137268.13090909092,1.0,-0.4019287697988787,33.835,0.0,0.83040607,-0.570387,-0.78962934,0.5491218209266663,0.12888389825820923,0.06311119794845581
0.34013371982414614,0.42391058812208204,0.3025006877797188,42.48,-25165.82399999996,9.18,-478150.656,1.0,-0.08148442030091729,33.84,0.0,0.9441056,-0.2862502,-1.3274376,0.5832316875457764,0.21412493884563447,0.0
0.34102022932202103,0.42528633552128314,0.31188336447156956,42.3,-22878.021818181784,5.58,-457560.43636363634,1.0,-0.23407696768089892,33.845,0.0,0.9441056,-0.2862502,-1.3274376,0.5832316875457764,0.21412493884563447,0.0
0.34156312171707526,0.43429357425640813,0.32140587951070704,42.12,-24354.023225806413,1.6199999999999999,-535788.510967742,1.0,-0.11200292977691362,33.85,0.0,0.9441056,-0.2862502,-1.3274376,0.5832316875457764,0.21412493884563447,0.0
0.3417854147284025,0.42865565368869873,0.32928628737692045,40.14,-276824.06399999955,1.6199999999999999,0.0,1.0,0.19318216498304963,33.855000000000004,0.0,0.9441056,-0.2862502,-1.3274376,0.5832316875457764,0.21412493884563447,0.0
0.3438658288770606,0.4325046415421169,0.33558746304069303,38.879999999999995,-176160.7680000007,3.06,201326.59200000003,1.0,-0.524002807702864,33.86,0.0,0.7865423,-0.11842613,-0.6396662,0.535962688922882,0.26447216123342515,0.10810014009475707
0.3453476099896817,0.4319772869426872,0.3410023595268045,37.44,-34.46841959287091,3.2399999999999998,4.308552449108864,1.0,-0.34089175084688605,33.865,0.0,0.7865423,-0.11842613,-0.6396662,0.535962688922882,0.26447216123342515,0.10810014009475707
0.3474902060173567,0.4295623186596613,0.3444526720187047,36.36,-92445.88408163251,2.88,-30815.294693877542,1.0,0.513626514481011,33.87,0.0,0.7865423,-0.11842613,-0.6396662,0.535962688922882,0.26447216123342515,0.10810014009475707
0.34883190278973386,0.4236506469747082,0.3456824929479888,35.82,-24889.276483516445,1.7999999999999998,-49778.55296703297,1.0,-0.38666951506088054,33.875,0.0,0.7865423,-0.11842613,-0.6396662,0.535962688922882,0.26447216123342515,0.10810014009475707
0.35024628342141134,0.42239806779458516,0.3457358941078687,34.74,-150994.94399999976,1.6199999999999999,-25165.82399999999,1.0,0.2847376934110386,33.88,0.0,1.4034317,-0.0032297745,-0.06593002,0.6,0.2990310676395893,0.2802209950983524
0.3523354429431343,0.4155350528473674,0.34550613434729716,34.019999999999996,-100663.29600000083,1.6199999999999999,0.0,1.0,-0.3561510055848842,33.885,0.0,1.4034317,-0.0032297745,-0.06593002,0.6,0.2990310676395893,0.2802209950983524
0.35325095114707794,0.4125577026548318,0.3445414701593123,33.66,-45756.04363636357,1.6199999999999999,0.0,1.0,0.11688589129305882,33.89,0.0,1.4034317,-0.0032297745,-0.06593002,0.6,0.2990310676395893,0.2802209950983524
0.3546796099825548,0.42001217313591827,0.34278727652430296,33.3,-28489.612075471654,1.6199999999999999,0.0,1.0,0.04058961760306801,33.895,0.0,1.4034317,-0.0032297745,-0.06593002,0.6,0.2990310676395893,0.2802209950983524
0.3578430695028042,0.41879291326838386,0.3418620677438404,33.48,24354.023225806413,1.6199999999999999,0.0,1.0,-0.08148442030091729,33.9,0.0,1.0361192,-0.12631886,0.3321829,0.6,0.2621043428778648,0.39965487420558926
0.36623878983262614,0.4020284939075617,0.34117419331226445,33.66,4.184053069978546,1.6199999999999999,0.0,1.0,-0.24933622241889708,33.905,0.0,1.0361192,-0.12631886,0.3321829,0.6,0.2621043428778648,0.39965487420558926
0.3744263852916624,0.39704384679635263,0.33873728888159915,34.019999999999996,26963.382857142813,1.6199999999999999,0.0,1.0,0.19318216498304963,33.910000000000004,0.0,1.0361192,-0.12631886,0.3321829,0.6,0.2621043428778648,0.39965487420558926
0.3821186639097988,0.39340382871525004,0.33530843578133884,34.74,100663.29600000083,1.6199999999999999,0.0,1.0,-0.09674367503891546,33.915,0.0,1.0361192,-0.12631886,0.3321829,0.6,0.2621043428778648,0.39965487420558926
0.39275120161759286,0.3735492089067548,0.3319430763188049,35.82,141557.75999999978,1.6199999999999999,0.0,1.0,0.04058961760306801,33.92,0.0,-0.24421528,0.37175646,0.13774295,0.22673541605472564,0.41152693927288053,0.341322885453701
0.4032739773807071,0.36817631344831525,0.32429146123626323,36.9,150994.94399999976,1.6199999999999999,0.0,1.0,-0.4019287697988787,33.925,0.0,-0.24421528,0.37175646,0.13774295,0.22673541605472564,0.41152693927288053,0.341322885453701
0.41117130411255504,0.3494210473594687,0.31169505307675277,38.339999999999996,194832.1858064513,1.6199999999999999,0.0,1.0,0.17792291024505147,33.93,0.0,-0.24421528,0.37175646,0.13774295,0.22673541605472564,0.41152693927288053,0.341322885453701
0.41984514987502075,0.3404352430232604,0.29945417553459136,40.14,84828.6202247193,1.6199999999999999,0.0,1.0,-0.29511398663289157,33.935,0.0,-0.24421528,0.37175646,0.13774295,0.22673541605472564,0.41152693927288053,0.341322885453701
0.42735671560307775,0.3325717025267026,0.28706715292772994,41.94,235929.59999999963,1.6199999999999999,0.0,1.0,0.025330362865069844,33.94,0.0,-0.2879417,0.5405469,0.35360053,0.21361749172210692,0.46216406822204587,0.40608015954494475
0.43195846276354405,0.3268792516393668,0.2744820461102914,43.92,259522.56000000052,1.6199999999999999,0.0,1.0,-0.17303994872890627,33.945,0.0,-0.2879417,0.5405469,0.35360053,0.21361749172210692,0.46216406822204587,0.40608015954494475
0.43793042693183054,0.32019443613667586,0.2640907013293555,46.08,51.40370073647053,1.6199999999999999,0.0,1.0,0.1626636555070533,33.95,0.0,-0.2879417,0.5405469,0.35360053,0.21361749172210692,0.46216406822204587,0.40608015954494475
0.4442321530979054,0.31834176343207876,0.25773987042072605,48.239999999999995,181193.93279999972,1.6199999999999999,0.0,1.0,-0.23407696768089892,33.955,0.0,-0.2879417,0.5405469,0.35360053,0.21361749172210692,0.46216406822204587,0.40608015954494475
0.4490168530887943,0.3212913660249376,0.2548138458555406,50.58,316602.30193548434,1.7999999999999998,24354.023225806442,1.0,0.025330362865069844,33.96,0.0,0.3313961,0.5059711,0.69190943,0.39941883087158203,0.4517913222312927,0.5075728297233582
0.45422978007156706,0.3157435714124409,0.2530446035556603,52.739999999999995,301989.8879999995,1.7999999999999998,0.0,1.0,-0.24933622241889708,33.965,0.0,0.3313961,0.5059711,0.69190943,0.39941883087158203,0.4517913222312927,0.5075728297233582
0.45995638428164737,0.31348436152972037,0.2520501484180736,54.9,301989.8880000005,1.98,25165.824000000022,1.0,-0.14252143925290994,33.97,0.0,0.3313961,0.5059711,0.69190943,0.39941883087158203,0.4517913222312927,0.5075728297233582
0.46443621286141307,0.3076878927860514,0.25323088359115387,56.879999999999995,259522.5599999996,2.16,23592.96000000002,1.0,-0.23407696768089892,33.975,0.0,0.3313961,0.5059711,0.69190943,0.39941883087158203,0.4517913222312927,0.5075728297233582
0.4689187966432447,0.3034529544945449,0.2534292235624311,58.68,235929.60000000056,2.6999999999999997,70778.87999999995,1.0,-0.1577806939909081,33.980000000000004,0.0,0.19168496,1.146389,1.3236785,0.3575054883956909,0.6,0.6
0.4743703113392174,0.30187904424893297,0.2534795340259395,60.3,212336.63999999966,3.42,94371.84000000003,1.0,-0.09674367503891546,33.985,0.0,0.19168496,1.146389,1.3236785,0.3575054883956909,0.6,0.6
0.4780763158559121,0.3031660651090685,0.2551216819589616,61.559999999999995,28.46153411997863,4.32,20.329667228556204,1.0,0.010071108127071682,33.99,0.0,0.19168496,1.146389,1.3236785,0.3575054883956909,0.6,0.6
0.47804433463937207,0.30849103103751274,0.2561819183317647,62.46,25679.41224489812,5.3999999999999995,30815.294693877528,1.0,-0.23407696768089892,33.995,0.0,0.19168496,1.146389,1.3236785,0.3575054883956909,0.6,0.6
0.4764407543203568,0.29998185596223365,0.2573164996013123,63.18,86282.82514285701,7.02,194136.3565714286,1.0,-0.09674367503891546,34.0,0.0,-0.50001526,1.6937219,1.8973452,0.14999542236328126,0.6,0.6
0.4763494067316924,0.3048162822360294,0.26257081241832186,63.36,22205.138823529378,8.64,199846.24941176482,1.0,-0.3714102603228824,34.005,0.0,-0.50001526,1.6937219,1.8973452,0.14999542236328126,0.6,0.6
0.4745968051307026,0.2962855321428669,0.2714952866612363,63.36,0.0,10.44,251658.23999999985,1.0,0.0863673818170625,34.01,0.0,-0.50001526,1.6937219,1.8973452,0.14999542236328126,0.6,0.6
0.47250059667394584,0.30089212947030497,0.2795385010500011,63.36,0.0,12.059999999999999,205902.19636363626,1.0,-0.23407696768089892,34.015,0.0,-0.50001526,1.6937219,1.8973452,0.14999542236328126,0.6,0.6
0.4719539271819836,0.2971484710265715,0.28829184584659845,63.18,-24354.023225806413,13.32,170478.16258064538,1.0,-0.2798547318948934,34.02,0.0,-1.2539299,2.095802,1.5369573,0.0,0.6,0.6
0.47048888211878354,0.30033659790065875,0.29993786068154055,63.0,-22878.021818181784,13.86,68634.06545454534,1.0,-0.3714102603228824,34.025,0.0,-1.2539299,2.095802,1.5369573,0.0,0.6,0.6
0.46846611606909505,0.31421776405746926,0.3095818002430301,63.0,0.0,13.68,-24354.023225806413,1.0,-0.1577806939909081,34.03,0.0,-1.2539299,2.095802,1.5369573,0.0,0.6,0.6
0.46587123135195857,0.31625911770002235,0.31835978624555755,62.82,-4.471380547954934,12.959999999999999,-17.88552219181978,1.0,-0.34089175084688605,34.035000000000004,0.0,-1.2539299,2.095802,1.5369573,0.0,0.6,0.6
0.4624845076766612,0.32566836652238396,0.3307294108857272,62.82,0.0,11.7,-60745.09241379309,1.0,0.10162663655506066,34.04,0.0,-1.2728895,1.6637576,1.2721852,0.0,0.6,0.6
0.4548576791994132,0.32529003034376797,0.34273061999962856,62.82,0.0,9.9,-50669.44429530198,1.0,-0.035706656086922806,34.045,0.0,-1.2728895,1.6637576,1.2721852,0.0,0.6,0.6
0.4483047205702215,0.331352063180935,0.35184669332352453,62.64,-11268.279402985057,7.92,-123951.07343283585,1.0,0.10162663655506066,34.05,0.0,-1.2728895,1.6637576,1.2721852,0.0,0.6,0.6
0.44282169168514357,0.35509125543699166,0.362631310534132,62.099999999999994,-66615.416470589,5.9399999999999995,-244256.5270588236,1.0,-0.3714102603228824,34.055,0.0,-1.2728895,1.6637576,1.2721852,0.0,0.6,0.6
0.43395621101888476,0.36086425720404947,0.37518762990249455,61.379999999999995,-83886.07999999987,3.78,-251658.23999999996,1.0,-0.21881771294290076,34.06,0.0,-0.99440634,0.10305992,1.2163619,0.0016780972480773925,0.3309179753065109,0.6
0.42502707305705384,0.3760856223026749,0.38499322388447793,60.3,-133230.83294117625,1.7999999999999998,-244256.52705882353,1.0,-0.17303994872890627,34.065,0.0,-0.99440634,0.10305992,1.2163619,0.0016780972480773925,0.3309179753065109,0.6
0.4187123641351997,0.3884511551271788,0.3950735959592647,58.14,-274536.2618181814,1.7999999999999998,0.0,1.0,-0.05096591082492097,34.07,0.0,-0.99440634,0.10305992,1.2163619,0.0016780972480773925,0.3309179753065109,0.6
0.4092769004807313,0.40066637541553585,0.4054897583875416,55.98,-48.81433573102732,2.34,12.20358393275681,1.0,-0.4782250434888695,34.075,0.0,-0.99440634,0.10305992,1.2163619,0.0016780972480773925,0.3309179753065109,0.6
0.3930781081480696,0.4068968157421338,0.41432971132075913,53.28,-176947.19999999972,2.16,-11796.479999999981,1.0,0.19318216498304963,34.08,0.0,-0.9414048,-0.56482685,0.8668896,0.017578554153442384,0.13055194616317747,0.5600668787956238
0.3777897586259635,0.4080511664430791,0.42173765950220743,50.76,-285666.1102702706,1.7999999999999998,-40809.44432432436,1.0,-0.08148442030091729,34.085,0.0,-0.9414048,-0.56482685,0.8668896,0.017578554153442384,0.13055194616317747,0.5600668787956238
0.36298580516890283,0.4156423367856542,0.4290153503562051,47.879999999999995,-389664.37161290355,1.6199999999999999,-24354.023225806442,1.0,-0.035706656086922806,34.09,0.0,-0.9414048,-0.56482685,0.8668896,0.017578554153442384,0.13055194616317747,0.5600668787956238
0.34505674119944374,0.4220220629102145,0.4350979861218469,44.64,-438372.41806451546,1.6199999999999999,0.0,1.0,-0.09674367503891546,34.095,0.0,-0.9414048,-0.56482685,0.8668896,0.017578554153442384,0.13055194616317747,0.5600668787956238
0.32968881209196854,0.4263721652538208,0.4399064222064487,41.4,-399692.49882352963,1.6199999999999999,0.0,1.0,-0.005188146610926481,34.1,0.0,0.5671108,-0.9274777,1.0613812,0.4701332330703735,0.021756684780120848,0.6
0.31616856243941144,0.42959582178522576,0.44473625445508264,37.98,-117578.03016393448,1.6199999999999999,0.0,1.0,-0.17303994872890627,34.105000000000004,0.0,0.5671108,-0.9274777,1.0613812,0.4701332330703735,0.021756684780120848,0.6
0.3001015465134638,0.4374519467000587,0.448525608799612,34.56,-243127.45220338946,1.6199999999999999,0.0,1.0,0.05584887234106617,34.11,0.0,0.5671108,-0.9274777,1.0613812,0.4701332330703735,0.021756684780120848,0.6
0.2810360458061919,0.4431253988685773,0.45170583044869217,31.14,-462726.4412903228,1.6199999999999999,0.0,1.0,0.04058961760306801,34.115,0.0,0.5671108,-0.9274777,1.0613812,0.4701332330703735,0.021756684780120848,0.6
0.259626097479321,0.44178735300642885,0.4551454882304741,27.54,-87.53888305920961,1.6199999999999999,0.0,1.0,0.05584887234106617,34.12,0.0,0.439359,-0.7835827,-1.0222181,0.4318077027797699,0.0649251937866211,0.0
0.23784017420839842,0.4410693724098452,0.4579987495548747,24.119999999999997,-217341.2072727274,1.6199999999999999,0.0,1.0,-0.18829920346690443,34.125,0.0,0.439359,-0.7835827,-1.0222181,0.4318077027797699,0.0649251937866211,0.0
0.21615977071423537,0.4521960201286698,0.4602047158206478,20.52,-133623.84424778752,1.6199999999999999,0.0,1.0,-0.005188146610926481,34.13,0.0,0.439359,-0.7835827,-1.0222181,0.4318077027797699,0.0649251937866211,0.0
0.19545359993766606,0.45176714499172876,0.4629978210067008,17.099999999999998,-377487.36000000016,1.6199999999999999,0.0,1.0,-0.05096591082492097,34.135,0.0,0.439359,-0.7835827,-1.0222181,0.4318077027797699,0.0649251937866211,0.0
0.17559694774243645,0.4512104438168438,0.46555093344984677,13.68,-448266.23999999976,1.6199999999999999,0.0,1.0,0.025330362865069844,34.14,20.0,0.8965423,-0.4091525,0.06297459,0.5689626932144165,0.17725424766540526,0.3188923761248588
0.15769916447586158,0.4435647467599289,0.46713959247386033,10.26,-409843.4194285714,1.44,-21570.706285714277,1.0,-0.005188146610926481,34.145,20.0,0.8965423,-0.4091525,0.06297459,0.5689626932144165,0.17725424766540526,0.3188923761248588
0.14057385026644167,0.44826747356629226,0.46958964223370175,7.199999999999999,-377487.36000000004,1.44,0.0,1.0,-0.005188146610926481,34.15,20.0,0.8965423,-0.4091525,0.06297459,0.5689626932144165,0.17725424766540526,0.3188923761248588
0.12664882549009104,0.44597096299919625,0.47170326182249744,4.32,-377487.35999999987,5.04,471859.2,1.0,4.770958586382665,34.155,20.0,0.8965423,-0.4091525,0.06297459,0.5689626932144165,0.17725424766540526,0.3188923761248588
0.11283188734897057,0.439051947470861,0.47504716117324,2.52,-40.66415240680596,8.64,81.32830481361192,1.0,-3.1180761131626067,34.160000000000004,8.522882461547852,0.5944997,-0.462249,-1.5567579,0.47834991216659545,0.1613252967596054,0.0
0.10049946025673535,0.4324628810073735,0.47963917901419956,2.16,-21266.893521126753,8.64,0.0,1.0,3.9316995757927113,34.165,8.522882461547852,0.5944997,-0.462249,-1.5567579,0.47834991216659545,0.1613252967596054,0.0
0.09816157155510472,0.43336450251656355,0.4822764558881489,2.88,79471.02315789471,5.76,-317884.092631579,1.0,14.582659382915761,34.17,8.522882461547852,0.5944997,-0.462249,-1.5567579,0.47834991216659545,0.1613252967596054,0.0
0.10045742896638786,0.44174014878130385,0.48229460686178344,4.5,199846.24941176473,4.859999999999999,-111025.6941176471,1.0,2.2379222998748602,34.175000000000004,8.522882461547852,0.5944997,-0.462249,-1.5567579,0.47834991216659545,0.1613252967596054,0.0
0.0989353356766651,0.4342940272454613,0.4830440856261277,6.66,301989.88800000004,1.7999999999999998,-427819.008,1.0,-1.9125949888607519,34.18,0.0,0.5421164,-0.12705092,-1.8531129,0.4626349210739136,0.26188472360372544,0.0
0.09981570456434265,0.4310760855163782,0.4848783168404493,7.56,117964.79999999993,1.7999999999999998,0.0,1.0,2.314218573564851,34.185,0.0,0.5421164,-0.12705092,-1.8531129,0.4626349210739136,0.26188472360372544,0.0
0.1217088369226694,0.4093312890217006,0.48694094860662773,9.36,228780.21818181817,2.16,45756.043636363676,1.0,-2.187261574144719,34.19,0.0,0.5421164,-0.12705092,-1.8531129,0.4626349210739136,0.26188472360372544,0.0
0.13897703054804356,0.38877374297436174,0.48644666572334844,11.16,235929.6000000001,1.44,-94371.84000000003,1.0,0.7882930997650348,34.195,0.0,0.5421164,-0.12705092,-1.8531129,0.4626349210739136,0.26188472360372544,0.0
0.15546282193845493,0.37418470234961393,0.4847009352691892,12.42,165150.71999999997,1.6199999999999999,23592.959999999992,1.0,-0.6613361003448475,34.2,0.0,0.7448379,0.32689914,-0.8728382,0.5234513640403747,0.39806974232196807,0.03814854025840759
0.17398133598285476,0.3655451479288463,0.48479668127802933,14.219999999999999,41.750754580294064,1.6199999999999999,0.0,1.0,0.5441450239570074,34.205,0.0,0.7448379,0.32689914,-0.8728382,0.5234513640403747,0.39806974232196807,0.03814854025840759
0.19530718160290325,0.34076326264050205,0.48358696570656773,16.2,100056.89060240967,1.6199999999999999,0.0,1.0,-0.6460768456068493,34.21,0.0,0.7448379,0.32689914,-0.8728382,0.5234513640403747,0.39806974232196807,0.03814854025840759
0.21047071898431877,0.32343399738793865,0.48093840204299415,18.0,27453.626181818192,1.6199999999999999,0.0,1.0,0.07110812707906433,34.215,0.0,0.7448379,0.32689914,-0.8728382,0.5234513640403747,0.39806974232196807,0.03814854025840759
0.22676354650928987,0.29942996585895953,0.48114104536185537,19.98,188743.68000000005,1.6199999999999999,0.0,1.0,0.05584887234106617,34.22,0.0,0.74186945,0.06803004,0.79021686,0.5225608348846436,0.32040901109576225,0.5370650589466095
0.24522318949706076,0.29947443775737925,0.47990056978117546,22.14,150994.94400000002,1.6199999999999999,0.0,1.0,-0.41718802453687687,34.225,0.0,0.74186945,0.06803004,0.79021686,0.5225608348846436,0.32040901109576225,0.5370650589466095
0.2601917786794712,0.28724738823632456,0.47066419177150726,24.48,280419.1817142857,1.6199999999999999,0.0,1.0,0.23895992919704412,34.230000000000004,0.0,0.74186945,0.06803004,0.79021686,0.5225608348846436,0.32040901109576225,0.5370650589466095
0.2730017073439776,0.2752550364157188,0.4569069862696795,26.82,297414.28363636363,1.6199999999999999,0.0,1.0,-0.43244727927487503,34.235,0.0,0.74186945,0.06803004,0.79021686,0.5225608348846436,0.32040901109576225,0.5370650589466095
0.2897442182311927,0.2601676444205851,0.44339846789957965,29.34,352321.53599999996,1.6199999999999999,0.0,1.0,0.7577745902890385,34.24,0.0,0.40920424,0.659667,1.2385433,0.42276127338409425,0.49790010452270506,0.6
0.3025322155733659,0.2623114820020329,0.42652154364285755,31.86,352321.53599999996,1.6199999999999999,0.0,1.0,-0.5545213171788603,34.245,0.0,0.40920424,0.659667,1.2385433,0.42276127338409425,0.49790010452270506,0.6
0.31337954868804996,0.25182225581258083,0.4040080546897159,34.379999999999995,60.05583095166386,1.6199999999999999,0.0,1.0,0.2847376934110386,34.25,0.0,0.40920424,0.659667,1.2385433,0.42276127338409425,0.49790010452270506,0.6
0.3253902288173283,0.2572356582230273,0.3783477585581623,37.08,159501.70140845087,1.6199999999999999,0.0,1.0,-0.4019287697988787,34.255,0.0,0.40920424,0.659667,1.2385433,0.42276127338409425,0.49790010452270506,0.6
0.33497731415800713,0.2568822708568007,0.3508676156666988,39.78,91327.5870967743,1.7999999999999998,6088.505806451611,1.0,0.11688589129305882,34.26,0.0,0.6099347,0.14349973,1.67059,0.48298040628433225,0.3430499196052551,0.6
0.3423829270787401,0.2598133517983982,0.323794538993334,42.48,323560.5942857138,1.7999999999999998,0.0,1.0,-0.26459547715689524,34.265,0.0,0.6099347,0.14349973,1.67059,0.48298040628433225,0.3430499196052551,0.6
0.35223437708089333,0.2668580536683643,0.29637678720962574,45.18,353894.4000000004,1.7999999999999998,0.0,1.0,-0.020447401348924643,34.27,0.0,0.6099347,0.14349973,1.67059,0.48298040628433225,0.3430499196052551,0.6
0.36082646060750906,0.26789995691790797,0.2708735103257878,47.879999999999995,323560.5942857138,1.7999999999999998,0.0,1.0,0.05584887234106617,34.275,0.0,0.6099347,0.14349973,1.67059,0.48298040628433225,0.3430499196052551,0.6
0.36740367748953223,0.2577164080562592,0.24649494067543248,50.4,301989.8880000004,1.98,21570.706285714306,1.0,-0.2035584582049026,34.28,0.0,-0.03996195,0.5959588,1.7368534,0.2880114153027534,0.4787876486778259,0.6
0.3760513594672644,0.26813212373961104,0.2252300324661814,52.739999999999995,297414.28363636316,2.16,22878.021818181838,1.0,-0.06622516556291913,34.285000000000004,0.0,-0.03996195,0.5959588,1.7368534,0.2880114153027534,0.4787876486778259,0.6
0.38517092997956937,0.26739931691812024,0.21186255828014766,55.08,54.42194561504688,2.6999999999999997,12.558910526549251,1.0,-0.17303994872890627,34.29,0.0,-0.03996195,0.5959588,1.7368534,0.2880114153027534,0.4787876486778259,0.6
0.3919508462914095,0.2724935572915928,0.20840654928882146,57.059999999999995,136142.98229508175,3.42,49506.53901639346,1.0,-0.08148442030091729,34.295,0.0,-0.03996195,0.5959588,1.7368534,0.2880114153027534,0.4787876486778259,0.6
0.3994815759181638,0.26119163072232443,0.2060009861735553,58.68,199846.24941176525,4.5,133230.8329411765,1.0,-0.2798547318948934,34.300000000000004,0.0,-0.05138597,1.1117159,2.7743113,0.2845842093229294,0.6,0.6
0.40748220135063484,0.27355640866141423,0.20452365320425053,59.94,165150.71999999974,6.12,212336.64,1.0,-0.18829920346690443,34.305,0.0,-0.05138597,1.1117159,2.7743113,0.2845842093229294,0.6,0.6
0.41318895472670975,0.2718239954781313,0.21321449143307586,60.839999999999996,125829.1199999998,8.1,276824.06399999995,1.0,-0.1577806939909081,34.31,0.0,-0.05138597,1.1117159,2.7743113,0.2845842093229294,0.6,0.6
0.4176153015850621,0.28225913616327875,0.22779447447714685,61.199999999999996,45756.04363636357,10.44,297414.28363636363,1.0,-0.29511398663289157,34.315,0.0,-0.05138597,1.1117159,2.7743113,0.2845842093229294,0.6,0.6
0.42092049284767946,0.29898990386232666,0.2429562196270888,61.379999999999995,6926.373577981641,12.959999999999999,96969.2300917431,1.0,0.17792291024505147,34.32,0.0,-0.3455435,1.5375147,2.9591436,0.19633694887161254,0.6,0.6
0.42285983965481216,0.30382291252429805,0.26000332044090274,61.379999999999995,0.0,15.479999999999999,352321.53599999996,1.0,-0.21881771294290076,34.325,0.0,-0.3455435,1.5375147,2.9591436,0.19633694887161254,0.6,0.6
0.42512229939027596,0.3186007944760571,0.27855290136832184,61.019999999999996,-48708.04645161283,17.64,292248.2787096777,1.0,0.04058961760306801,34.33,0.0,-0.3455435,1.5375147,2.9591436,0.19633694887161254,0.6,0.6
0.42725691566209034,0.32346467253414046,0.29439424200630204,60.839999999999996,-4.2672502727175035,18.72,25.60350163630502,1.0,0.04058961760306801,34.335,0.0,-0.3455435,1.5375147,2.9591436,0.19633694887161254,0.6,0.6
0.428701305021791,0.3286068723715829,0.30931503469395205,60.839999999999996,0.0,18.72,0.0,1.0,-0.005188146610926481,34.34,0.0,-1.0092485,1.9308634,2.0074937,0.0,0.6,0.6
0.4289186331720064,0.33384453434581823,0.32493794838664997,60.839999999999996,0.0,17.82,-83886.07999999987,1.0,-0.34089175084688605,34.345,0.0,-1.0092485,1.9308634,2.0074937,0.0,0.6,0.6
0.4287672069617253,0.3432814358704321,0.33685295545161925,60.839999999999996,0.0,16.38,-163237.77729729743,1.0,-0.08148442030091729,34.35,0.0,-1.0092485,1.9308634,2.0074937,0.0,0.6,0.6
0.4284114333777374,0.34958219193959456,0.3474968162524742,60.839999999999996,0.0,14.219999999999999,-274536.26181818184,1.0,-0.524002807702864,34.355000000000004,0.0,-1.0092485,1.9308634,2.0074937,0.0,0.6,0.6
0.42702648081186817,0.34074293581599724,0.35919446645749487,60.839999999999996,0.0,11.52,-343170.32727272715,1.0,0.07110812707906433,34.36,0.0,-1.346214,1.6529894,1.7119628,0.0,0.6,0.6
0.42597795871368394,0.34893960759611825,0.3687942158700489,60.66,-22878.021818181784,8.459999999999999,-388926.37090909097,1.0,-0.4934842982268677,34.365,0.0,-1.346214,1.6529894,1.7119628,0.0,0.6,0.6
0.42594695893307016,0.3620794405822935,0.37632210980160496,60.3,-47185.919999999925,5.22,-424673.2799999999,1.0,-0.14252143925290994,34.37,0.0,-1.346214,1.6529894,1.7119628,0.0,0.6,0.6
0.4251262444362924,0.36874809994460567,0.3848116427723941,59.58,-16.523488652032103,1.98,-74.35569893414457,1.0,0.07110812707906433,34.375,0.0,-1.346214,1.6529894,1.7119628,0.0,0.6,0.6
0.4249091024982807,0.38359520840869227,0.392771545489821,57.419999999999995,-129424.23771428593,1.7999999999999998,-10785.353142857153,1.0,0.23895992919704412,34.38,0.0,-1.2868644,0.27454787,1.9405924,0.0,0.3823643624782562,0.6
0.4267049629852062,0.38993251202039614,0.4014066375314051,55.44,-251658.2399999996,2.88,137268.13090909092,1.0,-0.6308175908688511,34.385,0.0,-1.2868644,0.27454787,1.9405924,0.0,0.3823643624782562,0.6
0.4280952652945414,0.40067452037825074,0.41019703624097686,53.1,-306708.4799999995,2.52,-47185.919999999984,1.0,-0.3561510055848842,34.39,0.0,-1.2868644,0.27454787,1.9405924,0.0,0.3823643624782562,0.6
0.4269897783278315,0.4120841434959767,0.41796918684713774,51.12,-91260.68043956062,1.6199999999999999,-41482.12747252748,1.0,-0.08148442030091729,34.395,0.0,-1.2868644,0.27454787,1.9405924,0.0,0.3823643624782562,0.6
0.420794237556344,0.40633248625488877,0.4233226460618047,48.6,-301989.8879999995,1.6199999999999999,0.0,1.0,0.025330362865069844,34.4,0.0,0.39805803,-0.9141767,2.3486278,0.41941740810871125,0.025746989250183105,0.6
0.41395806389441603,0.4185362855409409,0.42904535229375707,46.44,-274536.2618181823,1.6199999999999999,0.0,1.0,-0.12726218451491178,34.405,0.0,0.39805803,-0.9141767,2.3486278,0.41941740810871125,0.025746989250183105,0.6
0.4018389900443048,0.4215411946854543,0.43458987262545684,43.92,-320292.30545454496,1.6199999999999999,0.0,1.0,-0.11200292977691362,34.410000000000004,0.0,0.39805803,-0.9141767,2.3486278,0.41941740810871125,0.025746989250183105,0.6
0.383772026618633,0.4305068458739662,0.43821408456198063,41.4,-340956.32516129076,1.6199999999999999,0.0,1.0,0.025330362865069844,34.415,0.0,0.39805803,-0.9141767,2.3486278,0.41941740810871125,0.025746989250183105,0.6
0.3673361546276334,0.42840892941969094,0.442216721383171,38.879999999999995,-61.33838263200968,1.6199999999999999,0.0,1.0,-0.020447401348924643,34.42,0.0,1.5232122,-1.3416928,-0.70630604,0.6,0.0,0.08810818791389464
0.35090838492309084,0.4370235953463944,0.446150104423459,36.36,-165150.71999999974,1.6199999999999999,0.0,1.0,-0.11200292977691362,34.425000000000004,0.0,1.5232122,-1.3416928,-0.70630604,0.6,0.0,0.08810818791389464
0.3313898972030122,0.43820750684514614,0.44905925003817126,34.019999999999996,-65431.1424000001,1.6199999999999999,0.0,1.0,-0.035706656086922806,34.43,0.0,1.5232122,-1.3416928,-0.70630604,0.6,0.0,0.08810818791389464
0.307452935933328,0.4337977077560846,0.4518904949985958,31.5,-285666.1102702698,1.6199999999999999,0.0,1.0,-0.05096591082492097,34.435,0.0,1.5232122,-1.3416928,-0.70630604,0.6,0.0,0.08810818791389464
0.28287767882599835,0.4345636483009083,0.4550218592102272,28.799999999999997,-377487.3600000004,1.6199999999999999,0.0,1.0,-0.05096591082492097,34.44,0.0,1.7800304,-0.99080324,-0.18001363,0.6,0.0027590274810791013,0.24599591195583342
0.2575371259393903,0.43872011338383304,0.45729244376828065,26.279999999999998,-310871.9435294117,1.6199999999999999,0.0,1.0,-0.12726218451491178,34.445,0.0,1.7800304,-0.99080324,-0.18001363,0.6,0.0027590274810791013,0.24599591195583342
0.23338722245398766,0.43901315123918655,0.45992161870665704,23.759999999999998,-330301.43999999994,1.6199999999999999,0.0,1.0,-0.21881771294290076,34.45,0.0,1.7800304,-0.99080324,-0.18001363,0.6,0.0027590274810791013,0.24599591195583342
0.21031110683847418,0.4439937435453405,0.46263695935295546,21.06,-353894.3999999999,1.6199999999999999,0.0,1.0,-0.020447401348924643,34.455,0.0,1.7800304,-0.99080324,-0.18001363,0.6,0.0027590274810791013,0.24599591195583342
0.18980015821303498,0.44777173337412723,0.46469042554005197,18.54,-57.06844166081744,1.6199999999999999,0.0,1.0,0.07110812707906433,34.46,20.0,1.0244321,-0.87156475,-1.322932,0.6,0.038530576229095455,0.0
0.17019996060769943,0.45033083965383397,0.4665081351799347,15.84,-213672.0905660377,1.6199999999999999,0.0,1.0,-0.09674367503891546,34.465,20.0,1.0244321,-0.87156475,-1.322932,0.6,0.038530576229095455,0.0
0.1551802264040252,0.44502596775530784,0.4688818827302533,13.139999999999999,-120474.68936170217,1.6199999999999999,0.0,1.0,0.10162663655506066,34.47,20.0,1.0244321,-0.87156475,-1.322932,0.6,0.038530576229095455,0.0
0.15067527732771122,0.4468247189609175,0.4709864699129704,10.62,-340956.32516129024,1.44,-24354.023225806442,1.0,-0.05096591082492097,34.475,20.0,1.0244321,-0.87156475,-1.322932,0.6,0.038530576229095455,0.0
0.14980973825294566,0.4498972680831611,0.47333791834406014,8.28,-338436.94344827585,1.44,0.0,1.0,0.19318216498304963,34.480000000000004,8.522882461547852,1.1703284,-0.95011556,-0.938951,0.6,0.01496533155441284,0.018314695358276366
0.1500357367551791,0.4430632195101647,0.47619782241809067,6.12,-266461.66588235286,1.44,0.0,1.0,18.32117679372542,34.485,8.522882461547852,1.1703284,-0.95011556,-0.938951,0.6,0.01496533155441284,0.018314695358276366
0.15550905980635604,0.43869771762164833,0.47875658350216765,4.859999999999999,-176160.7680000001,4.5,427819.00800000003,1.0,0.5899227881710019,34.49,8.522882461547852,1.1703284,-0.95011556,-0.938951,0.6,0.01496533155441284,0.018314695358276366
0.17276515544620752,0.4443591143628518,0.4807507158137532,4.859999999999999,0.0,4.32,-22878.021818181784,1.0,0.04058961760306801,34.495,8.522882461547852,1.1703284,-0.95011556,-0.938951,0.6,0.01496533155441284,0.018314695358276366
0.18777284527372776,0.42408658852175735,0.4789962788859628,6.12,170478.16258064526,1.7999999999999998,-340956.3251612904,1.0,9.88280892361216,34.5,0.0,1.0379905,-1.4111735,-1.7919129,0.6,0.0,0.0
0.20030275264204936,0.39182409405392976,0.4773002127682018,7.739999999999999,39.41854955765045,1.44,-8.75967767947788,1.0,-0.2035584582049026,34.505,0.0,1.0379905,-1.4111735,-1.7919129,0.6,0.0,0.0
0.219454192754294,0.36133205348565484,0.4768935503989627,9.719999999999999,44174.052765957436,1.44,0.0,1.0,0.6204412976469982,34.51,0.0,1.0379905,-1.4111735,-1.7919129,0.6,0.0,0.0
0.23819720120120302,0.33807173780014477,0.47352231892354385,11.879999999999999,139379.9483076923,1.6199999999999999,11614.995692307688,1.0,-0.11200292977691362,34.515,0.0,1.0379905,-1.4111735,-1.7919129,0.6,0.0,0.0
0.25211992093897084,0.30675850834752527,0.47165400517633055,14.219999999999999,272629.76,1.6199999999999999,0.0,1.0,0.4068117313150239,34.52,0.0,1.1169595,-1.8511554,-1.167028,0.6,0.0,0.0
0.2696159485836509,0.2803902130297208,0.4708207772672964,16.919999999999998,390504.1655172413,1.44,-26033.61103448275,1.0,-0.34089175084688605,34.525,0.0,1.1169595,-1.8511554,-1.167028,0.6,0.0,0.0
0.28610275215331393,0.2551238383189653,0.4632431532335458,19.98,237677.22666666683,1.6199999999999999,13981.013333333329,1.0,0.26947843867304044,34.53,0.0,1.1169595,-1.8511554,-1.167028,0.6,0.0,0.0
0.2983453867835814,0.2335861717732336,0.4475707950987,23.04,388926.37090909074,1.6199999999999999,0.0,1.0,-0.05096591082492097,34.535000000000004,0.0,1.1169595,-1.8511554,-1.167028,0.6,0.0,0.0
0.3120632223171689,0.21014473481721047,0.4313868961598114,26.459999999999997,478150.6559999997,1.6199999999999999,0.0,1.0,-0.2035584582049026,34.54,0.0,0.8029629,-1.5019774,-1.6011707,0.5408888697624207,0.0,0.0
0.32677003078982253,0.18902246225877828,0.41562319464050446,30.06,81.76916711794652,1.6199999999999999,0.0,1.0,-0.17303994872890627,34.545,0.0,0.8029629,-1.5019774,-1.6011707,0.5408888697624207,0.0,0.0
0.33784830301549196,0.17252938832703352,0.3971929063368814,33.66,279620.2666666665,1.6199999999999999,0.0,1.0,-0.21881771294290076,34.550000000000004,0.0,0.8029629,-1.5019774,-1.6011707,0.5408888697624207,0.0,0.0
0.3492545150888117,0.16959543704773117,0.3805705739563067,37.44,495452.16000000015,1.6199999999999999,0.0,1.0,-0.18829920346690443,34.555,0.0,0.8029629,-1.5019774,-1.6011707,0.5408888697624207,0.0,0.0
0.3615173877440993,0.15977007591767292,0.3658661342834547,41.22,511434.48774193565,1.6199999999999999,0.0,1.0,-0.29511398663289157,34.56,0.0,0.97095346,-1.7567042,-0.38741264,0.591286039352417,0.0,0.18377620875835418
0.37160061077621076,0.15359269873527362,0.34946247624053856,45.18,572739.4427586208,1.6199999999999999,0.0,1.0,-0.005188146610926481,34.565,0.0,0.97095346,-1.7567042,-0.38741264,0.591286039352417,0.0,0.18377620875835418
0.38106647143723676,0.1499256621552408,0.33443555477780684,48.96,528482.3040000001,1.6199999999999999,0.0,1.0,-0.14252143925290994,34.57,0.0,0.97095346,-1.7567042,-0.38741264,0.591286039352417,0.0,0.18377620875835418
0.3909639023114298,0.1397192655668893,0.3210050918217128,53.1,163815.2694339623,1.7999999999999998,7122.403018867922,1.0,0.23895992919704412,34.575,0.0,0.97095346,-1.7567042,-0.38741264,0.591286039352417,0.0,0.18377620875835418
0.39937373967114587,0.12554598328884306,0.30672435463971187,56.879999999999995,528482.3039999992,1.7999999999999998,0.0,1.0,0.1626636555070533,34.58,0.0,0.29746634,-1.2341973,-1.0523201,0.38923990130424496,0.0,0.0
0.4071334532540434,0.11407590688118921,0.28907986493721805,60.839999999999996,535788.5109677421,1.7999999999999998,0.0,1.0,-0.14252143925290994,34.585,0.0,0.29746634,-1.2341973,-1.0523201,0.38923990130424496,0.0,0.0
0.41509520468917366,0.11358633634222777,0.2702102659981863,64.62,92.44426698075273,1.7999999999999998,0.0,1.0,0.05584887234106617,34.59,0.0,0.29746634,-1.2341973,-1.0523201,0.38923990130424496,0.0,0.0
0.42232895376598095,0.09326854488762604,0.24956050313770076,68.39999999999999,240219.22909090825,1.98,11439.010909090919,1.0,-0.23407696768089892,34.595,0.0,0.29746634,-1.2341973,-1.0523201,0.38923990130424496,0.0,0.0
0.4291734326589307,0.07695432152767848,0.22909252516976797,71.82,134060.9315887851,2.34,14111.677009345789,1.0,-0.035706656086922806,34.6,0.0,0.5013226,-1.4239962,0.19548893,0.45039678812026973,0.0,0.35864667892456054
0.4360543513369258,0.06608990608135328,0.20852926019344745,75.24,421897.63764705905,2.6999999999999997,44410.27764705881,1.0,-0.1577806939909081,34.605000000000004,0.0,0.5013226,-1.4239962,0.19548893,0.45039678812026973,0.0,0.35864667892456054
0.44275747095820445,0.06775628232098459,0.18939723033598801,78.3,414018.39483870997,3.5999999999999996,121770.11612903225,1.0,0.04058961760306801,34.61,0.0,0.5013226,-1.4239962,0.19548893,0.45039678812026973,0.0,0.35864667892456054
0.44813088202180695,0.06753637963528188,0.171071074545126,81.17999999999999,366048.34909090854,4.68,137268.13090909092,1.0,-0.26459547715689524,34.615,0.0,0.5013226,-1.4239962,0.19548893,0.45039678812026973,0.0,0.35864667892456054
0.4533721836412407,0.054643723731825175,0.15445920366120475,83.52,288666.8047058828,6.3,199846.24941176473,1.0,0.1626636555070533,34.62,0.0,-0.13436995,-0.9715835,-0.67548823,0.25968901365995406,0.008524954319000244,0.09735352993011474
0.4580452220409885,0.05351090307919635,0.1386354576791367,85.5,267894.2554838715,8.64,316602.301935484,1.0,-0.34089175084688605,34.625,0.0,-0.13436995,-0.9715835,-0.67548823,0.25968901365995406,0.008524954319000244,0.09735352993011474
0.46156140477252955,0.04007064298131175,0.12481956189111323,86.94,194832.1858064513,11.52,389664.3716129031,1.0,0.07110812707906433,34.63,0.0,-0.13436995,-0.9715835,-0.67548823,0.25968901365995406,0.008524954319000244,0.09735352993011474
0.46536400230587666,0.02422750045738691,0.11246972988107555,87.84,20.45358965745199,15.299999999999999,85.90507656129779,1.0,-0.035706656086922806,34.635,0.0,-0.13436995,-0.9715835,-0.67548823,0.25968901365995406,0.008524954319000244,0.09735352993011474
0.4695580041904224,0.032132678595724794,0.10579285575063042,88.02,9556.642025316063,19.62,229359.40860759505,1.0,0.10162663655506066,34.64,0.0,-0.8127049,-0.25117135,0.998683,0.05618852376937866,0.2246485948562622,0.5996048927307128
0.4715432143236149,0.019107973639856682,0.1050824032469216,87.84,-21570.7062857134,24.48,582409.0697142857,1.0,-0.11200292977691362,34.645,0.0,-0.8127049,-0.25117135,0.998683,0.05618852376937866,0.2246485948562622,0.5996048927307128
0.47215460180652935,0.017557602176218257,0.10386406082173323,87.47999999999999,-48708.04645161475,29.52,681912.6503225805,1.0,-0.12726218451491178,34.65,0.0,-0.8127049,-0.25117135,0.998683,0.05618852376937866,0.2246485948562622,0.5996048927307128
0.4725411700974487,0.015671321914595603,0.10389499734371913,86.94,-73062.06967741827,34.379999999999995,657558.6270967736,1.0,-0.26459547715689524,34.655,0.0,-0.8127049,-0.25117135,0.998683,0.05618852376937866,0.2246485948562622,0.5996048927307128
0.4730828400628412,0.015982094779324114,0.10393554508842955,86.22,-91512.08727272713,38.519999999999996,526194.501818182,1.0,-0.005188146610926481,34.660000000000004,0.0,-0.414681,-0.56128097,-0.20324019,0.17559570372104644,0.13161571025848387,0.23902794420719145
0.4725844490846292,0.0019348571758460048,0.10311392017674226,85.67999999999999,-70778.88000000082,41.94,448266.2400000002,1.0,-0.14252143925290994,34.665,0.0,-0.414681,-0.56128097,-0.20324019,0.17559570372104644,0.13161571025848387,0.23902794420719145
0.47202982978414904,-0.011539204607206968,0.1031773275645456,85.5,-25165.823999998967,44.1,301989.8880000005,1.0,-0.035706656086922806,34.67,0.0,-0.414681,-0.56128097,-0.20324019,0.17559570372104644,0.13161571025848387,0.23902794420719145
0.47127410835288247,0.0012507039627529164,0.10592581211562348,85.5,0.0,44.82,16.59905283292656,1.0,-0.38666951506088054,34.675000000000004,0.0,-0.414681,-0.56128097,-0.20324019,0.17559570372104644,0.13161571025848387,0.23902794420719145
0.4700531630122522,-0.0053585997964035684,0.1089785080975248,85.67999999999999,15099.49439999938,44.46,-30198.988799999952,1.0,-0.005188146610926481,34.68,0.0,-0.34738624,-0.65603983,-0.76968974,0.19578412771224976,0.1031880497932434,0.06909307837486267
0.4699443648092759,-0.01091917464489685,0.11125797372509873,85.86,6291.456000000238,43.199999999999996,-44040.19200000018,1.0,-0.020447401348924643,34.685,0.0,-0.34738624,-0.65603983,-0.76968974,0.19578412771224976,0.1031880497932434,0.06909307837486267
0.468799154189798,-0.006003032938918679,0.11737101157847699,86.03999999999999,13481.691428570875,41.76,-107853.53142857125,1.0,-0.005188146610926481,34.69,0.0,-0.34738624,-0.65603983,-0.76968974,0.19578412771224976,0.1031880497932434,0.06909307837486267
0.4673570422795103,-0.0173215862165894,0.12235828421827098,86.03999999999999,0.0,40.14,-226492.41599999965,1.0,-0.2035584582049026,34.695,0.0,-0.34738624,-0.65603983,-0.76968974,0.19578412771224976,0.1031880497932434,0.06909307837486267
0.4664674589770208,-0.006674884491208393,0.12536614571699425,85.86,-24354.023225805453,38.339999999999996,-243540.23225806508,1.0,-0.05096591082492097,34.7,0.0,0.00028973818,-0.67916036,-1.4364556,0.30008692145347593,0.09625189304351807,0.0
0.4661938161692829,-0.01575619809514082,0.13398262773771022,85.5,-48708.04645161283,36.54,-243540.23225806412,1.0,-0.18829920346690443,34.705,0.0,0.00028973818,-0.67916036,-1.4364556,0.30008692145347593,0.09625189304351807,0.0
0.46509130598060894,-0.00461197679672577,0.15115493804779273,85.32,-24354.023225807374,34.379999999999995,-292248.2787096779,1.0,0.010071108127071682,34.71,0.0,0.00028973818,-0.67916036,-1.4364556,0.30008692145347593,0.09625189304351807,0.0
0.4609419495239907,-0.003445513669161601,0.1641521156940229,84.96,-48708.04645161283,32.04,-316602.30193548335,1.0,-0.12726218451491178,34.715,0.0,0.00028973818,-0.67916036,-1.4364556,0.30008692145347593,0.09625189304351807,0.0
0.4531783495746471,0.01739166586943535,0.17634184414752316,84.24,-17.47869426309207,29.7,-56.80575635504931,1.0,-0.020447401348924643,34.72,0.0,-0.16958758,-0.6345475,-1.2561084,0.24912372529506682,0.10963575839996338,0.0
0.44491007493950635,0.02747072656335496,0.1937214915741092,83.7,-31900.34028168967,27.18,-148868.2546478873,1.0,-0.06622516556291913,34.725,0.0,-0.16958758,-0.6345475,-1.2561084,0.24912372529506682,0.10963575839996338,0.0
0.4294364827142787,0.0492586769683991,0.2114784917550363,83.16,-64712.11885714361,24.48,-323560.5942857142,1.0,-0.08148442030091729,34.730000000000004,0.0,-0.16958758,-0.6345475,-1.2561084,0.24912372529506682,0.10963575839996338,0.0
0.41165370423995273,0.040162982473076966,0.22517143487109786,82.25999999999999,-30442.529032258255,21.96,-85239.08129032256,1.0,-0.14252143925290994,34.735,0.0,-0.16958758,-0.6345475,-1.2561084,0.24912372529506682,0.10963575839996338,0.0
0.39475637031843513,0.05033103949306053,0.2346171206264745,81.53999999999999,-91512.08727272713,19.259999999999998,-343170.3272727276,1.0,-0.05096591082492097,34.74,0.0,0.2578335,-0.617846,-1.3497994,0.377350053191185,0.11464619636535645,0.0
0.377246315516999,0.05537234931622067,0.24030948753711992,80.46,-122428.33297297278,16.56,-306070.83243243233,1.0,-0.34089175084688605,34.745,0.0,0.2578335,-0.617846,-1.3497994,0.377350053191185,0.11464619636535645,0.0
0.3597380664184062,0.06761084737246731,0.24238554728462408,79.38,-133230.83294117625,14.04,-310871.9435294117,1.0,-0.11200292977691362,34.75,0.0,0.2578335,-0.617846,-1.3497994,0.377350053191185,0.11464619636535645,0.0
0.3448178964175778,0.06765991976455625,0.2428511321783523,78.3,-141557.75999999978,11.7,-306708.48,1.0,-0.24933622241889708,34.755,0.0,0.2578335,-0.617846,-1.3497994,0.377350053191185,0.11464619636535645,0.0
0.3307565827526339,0.07219722425963408,0.24288141826732754,77.03999999999999,-28.521131385088758,9.18,-57.042262770177274,1.0,-0.09674367503891546,34.76,0.0,0.13648257,-0.67909896,-1.0856173,0.34094476997852324,0.09627031087875366,0.0
0.3181399651395256,0.08662930914564311,0.24227116993797163,75.6,-104134.44413793087,7.02,-156201.66620689657,1.0,-0.020447401348924643,34.765,0.0,0.13648257,-0.67909896,-1.0856173,0.34094476997852324,0.09627031087875366,0.0
0.3079188758188213,0.07905802273317912,0.2407430000665108,74.16,-194832.1858064513,4.68,-316602.3019354839,1.0,0.2084414197210478,34.77,0.0,0.13648257,-0.67909896,-1.0856173,0.34094476997852324,0.09627031087875366,0.0
0.3009044322018366,0.08515498431052605,0.23989156872031556,72.53999999999999,-219186.2090322587,2.6999999999999997,-267894.255483871,1.0,-0.3256324961088879,34.775,0.0,0.13648257,-0.67909896,-1.0856173,0.34094476997852324,0.09627031087875366,0.0
0.29582643713445395,0.09057545870188045,0.23961506438729113,70.38,-312403.3324137926,1.44,-182235.27724137928,1.0,-0.06622516556291913,34.78,0.0,0.62767076,-0.7670381,-0.6286323,0.48830122947692867,0.0698885679244995,0.11141030788421631
0.292933885988314,0.0909299705278162,0.2373062989275332,67.86,-340956.3251612898,2.16,97416.09290322583,1.0,-0.020447401348924643,34.785000000000004,0.0,0.62767076,-0.7670381,-0.6286323,0.48830122947692867,0.0698885679244995,0.11141030788421631
0.2902934032123882,0.09961142832046944,0.23080436110412958,65.16,-323560.5942857146,3.42,150994.944,1.0,-0.08148442030091729,34.79,0.0,0.62767076,-0.7670381,-0.6286323,0.48830122947692867,0.0698885679244995,0.11141030788421631
0.28790793513100643,0.09629834751449624,0.21815586636742956,62.46,-114390.10909090891,4.32,38130.036363636376,1.0,-0.21881771294290076,34.795,0.0,0.62767076,-0.7670381,-0.6286323,0.48830122947692867,0.0698885679244995,0.11141030788421631
0.2858027444233634,0.08966385463031092,0.20299394931572073,59.58,-366048.3490909094,5.58,160146.1527272727,1.0,-0.08148442030091729,34.800000000000004,0.0,0.26523122,-1.0035115,-0.8126811,0.3795693665742874,0.0,0.05619567632675171
0.28512833989761033,0.09462878794711797,0.18539259724130663,56.519999999999996,-74.03249948086113,6.66,26.129117463833325,1.0,-0.020447401348924643,34.805,0.0,0.26523122,-1.0035115,-0.8126811,0.3795693665742874,0.0,0.05619567632675171
0.28517886790290004,0.09023602124343647,0.1684438798934917,53.46,-178257.91999999972,8.1,83886.07999999997,1.0,-0.09674367503891546,34.81,0.0,0.26523122,-1.0035115,-0.8126811,0.3795693665742874,0.0,0.05619567632675171
0.28600258903840736,0.09147447766003398,0.1508594233575681,50.22,-388272.71314285736,9.54,172565.65028571422,1.0,-0.1577806939909081,34.815,0.0,0.26523122,-1.0035115,-0.8126811,0.3795693665742874,0.0,0.05619567632675171
0.2871589785183826,0.09372373774711097,0.135057872511924,46.98,-399692.49882352963,10.799999999999999,155435.97176470584,1.0,-0.14252143925290994,34.82,0.0,0.8319856,-0.8572115,0.11534148,0.5495956778526306,0.042836558818817136,0.3346024431288242
0.28973306910056007,0.0893915567982539,0.12008142554442458,43.92,-414018.39483870903,12.059999999999999,170478.16258064512,1.0,-0.23407696768089892,34.825,0.0,0.8319856,-0.8572115,0.11534148,0.5495956778526306,0.042836558818817136,0.3346024431288242
0.2918889862600027,0.10460423190064194,0.10657526478576167,40.86,-401080.3200000003,12.959999999999999,117964.80000000005,1.0,-0.08148442030091729,34.83,0.0,0.8319856,-0.8572115,0.11534148,0.5495956778526306,0.042836558818817136,0.3346024431288242
0.2945764705643895,0.11264803435196374,0.09346213387134274,37.98,-377487.36000000034,13.86,117964.80000000005,1.0,-0.08148442030091729,34.835,0.0,0.8319856,-0.8572115,0.11534148,0.5495956778526306,0.042836558818817136,0.3346024431288242
0.2984702309248194,0.11752783116366337,0.08139706187825022,35.46,-340956.3251612898,14.219999999999999,48708.04645161283,1.0,0.05584887234106617,34.84,0.0,0.30633378,-1.0947623,-0.9790758,0.3919001340866089,0.0,0.006277263164520264
0.3018434595247899,0.11363317167222788,0.07342342968722024,33.12,-54.21811359945208,14.04,-4.170624123034763,1.0,-0.29511398663289157,34.845,0.0,0.30633378,-1.0947623,-0.9790758,0.3919001340866089,0.0,0.006277263164520264
0.3050929423303791,0.1262090367667234,0.07096173478610031,30.959999999999997,-135219.3528358209,13.5,-33804.83820895517,1.0,-0.09674367503891546,34.85,0.0,0.30633378,-1.0947623,-0.9790758,0.3919001340866089,0.0,0.006277263164520264
0.30892058437777586,0.11700412039254661,0.06861487773230869,29.52,-172565.65028571401,12.059999999999999,-172565.65028571445,1.0,-0.3714102603228824,34.855000000000004,0.0,0.30633378,-1.0947623,-0.9790758,0.3919001340866089,0.0,0.006277263164520264
0.31248485744765014,0.12017049465556326,0.06529121703294567,28.439999999999998,-39389.98539130441,10.08,-72214.97321739125,1.0,-0.12726218451491178,34.86,0.0,0.8562814,-1.1213156,-1.2677459,0.5568844199180603,0.0,0.0
0.31476952474749514,0.12463327166285355,0.06702569884966912,27.9,-70778.87999999989,7.38,-353894.4,1.0,0.025330362865069844,34.865,0.0,0.8562814,-1.1213156,-1.2677459,0.5568844199180603,0.0,0.0
0.3174998321099038,0.12344018025887107,0.06873671436227169,27.9,0.0,3.78,-444102.77647058823,1.0,-0.17303994872890627,34.87,0.0,0.8562814,-1.1213156,-1.2677459,0.5568844199180603,0.0,0.0
0.32179882458232567,0.1158348637381951,0.06908976867002191,27.72,-23592.959999999963,1.08,-353894.39999999997,1.0,-0.24933622241889708,34.875,0.0,0.8562814,-1.1213156,-1.2677459,0.5568844199180603,0.0,0.0
0.32576551515012797,0.11406553882396385,0.07001894136133198,26.82,-117964.79999999981,2.16,141557.76,1.0,0.1626636555070533,34.88,0.0,0.9807596,-1.4111094,-1.2116051,0.5942278861999511,0.0,0.0
0.3299837042706509,0.10593807491319504,0.06957568603031918,26.279999999999998,-75497.47200000037,3.2399999999999998,150994.94399999996,1.0,-0.08148442030091729,34.885,0.0,0.9807596,-1.4111094,-1.2116051,0.5942278861999511,0.0,0.0
0.33969554680263764,0.11394416005807437,0.06915079700121346,26.279999999999998,0.0,3.5999999999999996,8.589751343971326,1.0,-0.2035584582049026,34.89,0.0,0.9807596,-1.4111094,-1.2116051,0.5942278861999511,0.0,0.0
0.35386179619371977,0.11248910926270057,0.07003175186898047,27.0,26259.990260869654,2.88,-26259.990260869556,1.0,-0.38666951506088054,34.895,0.0,0.9807596,-1.4111094,-1.2116051,0.5942278861999511,0.0,0.0
0.36357119336869875,0.10508643507216435,0.0808443096518519,28.259999999999998,88080.38399999986,1.44,-100663.296,1.0,0.2542191839350423,34.9,0.0,1.2988628,-1.6912124,-0.74392676,0.6,0.0,0.07682197093963623
0.3736764228556107,0.09942211801698336,0.09418410891036579,29.16,114390.10909090936,1.6199999999999999,22878.02181818181,1.0,0.05584887234106617,34.905,0.0,1.2988628,-1.6912124,-0.74392676,0.6,0.0,0.07682197093963623
0.3852800568489381,0.10494028340562125,0.1017640269958886,30.599999999999998,188743.6799999997,1.6199999999999999,0.0,1.0,-0.11200292977691362,34.910000000000004,0.0,1.2988628,-1.6912124,-0.74392676,0.6,0.0,0.07682197093963623
0.3927260935095967,0.09545133863332587,0.1047278319112639,32.22,212336.64000000013,1.6199999999999999,0.0,1.0,-0.29511398663289157,34.915,0.0,1.2988628,-1.6912124,-0.74392676,0.6,0.0,0.07682197093963623
0.39729661657921195,0.09536262552675862,0.10757566002456442,34.199999999999996,259522.5599999996,1.6199999999999999,0.0,1.0,-0.18829920346690443,34.92,0.0,1.274207,-1.5384163,-0.57549363,0.6,0.0,0.12735190987586975
0.3997561866619306,0.10124558862509955,0.10865419701846925,36.54,192444.53647058853,1.6199999999999999,0.0,1.0,-0.11200292977691362,34.925000000000004,0.0,1.274207,-1.5384163,-0.57549363,0.6,0.0,0.12735190987586975
0.4003789039644112,0.07394674425249827,0.10845335518361704,38.879999999999995,53.71691556611252,1.6199999999999999,0.0,1.0,-0.035706656086922806,34.93,0.0,1.274207,-1.5384163,-0.57549363,0.6,0.0,0.12735190987586975
0.4024548172056258,0.07048022051205549,0.10884350593040824,41.58,159501.70140845087,1.6199999999999999,0.0,1.0,-0.12726218451491178,34.935,0.0,1.274207,-1.5384163,-0.57549363,0.6,0.0,0.12735190987586975
0.4082854054658654,0.05297878439878026,0.10840158769593236,44.28,306070.83243243274,1.6199999999999999,0.0,1.0,0.0863673818170625,34.94,0.0,1.4601009,-1.8187274,0.3877915,0.6,0.0,0.4163374543190002
0.41451829106395593,0.04722764563764962,0.10588223536310978,47.16,345131.30057142803,1.6199999999999999,0.0,1.0,-0.2035584582049026,34.945,0.0,1.4601009,-1.8187274,0.3877915,0.6,0.0,0.4163374543190002
0.4195211604741317,0.039058270139740864,0.1004561594377084,50.22,89752.23944055951,1.6199999999999999,0.0,1.0,0.025330362865069844,34.95,0.0,1.4601009,-1.8187274,0.3877915,0.6,0.0,0.4163374543190002
0.42749638091479053,0.03645478834406879,0.09185772364063431,53.28,356515.84000000026,1.6199999999999999,0.0,1.0,0.04058961760306801,34.955,0.0,1.4601009,-1.8187274,0.3877915,0.6,0.0,0.4163374543190002
0.43482502214557933,0.023800677013144218,0.08296164685534936,56.339999999999996,356515.83999999944,1.6199999999999999,0.0,1.0,-0.05096591082492097,34.96,0.0,1.1440713,-1.2865119,-0.0068752766,0.6,0.0,0.29793741703033444
0.44043633517000014,0.02025110704370037,0.07502959463114951,59.58,438372.4180645164,1.6199999999999999,0.0,1.0,-0.4782250434888695,34.965,0.0,1.1440713,-1.2865119,-0.0068752766,0.6,0.0,0.29793741703033444
0.44654532658428886,0.02030157369571684,0.07314762364607387,62.82,452984.8320000003,1.6199999999999999,0.0,1.0,-0.14252143925290994,34.97,0.0,1.1440713,-1.2865119,-0.0068752766,0.6,0.0,0.29793741703033444
0.4539326658193151,0.02699338888624672,0.06510579338592482,66.06,79.18946063120605,1.6199999999999999,0.0,1.0,-0.12726218451491178,34.975,0.0,1.1440713,-1.2865119,-0.0068752766,0.6,0.0,0.29793741703033444
0.4581988335259783,0.01876923380865237,0.057640123870290695,69.12,180768.5949295776,1.7999999999999998,10633.446760563376,1.0,-0.005188146610926481,34.980000000000004,0.0,1.2317389,-1.5737123,0.67918235,0.6,0.0,0.5037547051906586
0.46420232597379285,0.004215038417006375,0.0505400301051714,72.17999999999999,116677.91127272682,1.7999999999999998,0.0,1.0,-0.2035584582049026,34.985,0.0,1.2317389,-1.5737123,0.67918235,0.6,0.0,0.5037547051906586
0.46890641587846216,0.0021680887810356427,0.04713633588185353,75.24,346880.276756757,2.16,40809.44432432436,1.0,-0.05096591082492097,34.99,0.0,1.2317389,-1.5737123,0.67918235,0.6,0.0,0.5037547051906586
0.4728002751659321,-0.010415291013308237,0.05100388418292043,78.11999999999999,377487.3599999994,2.52,47185.919999999984,1.0,-0.31037324137088973,34.995,0.0,1.2317389,-1.5737123,0.67918235,0.6,0.0,0.5037547051906586
0.47789387987901405,-0.0012908969272567548,0.051645788087912085,80.64,330301.44000000134,3.06,70778.88,1.0,-0.12726218451491178,35.0,0.0,0.86948705,-1.0445833,0.09675175,0.5608461141586304,0.0,0.32902552485466
0.48285758110204824,-0.0031261542861632345,0.051216776667896306,83.16,310871.9435294113,3.96,111025.69411764704,1.0,-0.11200292977691362,35.005,0.0,0.86948705,-1.0445833,0.09675175,0.5608461141586304,0.0,0.32902552485466
0.4867461709683268,-0.005663516099235567,0.057563192596048855,85.14,267894.2554838715,5.22,170478.16258064512,1.0,-0.05096591082492097,35.01,0.0,0.86948705,-1.0445833,0.09675175,0.5608461141586304,0.0,0.32902552485466
0.490597638596897,-0.002654972833815929,0.07335105609587306,86.75999999999999,36.65736478940844,7.199999999999999,44.80344585372168,1.0,-0.29511398663289157,35.015,0.0,0.86948705,-1.0445833,0.09675175,0.5608461141586304,0.0,0.32902552485466
0.49331027942403566,-0.014732231734714923,0.09793651500265951,87.84,53292.333176471206,9.719999999999999,124348.77741176469,1.0,-0.2035584582049026,35.02,0.0,0.86751413,-0.9298061,-0.16048613,0.5602542400360108,0.02105816602706909,0.25185416042804715
0.4961724399474238,-0.014142200771708795,0.11669411981322796,88.56,68634.06545454534,12.959999999999999,308853.29454545456,1.0,-0.09674367503891546,35.025,0.0,0.86751413,-0.9298061,-0.16048613,0.5602542400360108,0.02105816602706909,0.25185416042804715
0.4974596415083239,-0.021526259741706553,0.134307165763193,88.56,0.0,16.74,428499.16540540534,1.0,-0.18829920346690443,35.03,0.0,0.86751413,-0.9298061,-0.16048613,0.5602542400360108,0.02105816602706909,0.25185416042804715
0.4980897191743166,-0.027889183529504837,0.1493493310908285,88.38,-5852.517209302548,20.88,134607.8958139535,1.0,-0.1577806939909081,35.035000000000004,0.0,0.86751413,-0.9298061,-0.16048613,0.5602542400360108,0.02105816602706909,0.25185416042804715
0.4996737591169427,-0.012690051843294964,0.16384524853553828,88.02,-44410.277647058756,25.2,532923.331764706,1.0,-0.020447401348924643,35.04,0.0,-0.30996534,-0.14764644,1.3502172,0.20701039731502532,0.2557060673832893,0.6
0.49970294649412245,-0.010178283784818385,0.17950853485603027,87.47999999999999,-62914.560000000725,28.98,440401.92000000016,1.0,-0.26459547715689524,35.045,0.0,-0.30996534,-0.14764644,1.3502172,0.20701039731502532,0.2557060673832893,0.6
0.4995952355188276,-0.012485997800001713,0.19029091010405122,86.94,-66615.41647058725,32.22,399692.4988235292,1.0,0.05584887234106617,35.050000000000004,0.0,-0.30996534,-0.14764644,1.3502172,0.20701039731502532,0.2557060673832893,0.6
0.5004630024779535,-0.006207868209067871,0.2008702151346492,86.58,-48708.04645161283,34.379999999999995,292248.27870967693,1.0,-0.2798547318948934,35.055,0.0,-0.30996534,-0.14764644,1.3502172,0.20701039731502532,0.2557060673832893,0.6
0.5002351013423316,-0.0009575209315615473,0.21806143851201895,86.39999999999999,-4.088126275890232,35.1,16.352505103560443,1.0,0.07110812707906433,35.06,0.0,0.37954932,-0.56223845,0.10653081,0.4138647973537445,0.13132846355438232,0.3319592423737049
0.500118177617751,-0.0007755453177996469,0.23412884050303864,86.58,9804.866493506865,34.379999999999995,-39219.4659740263,1.0,-0.2035584582049026,35.065,0.0,0.37954932,-0.56223845,0.10653081,0.4138647973537445,0.13132846355438232,0.3319592423737049
0.5000086151396296,-0.00583858447970525,0.24709514368881566,86.94,43141.412571428504,32.94,-172565.65028571401,1.0,0.04058961760306801,35.07,0.0,0.37954932,-0.56223845,0.10653081,0.4138647973537445,0.13132846355438232,0.3319592423737049
0.49943783801594765,-0.00553157202158522,0.2594340900399558,87.11999999999999,26033.61103448169,30.779999999999998,-312403.33241379313,1.0,-0.26459547715689524,35.075,0.0,0.37954932,-0.56223845,0.10653081,0.4138647973537445,0.13132846355438232,0.3319592423737049
0.4996749483657704,-0.013906893018416907,0.2665749035879401,87.11999999999999,0.0,28.439999999999998,-327155.712,1.0,-0.06622516556291913,35.08,0.0,0.86917746,-0.76778734,-0.939772,0.5607532382011413,0.0696637988090515,0.018068397045135496
0.49893796603460566,-0.024225900469846712,0.2708618361368216,87.11999999999999,0.0,25.919999999999998,-330301.43999999994,1.0,-0.005188146610926481,35.085,0.0,0.86917746,-0.76778734,-0.939772,0.5607532382011413,0.0696637988090515,0.018068397045135496
0.4979438113701649,-0.03425699429456059,0.2739445911149842,86.94,-23592.95999999903,23.4,-330301.43999999994,1.0,-0.005188146610926481,35.09,0.0,0.86917746,-0.76778734,-0.939772,0.5607532382011413,0.0696637988090515,0.018068397045135496
0.49841728813479913,-0.02594749021534242,0.2750682810862309,86.75999999999999,-7783.24453608277,20.7,-116748.66804123708,1.0,-0.34089175084688605,35.095,0.0,0.86917746,-0.76778734,-0.939772,0.5607532382011413,0.0696637988090515,0.018068397045135496
0.49907999164195677,-0.016400364970996346,0.2747066905181281,86.22,-73062.06967741827,17.82,-389664.3716129031,1.0,0.0863673818170625,35.1,0.0,0.6436826,-0.8634887,-1.1758486,0.49310477972030636,0.04095339775085449,0.0
0.49940300643391466,-0.007564399755383415,0.27349392184408866,85.67999999999999,-13.129919014962384,15.12,-65.64959507481119,1.0,-0.17303994872890627,35.105000000000004,0.0,0.6436826,-0.8634887,-1.1758486,0.49310477972030636,0.04095339775085449,0.0
0.49831237651437843,-0.009081875985578976,0.2724688902946154,85.14,-42734.41811320692,12.24,-227916.8966037735,1.0,0.025330362865069844,35.11,0.0,0.6436826,-0.8634887,-1.1758486,0.49310477972030636,0.04095339775085449,0.0
0.49687310234808574,-0.00031750769079835886,0.27200466375836124,84.42,-91512.08727272713,9.36,-366048.3490909092,1.0,-0.29511398663289157,35.115,0.0,0.6436826,-0.8634887,-1.1758486,0.49310477972030636,0.04095339775085449,0.0
0.4969990226416916,0.03415373646329852,0.27767883283147504,83.7,-100663.29599999984,6.66,-377487.3599999999,1.0,0.05584887234106617,35.12,0.0,0.9461268,-0.8995719,-1.5454117,0.5838380455970764,0.030128431320190427,0.0
0.4956628720819386,0.022037060422844076,0.2899451830412921,82.98,-104134.44413793087,3.78,-416537.7765517242,1.0,-0.08148442030091729,35.125,0.0,0.9461268,-0.8995719,-1.5454117,0.5838380455970764,0.030128431320190427,0.0
0.49517546176707355,0.04106226348253713,0.302406501741676,82.08,-111025.69411764776,1.44,-288666.8047058823,1.0,-0.14252143925290994,35.13,0.0,0.9461268,-0.8995719,-1.5454117,0.5838380455970764,0.030128431320190427,0.0
0.49627564868343466,0.06671068031452206,0.31274392641983895,79.92,-283115.51999999955,2.16,94371.84000000003,1.0,-0.11200292977691362,35.135,0.0,0.9461268,-0.8995719,-1.5454117,0.5838380455970764,0.030128431320190427,0.0
0.49581273282236277,0.05830554159194374,0.3217866698399444,77.94,-267894.2554838715,3.06,121770.11612903225,1.0,-0.41718802453687687,35.14,0.0,0.65044975,-1.0627503,-1.4446596,0.49513492584228513,0.0,0.0
0.4963741523215534,0.06498145263088954,0.32686818774523263,76.14,-41.324549246280604,3.42,8.26490984925613,1.0,-0.020447401348924643,35.145,0.0,0.65044975,-1.0627503,-1.4446596,0.49513492584228513,0.0,0.0
0.49749438222867726,0.064447092229586,0.3283650744097778,74.7,-44410.277647058756,3.2399999999999998,-5551.284705882358,1.0,0.1626636555070533,35.15,0.0,0.65044975,-1.0627503,-1.4446596,0.49513492584228513,0.0,0.0
0.49825818466732946,0.091666650227304,0.3281101194278367,73.44,-160146.15272727338,2.52,-91512.08727272724,1.0,-0.21881771294290076,35.155,0.0,0.65044975,-1.0627503,-1.4446596,0.49513492584228513,0.0,0.0
0.49972695117147775,0.08680601770597189,0.3283189371911085,72.36,-150994.94399999976,1.6199999999999999,-125829.12000000002,1.0,-0.17303994872890627,35.160000000000004,0.0,0.72574806,-1.0885463,-1.2399465,0.5177244186401367,0.0,0.0
0.5009711451706155,0.08558125146166869,0.3271572738839852,70.74,-125829.12000000036,1.6199999999999999,0.0,1.0,-0.09674367503891546,35.165,0.0,0.72574806,-1.0885463,-1.2399465,0.5177244186401367,0.0,0.0
0.5017364332464689,0.09339862275597123,0.32470247432334676,69.66,-146124.13935483847,1.6199999999999999,0.0,1.0,-0.1577806939909081,35.17,0.0,0.72574806,-1.0885463,-1.2399465,0.5177244186401367,0.0,0.0
0.5034159115942067,0.1009769646686514,0.3170953993700566,68.58,-141557.75999999978,1.6199999999999999,0.0,1.0,-0.11200292977691362,35.175000000000004,0.0,0.72574806,-1.0885463,-1.2399465,0.5177244186401367,0.0,0.0
0.5037165038352064,0.08375936842690143,0.3031776416366975,67.86,-97416.09290322565,1.6199999999999999,0.0,1.0,0.07110812707906433,35.18,0.0,0.35320225,-1.2595295,-1.3180027,0.405960676074028,0.0,0.0
0.5043577010694608,0.09794548132494568,0.2842843090134777,67.32,-75497.47200000087,1.6199999999999999,0.0,1.0,-0.31037324137088973,35.185,0.0,0.35320225,-1.2595295,-1.3180027,0.405960676074028,0.0,0.0
0.5051881451052567,0.08944297264248713,0.262895681953475,66.78,-13.175670789170379,1.6199999999999999,0.0,1.0,-0.020447401348924643,35.19,0.0,0.35320225,-1.2595295,-1.3180027,0.405960676074028,0.0,0.0
0.5059769873155173,0.08363051745852547,0.2404358103919551,66.6,-16063.291914894226,1.6199999999999999,0.0,1.0,-0.41718802453687687,35.195,0.0,0.35320225,-1.2595295,-1.3180027,0.405960676074028,0.0,0.0
0.5063219763658287,0.08983891728121561,0.21850004261831563,66.6,0.0,1.6199999999999999,0.0,1.0,0.010071108127071682,35.2,0.0,0.21888961,-1.2528217,-1.3671486,0.3656668826937675,0.0,0.0
0.5068438558558753,0.08901260061616481,0.19677233072784017,66.6,0.0,1.6199999999999999,0.0,1.0,-0.18829920346690443,35.205,0.0,0.21888961,-1.2528217,-1.3671486,0.3656668826937675,0.0,0.0
0.5067503961282862,0.09864325466088981,0.17685597590736907,66.78,8882.0555294121,1.6199999999999999,0.0,1.0,0.10162663655506066,35.21,0.0,0.21888961,-1.2528217,-1.3671486,0.3656668826937675,0.0,0.0
0.5059971050561435,0.1009112098103816,0.15838739392962867,67.32,66615.41647058725,1.6199999999999999,0.0,1.0,-0.2798547318948934,35.215,0.0,0.21888961,-1.2528217,-1.3671486,0.3656668826937675,0.0,0.0
0.5057341166237471,0.09500282103107716,0.14133706605235277,67.67999999999999,29037.489230769184,1.6199999999999999,0.0,1.0,-0.06622516556291913,35.22,0.0,0.09867088,-1.1873304,-1.3285091,0.32960126325488087,0.0,0.0
0.5046806221245095,0.08423578277876906,0.12593308163622932,68.22,68634.06545454625,1.6199999999999999,0.0,1.0,-0.31037324137088973,35.225,0.0,0.09867088,-1.1873304,-1.3285091,0.32960126325488087,0.0,0.0
0.5037681750362826,0.08074466553398996,0.11243585913800408,68.94,16.15066011348623,1.6199999999999999,0.0,1.0,-0.08148442030091729,35.230000000000004,0.0,0.09867088,-1.1873304,-1.3285091,0.32960126325488087,0.0,0.0
0.5029785754146542,0.07937272175966816,0.0997761193701426,69.66,33931.448089887585,1.6199999999999999,0.0,1.0,-0.2035584582049026,35.235,0.0,0.09867088,-1.1873304,-1.3285091,0.32960126325488087,0.0,0.0
0.5020822029652261,0.05747520148404332,0.08942031439916774,70.38,73656.07024390233,1.6199999999999999,0.0,1.0,-0.12726218451491178,35.24,0.0,0.023008287,-1.1300459,-1.0292903,0.3069024860858917,0.0,0.0
0.5006060710558841,0.0549217330396605,0.0797671555405707,71.28,111025.69411764776,1.6199999999999999,0.0,1.0,-0.020447401348924643,35.245,0.0,0.023008287,-1.1300459,-1.0292903,0.3069024860858917,0.0,0.0
0.4995496868905866,0.04026245912504097,0.07666032099037733,72.0,94371.83999999985,1.6199999999999999,0.0,1.0,0.025330362865069844,35.25,0.0,0.023008287,-1.1300459,-1.0292903,0.3069024860858917,0.0,0.0
0.49608015535911565,0.022009008411136885,0.05910878957297483,72.89999999999999,117964.79999999888,1.7999999999999998,23592.959999999992,1.0,-0.18829920346690443,35.255,0.0,0.023008287,-1.1300459,-1.0292903,0.3069024860858917,0.0,0.0
0.49086347001634517,0.019865433844296867,0.05131594960967169,73.61999999999999,94371.83999999985,1.7999999999999998,0.0,1.0,-0.005188146610926481,35.26,0.0,-0.13320771,-0.9591602,-0.9998915,0.26003768742084504,0.012251937389373779,3.254413604736328e-05
0.48711047892461584,0.015132683318172706,0.04497660872129548,74.34,97416.09290322757,1.7999999999999998,0.0,1.0,0.0863673818170625,35.265,0.0,-0.13320771,-0.9591602,-0.9998915,0.26003768742084504,0.012251937389373779,3.254413604736328e-05
0.4787854165064038,0.005865567629623467,0.049511266111829336,75.06,25811.1015384615,1.98,6452.77538461539,1.0,-0.005188146610926481,35.27,0.0,-0.13320771,-0.9591602,-0.9998915,0.26003768742084504,0.012251937389373779,3.254413604736328e-05
0.4677758669675727,0.012287958806831218,0.03529568512273632,75.6,13.152029545150812,2.34,8.768019696767334,1.0,-0.08148442030091729,35.275,0.0,-0.13320771,-0.9591602,-0.9998915,0.26003768742084504,0.012251937389373779,3.254413604736328e-05
0.4582496152752692,0.0030328778389684305,0.022779622044310364,75.96,26963.382857142813,2.6999999999999997,26963.38285714285,1.0,-0.14252143925290994,35.28,0.0,-0.46911225,-0.7602862,-0.41671392,0.15926632583141326,0.07191413640975952,0.17498582303524016
0.44803178182982956,0.004173049247083524,0.01808513000272532,76.32,16412.493913043454,3.2399999999999998,24618.74086956522,1.0,-0.1577806939909081,35.285000000000004,0.0,-0.46911225,-0.7602862,-0.41671392,0.15926632583141326,0.07191413640975952,0.17498582303524016
0.4363943157079467,0.010643795099643326,0.019583690072464407,76.5,20971.520000000794,3.96,83886.08000000002,1.0,-0.2798547318948934,35.29,0.0,-0.46911225,-0.7602862,-0.41671392,0.15926632583141326,0.07191413640975952,0.17498582303524016
0.42663455246740084,0.003331879346366233,0.013631098078408142,76.5,0.0,4.859999999999999,125829.11999999992,1.0,-0.21881771294290076,35.295,0.0,-0.46911225,-0.7602862,-0.41671392,0.15926632583141326,0.07191413640975952,0.17498582303524016
0.41673792730366355,-0.0032362129273851396,0.013928334257857824,76.32,-22878.021818182686,5.9399999999999995,137268.13090909092,1.0,-0.09674367503891546,35.300000000000004,0.0,-0.28393906,-0.7572644,-0.5681378,0.21481828093528746,0.07282068729400634,0.12955865263938904
0.40686100917237583,-0.012029431626015991,0.012594156570851498,76.14,-22205.1388235285,7.02,133230.8329411765,1.0,-0.18829920346690443,35.305,0.0,-0.28393906,-0.7572644,-0.5681378,0.21481828093528746,0.07282068729400634,0.12955865263938904
0.39877454494925163,0.001588607965267288,8.057044793784263e-05,75.96,-22878.021818182686,8.28,160146.1527272727,1.0,-0.09674367503891546,35.31,0.0,-0.28393906,-0.7572644,-0.5681378,0.21481828093528746,0.07282068729400634,0.12955865263938904
0.39128731779747267,-0.006337327186919872,0.011981728010720748,75.42,-12.46333324162049,9.54,29.081110897114897,1.0,-0.2035584582049026,35.315,0.0,-0.28393906,-0.7572644,-0.5681378,0.21481828093528746,0.07282068729400634,0.12955865263938904
0.3828560971433115,-0.0015438501086127245,0.008159040354843178,74.88,-31026.358356164743,10.98,82736.95561643843,1.0,0.10162663655506066,35.32,0.0,-0.24259633,-0.72939324,-0.58793265,0.22722110152244568,0.08118202686309814,0.12362020611763
0.37550861960558435,-0.004584300022435641,0.011536423081030207,74.34,-19194.272542372597,12.42,51184.726779660996,1.0,-0.2035584582049026,35.325,0.0,-0.24259633,-0.72939324,-0.58793265,0.22722110152244568,0.08118202686309814,0.12362020611763
0.369436559307946,0.003577820216847148,0.00032268455014213703,73.8,-61214.16648648719,13.86,163237.77729729723,1.0,-0.005188146610926481,35.33,0.0,-0.24259633,-0.72939324,-0.58793265,0.22722110152244568,0.08118202686309814,0.12362020611763
0.36159285284004267,-0.011954964017152141,0.007736178082047186,73.08,-94371.83999999985,15.299999999999999,188743.67999999993,1.0,-0.26459547715689524,35.335,0.0,-0.24259633,-0.72939324,-0.58793265,0.22722110152244568,0.08118202686309814,0.12362020611763
0.35311066335612423,-0.009441022671603449,0.004586621848709255,72.17999999999999,-114390.10909090981,16.74,183024.17454545447,1.0,-0.05096591082492097,35.34,0.0,-0.48568764,-0.4553292,0.7429966,0.1542937070131302,0.1634012371301651,0.5228989720344543
0.3463472376151069,-0.014415580614169619,0.001168543931684434,71.46,-94371.83999999985,18.54,235929.6000000001,1.0,-0.11200292977691362,35.345,0.0,-0.48568764,-0.4553292,0.7429966,0.1542937070131302,0.1634012371301651,0.5228989720344543
0.3380664986565538,-0.011317848484833647,-0.00530872966526318,70.38,-146124.13935483847,20.16,219186.2090322582,1.0,-0.05096591082492097,35.35,0.0,-0.48568764,-0.4553292,0.7429966,0.1542937070131302,0.1634012371301651,0.5228989720344543
0.3280845858029088,-0.004230762819902302,-0.0009228775620780991,69.48,-117964.79999999888,21.779999999999998,212336.63999999966,1.0,-0.18829920346690443,35.355000000000004,0.0,-0.48568764,-0.4553292,0.7429966,0.1542937070131302,0.1634012371301651,0.5228989720344543
0.31907396772385566,0.00037057573023917116,-0.005844498831765123,68.39999999999999,-26.108033935817343,23.4,39.162050903725586,1.0,-0.14252143925290994,35.36,0.0,-0.35374412,-0.6051041,-0.24307436,0.19387676417827607,0.11846877336502075,0.2270776927471161
0.3092427162426732,-0.012084919314461231,0.003596086618251811,67.14,-66896.49417721471,25.2,95566.4202531646,1.0,-0.4782250434888695,35.365,0.0,-0.35374412,-0.6051041,-0.24307436,0.19387676417827607,0.11846877336502075,0.2270776927471161
0.2994552238539902,-0.0014956905149838963,0.00048964424834007,65.88,-135508.28307692363,26.82,174224.9353846155,1.0,-0.05096591082492097,35.37,0.0,-0.35374412,-0.6051041,-0.24307436,0.19387676417827607,0.11846877336502075,0.2270776927471161
0.29113237658256147,-0.0046978358960015525,0.013027051798003298,64.62,-40036.538181817894,28.619999999999997,57195.054545454455,1.0,-0.18829920346690443,35.375,0.0,-0.35374412,-0.6051041,-0.24307436,0.19387676417827607,0.11846877336502075,0.2270776927471161
0.2841069096560434,0.0016302385464326444,0.04071943074817721,63.36,-150994.9440000006,30.06,172565.65028571445,1.0,-0.2035584582049026,35.38,0.0,-0.17416935,-0.5311723,0.6840363,0.24774919599294662,0.14064831733703612,0.5052108943462371
0.27781627655494884,0.030196678607715938,0.04220834172429111,61.919999999999995,-92919.96553846185,31.32,81304.96984615395,1.0,-0.08148442030091729,35.385,0.0,-0.17416935,-0.5311723,0.6840363,0.24774919599294662,0.14064831733703612,0.5052108943462371
0.2724386686115434,0.025062760103833705,0.054503175606385006,60.66,-155435.97176470564,32.4,133230.83294117625,1.0,-0.09674367503891546,35.39,0.0,-0.17416935,-0.5311723,0.6840363,0.24774919599294662,0.14064831733703612,0.5052108943462371
0.2688008963451452,0.03830846652136987,0.06273843893941172,59.4,-176160.76799999972,33.12,100663.29599999984,1.0,-0.3256324961088879,35.395,0.0,-0.17416935,-0.5311723,0.6840363,0.24774919599294662,0.14064831733703612,0.5052108943462371
0.2647679783506264,0.050746936246968154,0.07289550090516136,58.14,-28.495142130009015,33.66,12.212203770003862,1.0,-0.21881771294290076,35.4,0.0,-0.19083658,-0.6714051,-0.5998054,0.24274902641773222,0.09857847690582275,0.12005837559700011
0.2619213053270876,0.06012592956584372,0.07881325764898699,56.879999999999995,-74434.12732394396,33.66,0.0,1.0,0.025330362865069844,35.405,0.0,-0.19083658,-0.6714051,-0.5998054,0.24274902641773222,0.09857847690582275,0.12005837559700011
0.2598168443655748,0.05934523121778809,0.10071497810795402,55.62,-146800.63999999978,33.3,-41943.039999999935,1.0,0.010071108127071682,35.410000000000004,0.0,-0.19083658,-0.6714051,-0.5998054,0.24274902641773222,0.09857847690582275,0.12005837559700011
0.2545387789784562,0.0588642653376436,0.1188739030362352,54.54,-133230.83294117625,32.76,-66615.41647058813,1.0,-0.1577806939909081,35.415,0.0,-0.19083658,-0.6714051,-0.5998054,0.24274902641773222,0.09857847690582275,0.12005837559700011
0.24990759436713944,0.0665392726738881,0.13130319218554323,53.28,-176160.76799999972,32.04,-100663.29599999984,1.0,-0.26459547715689524,35.42,0.0,0.48754013,-0.7818903,-0.78354,0.4462620377540588,0.06543291807174682,0.06493799686431885
0.2460391360723112,0.07370166359131132,0.14777437257774495,52.199999999999996,-141557.7600000007,30.959999999999997,-141557.76000000024,1.0,-0.18829920346690443,35.425000000000004,0.0,0.48754013,-0.7818903,-0.78354,0.4462620377540588,0.06543291807174682,0.06493799686431885
0.24196893137407036,0.09185103446486624,0.16355168275383447,51.12,-125829.1199999998,29.34,-188743.6799999997,1.0,0.010071108127071682,35.43,0.0,0.48754013,-0.7818903,-0.78354,0.4462620377540588,0.06543291807174682,0.06493799686431885
0.23797904887187055,0.09649327467933444,0.17592685869635605,50.04,-141557.75999999978,27.54,-235929.6000000001,1.0,-0.1577806939909081,35.435,0.0,0.48754013,-0.7818903,-0.78354,0.4462620377540588,0.06543291807174682,0.06493799686431885
0.23478820185977223,0.11145600267497384,0.18680106533368102,48.96,-146124.13935483847,25.56,-267894.25548387103,1.0,-0.09674367503891546,35.44,0.0,0.5253509,-1.0173867,-1.1041757,0.45760527849197385,0.0,0.0
0.23224651732093776,0.10287625862988496,0.1934202010633919,47.699999999999996,-29.139156066495858,23.58,-45.7901023902076,1.0,-0.05096591082492097,35.445,0.0,0.5253509,-1.0173867,-1.1041757,0.45760527849197385,0.0,0.0
0.23044773343921457,0.1134205230100286,0.19744356270122057,46.62,-87112.46769230756,21.24,-188743.68,1.0,0.0863673818170625,35.45,0.0,0.5253509,-1.0173867,-1.1041757,0.45760527849197385,0.0,0.0
0.22939916401494193,0.111296824757928,0.20872182842510922,45.36,-56221.52170212757,18.9,-104411.3974468085,1.0,-0.17303994872890627,35.455,0.0,0.5253509,-1.0173867,-1.1041757,0.45760527849197385,0.0,0.0
0.22885686351430864,0.11366304968215696,0.22413817619488385,44.28,-137268.1309090907,16.56,-297414.28363636363,1.0,0.025330362865069844,35.46,0.0,1.0520016,-0.8857013,-1.3490909,0.6,0.03428961038589477,0.0
0.2293215040739524,0.11501299798500834,0.23601244842025132,43.019999999999996,-176160.7680000007,14.04,-352321.53599999996,1.0,-0.1577806939909081,35.465,0.0,1.0520016,-0.8857013,-1.3490909,0.6,0.03428961038589477,0.0
0.229644699293178,0.11311281992793205,0.24122761536630394,41.76,-170478.1625806449,11.52,-340956.32516129024,1.0,-0.06622516556291913,35.47,0.0,1.0520016,-0.8857013,-1.3490909,0.6,0.03428961038589477,0.0
0.23032015922051452,0.12020410511639536,0.24381172148750752,40.32,-177641.11058823502,9.0,-310871.9435294117,1.0,-0.29511398663289157,35.475,0.0,1.0520016,-0.8857013,-1.3490909,0.6,0.03428961038589477,0.0
0.23083472705946206,0.12332598200820699,0.24562108453813572,38.879999999999995,-201326.59200000067,6.4799999999999995,-352321.5360000001,1.0,-0.09674367503891546,35.480000000000004,0.0,1.1515208,-1.2386824,-1.0857738,0.6,0.0,0.0
0.23197614479673537,0.1143604031633909,0.2447286925365094,37.44,-118427.40705882334,3.96,-207247.96235294113,1.0,-0.26459547715689524,35.485,0.0,1.1515208,-1.2386824,-1.0857738,0.6,0.0,0.0
0.23349272379565245,0.12645719271401934,0.24404833735484877,36.0,-34.24814724928264,1.6199999999999999,-55.65323928008437,1.0,-0.12726218451491178,35.49,0.0,1.1515208,-1.2386824,-1.0857738,0.6,0.0,0.0
0.2361443865639413,0.12134364847401517,0.24425376474743135,33.48,-98781.73906542068,1.7999999999999998,7055.8385046728945,1.0,0.23895992919704412,35.495,0.0,1.1515208,-1.2386824,-1.0857738,0.6,0.0,0.0
0.23884876519684792,0.1165617413838567,0.24293469844710538,31.14,-288666.8047058819,2.88,133230.8329411765,1.0,-0.31037324137088973,35.5,0.0,1.2630366,-1.1468576,-0.6653084,0.6,0.0,0.100407475233078
0.24132409562366794,0.11456569613207845,0.24159719676775374,28.799999999999997,-327155.71200000047,3.42,75497.47200000001,1.0,-0.3256324961088879,35.505,0.0,1.2630366,-1.1468576,-0.6653084,0.6,0.0,0.100407475233078
0.24620501905947045,0.11719785797556141,0.24152914305393478,26.64,-283115.51999999955,3.78,47185.919999999984,1.0,0.23895992919704412,35.51,0.0,1.2630366,-1.1468576,-0.6653084,0.6,0.0,0.100407475233078
0.25733668250218056,0.12719157678860749,0.24045887821055956,25.02,-199846.24941176482,3.5999999999999996,-22205.138823529433,1.0,-0.09674367503891546,35.515,0.0,1.2630366,-1.1468576,-0.6653084,0.6,0.0,0.100407475233078
0.2677133395214971,0.12545354008140533,0.23656721171125003,23.58,-194832.18580645177,2.6999999999999997,-121770.11612903225,1.0,-0.2035584582049026,35.52,0.0,1.2999368,-1.5838941,-0.8680648,0.6,0.0,0.03958055377006531
0.2781407562507285,0.13262797617854594,0.22763631192537925,22.86,-91512.08727272713,1.44,-160146.1527272727,1.0,-0.05096591082492097,35.525,0.0,1.2999368,-1.5838941,-0.8680648,0.6,0.0,0.03958055377006531
0.2958936590972115,0.12398348606982004,0.21301075248917667,21.599999999999998,-28.934311384130254,1.6199999999999999,4.1334730548757435,1.0,-0.035706656086922806,35.53,0.0,1.2999368,-1.5838941,-0.8680648,0.6,0.0,0.03958055377006531
0.313831854978947,0.13102725468381365,0.19669104464094123,21.24,-21883.32521739127,1.6199999999999999,0.0,1.0,-0.43244727927487503,35.535000000000004,0.0,1.2999368,-1.5838941,-0.8680648,0.6,0.0,0.03958055377006531
0.327189407475456,0.12715902099121182,0.1790338981819395,21.06,-22205.138823529378,1.44,-22205.138823529403,1.0,-0.1577806939909081,35.54,0.0,1.4747912,-1.818922,-0.73810714,0.6,0.0,0.07856785655021667
0.3432978077244089,0.11247107041252578,0.16198609585719592,21.419999999999998,44410.277647058756,1.44,0.0,1.0,-0.12726218451491178,35.545,0.0,1.4747912,-1.818922,-0.73810714,0.6,0.0,0.07856785655021667
0.35900851559515856,0.11437925402901483,0.1448888748270993,22.14,100663.29600000034,1.44,0.0,1.0,0.04058961760306801,35.550000000000004,0.0,1.4747912,-1.818922,-0.73810714,0.6,0.0,0.07856785655021667
0.3699036823692685,0.11668753307448852,0.1297046033480104,23.4,165150.71999999974,1.44,0.0,1.0,-0.005188146610926481,35.555,0.0,1.4747912,-1.818922,-0.73810714,0.6,0.0,0.07856785655021667
0.38139235220358436,0.10776875611080375,0.11536887365108449,25.02,61770.65890909095,1.44,0.0,1.0,-0.14252143925290994,35.56,0.0,1.4918686,-1.7167114,-0.67889607,0.6,0.0,0.09633117914199829
0.3942875131692447,0.10595416989355824,0.10163138558453426,27.0,259522.56000000006,1.44,0.0,1.0,-0.14252143925290994,35.565,0.0,1.4918686,-1.7167114,-0.67889607,0.6,0.0,0.09633117914199829
0.40308345126964273,0.0988995630583182,0.08967409953624642,29.34,327155.712,1.44,0.0,1.0,0.025330362865069844,35.57,0.0,1.4918686,-1.7167114,-0.67889607,0.6,0.0,0.09633117914199829
0.41109579870123314,0.07652617166305635,0.07975963680242396,32.04,65.21708543292348,1.44,0.0,1.0,-0.18829920346690443,35.575,0.0,1.4918686,-1.7167114,-0.67889607,0.6,0.0,0.09633117914199829
0.4197077037270184,0.07076227708255135,0.07674817303815813,35.1,138006.13161290332,1.6199999999999999,8118.007741935481,1.0,-0.23407696768089892,35.58,0.0,1.5311327,-1.9629136,0.28854087,0.6,0.0,0.38656226098537444
0.4257498988791903,0.0519927915023648,0.0740084229811852,38.339999999999996,348449.87076923024,1.6199999999999999,0.0,1.0,-0.2798547318948934,35.585,0.0,1.5311327,-1.9629136,0.28854087,0.6,0.0,0.38656226098537444
0.43082449775926485,0.040013276205475026,0.07257248929393612,41.94,109416.62608695656,1.6199999999999999,0.0,1.0,0.010071108127071682,35.59,0.0,1.5311327,-1.9629136,0.28854087,0.6,0.0,0.38656226098537444
0.4368517885391332,0.032963500366256615,0.07213152777185831,45.72,495452.16000000015,1.6199999999999999,0.0,1.0,0.05584887234106617,35.595,0.0,1.5311327,-1.9629136,0.28854087,0.6,0.0,0.38656226098537444
0.4413828976726105,0.03527980738528861,0.07153448099132753,49.5,480438.4581818183,1.6199999999999999,0.0,1.0,0.05584887234106617,35.6,0.0,1.1656672,-1.4064267,-0.23970559,0.6,0.0,0.22808832228183745
0.4458161370284925,0.024465902852263757,0.0713420729015535,53.64,526194.501818182,1.6199999999999999,0.0,1.0,-0.08148442030091729,35.605000000000004,0.0,1.1656672,-1.4064267,-0.23970559,0.6,0.0,0.22808832228183745
0.4507914898890598,0.020152743728307946,0.07173110456635713,57.599999999999994,503316.4799999992,1.6199999999999999,0.0,1.0,-0.08148442030091729,35.61,0.0,1.1656672,-1.4064267,-0.23970559,0.6,0.0,0.22808832228183745
0.4553275289483946,0.02026387063927616,0.07222093389333374,61.739999999999995,93.77960143009906,1.6199999999999999,0.0,1.0,-0.24933622241889708,35.615,0.0,1.1656672,-1.4064267,-0.23970559,0.6,0.0,0.22808832228183745
0.4581589116220533,0.008679092465347791,0.07497494569713202,65.88,248063.12228571431,1.6199999999999999,0.0,1.0,0.025330362865069844,35.62,0.0,1.0466084,-1.2863332,-0.4046001,0.6,0.0,0.17861996591091156
0.4621098012573223,-0.0035884320202554743,0.07939462353650162,70.02,496126.24457142863,1.7999999999999998,21570.706285714277,1.0,-0.08148442030091729,35.625,0.0,1.0466084,-1.2863332,-0.4046001,0.6,0.0,0.17861996591091156
0.46591398999028116,-0.006106505094730467,0.07989542208430864,73.98,503316.48000000103,1.7999999999999998,0.0,1.0,0.025330362865069844,35.63,0.0,1.0466084,-1.2863332,-0.4046001,0.6,0.0,0.17861996591091156
0.46981442021621495,-0.013668552368136353,0.07553353950994363,77.94,572739.4427586198,2.16,52067.222068965566,1.0,-0.29511398663289157,35.635,0.0,1.0466084,-1.2863332,-0.4046001,0.6,0.0,0.17861996591091156
0.47447979800485607,-0.0075944433779941605,0.06658869151133277,81.53999999999999,130168.05517241359,2.52,13016.805517241375,1.0,-0.21881771294290076,35.64,0.0,1.0163225,-1.572149,0.4898878,0.6,0.0,0.446966341137886
0.4786043818109081,-0.002578055117349574,0.07641079349694556,84.78,411804.39272727387,3.42,114390.10909090909,1.0,-0.2035584582049026,35.645,0.0,1.0163225,-1.572149,0.4898878,0.6,0.0,0.446966341137886
0.483025774943768,-0.0050344115485857375,0.07778914163072777,87.84,401080.3200000003,4.68,165150.71999999997,1.0,-0.09674367503891546,35.65,0.0,1.0163225,-1.572149,0.4898878,0.6,0.0,0.446966341137886
0.4869606485824689,-0.003744129351217841,0.08149027500180553,90.17999999999999,316602.3019354824,6.84,292248.27870967746,1.0,-0.05096591082492097,35.655,0.0,1.0163225,-1.572149,0.4898878,0.6,0.0,0.446966341137886
0.49047840853390196,0.006392404687317688,0.0869459826252857,91.8,39.62705857652751,9.719999999999999,70.44810413604868,1.0,-0.11200292977691362,35.660000000000004,0.0,0.4933794,-1.0509961,-0.31426275,0.44801382422447206,0.0,0.20572117567062378
0.4925330871846676,-0.005197668439202185,0.1071754681508539,92.7,42414.31011235982,13.86,195105.82651685397,1.0,-0.08148442030091729,35.665,0.0,0.4933794,-1.0509961,-0.31426275,0.44801382422447206,0.0,0.20572117567062378
0.4952899630423112,-0.017474398065486202,0.12394922870226832,92.88,4718.591999999806,18.72,127401.98399999998,1.0,0.04058961760306801,35.67,0.0,0.4933794,-1.0509961,-0.31426275,0.44801382422447206,0.0,0.20572117567062378
0.4977310172784108,-0.0059073498732763125,0.13955056528239201,92.7,-18874.367999999224,24.3,585105.4080000002,1.0,-0.29511398663289157,35.675000000000004,0.0,0.4933794,-1.0509961,-0.31426275,0.44801382422447206,0.0,0.20572117567062378
0.49903689277518676,-0.008262090931453196,0.15426593211131265,91.97999999999999,-94371.84000000171,29.88,731381.7599999998,1.0,0.23895992919704412,35.68,0.0,-0.5474267,-0.20154983,1.2082767,0.1357719898223877,0.23953505158424376,0.6
0.500778643443013,-0.016131871792427935,0.16298555667594491,91.08,-107853.53142857041,35.1,625550.4822857146,1.0,-0.18829920346690443,35.685,0.0,-0.5474267,-0.20154983,1.2082767,0.1357719898223877,0.23953505158424376,0.6
0.5005224081236642,-0.015393445340566688,0.1695339034667455,90.17999999999999,-111025.69411764776,39.42,532923.331764706,1.0,-0.12726218451491178,35.69,0.0,-0.5474267,-0.20154983,1.2082767,0.1357719898223877,0.23953505158424376,0.6
0.5004818958378553,-0.031445933130630474,0.17458893444078674,89.64,-41943.03999999938,42.3,223696.21333333297,1.0,-0.05096591082492097,35.695,0.0,-0.5474267,-0.20154983,1.2082767,0.1357719898223877,0.23953505158424376,0.6
0.5016383404180994,-0.01230038540856484,0.1767447779929748,89.28,-8.154351599332497,43.379999999999995,24.463054797997486,1.0,-0.020447401348924643,35.7,0.0,-0.002897568,-0.5757592,-0.11744612,0.299130729585886,0.12727224826812744,0.26476616486907006
0.502488013632568,-0.0013793368425457284,0.17900422801908528,89.28,0.0,42.839999999999996,-37748.73599999994,1.0,-0.05096591082492097,35.705,0.0,-0.002897568,-0.5757592,-0.11744612,0.299130729585886,0.12727224826812744,0.26476616486907006
0.5031066001713906,0.011668020118214127,0.18981232420606597,89.46,23592.95999999903,41.22,-212336.63999999966,1.0,-0.09674367503891546,35.71,0.0,-0.002897568,-0.5757592,-0.11744612,0.299130729585886,0.12727224826812744,0.26476616486907006
0.5035195873151539,0.00772999042400686,0.2034344196598057,89.64,25165.824000000954,38.879999999999995,-327155.71200000047,1.0,-0.09674367503891546,35.715,0.0,-0.002897568,-0.5757592,-0.11744612,0.299130729585886,0.12727224826812744,0.26476616486907006
0.5032366934645661,0.017647427005340034,0.21369903827216383,89.64,0.0,36.18,-377487.3599999994,1.0,-0.21881771294290076,35.72,0.0,0.48974615,-0.6787363,-1.1338177,0.4469238460063934,0.0963791012763977,0.0
0.50327356071061,0.00956887687586534,0.22655085425267552,89.64,0.0,33.12,-356515.84000000026,1.0,-0.3256324961088879,35.725,0.0,0.48974615,-0.6787363,-1.1338177,0.4469238460063934,0.0963791012763977,0.0
0.5018760129971908,-0.011400220708963757,0.24264455872883428,89.46,-8296.42549450581,29.7,-157632.08439560432,1.0,-0.005188146610926481,35.730000000000004,0.0,0.48974615,-0.6787363,-1.1338177,0.4469238460063934,0.0963791012763977,0.0
0.5012862474744205,-0.029733716585843364,0.2532244049881688,89.28,-22205.1388235285,26.099999999999998,-444102.7764705884,1.0,-0.12726218451491178,35.735,0.0,0.48974615,-0.6787363,-1.1338177,0.4469238460063934,0.0963791012763977,0.0
0.502336413683201,-0.03282741660530669,0.2560633782971973,88.92,-50331.64799999992,22.32,-528482.3039999997,1.0,-0.21881771294290076,35.74,0.0,0.25910074,-0.759814,-1.4228866,0.37773022055625916,0.0720557928085327,0.0
0.5030110255190835,-0.015410444357583623,0.25668474869237595,88.38,-13.202243932010692,18.72,-88.01495954673696,1.0,-0.23407696768089892,35.745,0.0,0.25910074,-0.759814,-1.4228866,0.37773022055625916,0.0720557928085327,0.0
0.5009398093567401,-0.01593304461290769,0.2576417935369859,87.66,-42533.787042253454,15.299999999999999,-202035.48845070423,1.0,-0.23407696768089892,35.75,0.0,0.25910074,-0.759814,-1.4228866,0.37773022055625916,0.0720557928085327,0.0
0.4997231659749968,-0.00720125884963722,0.26115068554171916,86.94,-81618.88864864851,11.7,-408094.4432432432,1.0,-0.1577806939909081,35.755,0.0,0.25910074,-0.759814,-1.4228866,0.37773022055625916,0.0720557928085327,0.0
0.49934145407289526,0.007870443817369547,0.27290446749068553,86.03999999999999,-107853.53142857211,8.28,-409843.4194285714,1.0,-0.09674367503891546,35.76,0.0,0.621161,-0.7834691,-1.6680377,0.48634829521179196,0.06495927572250366,0.0
0.4974251576313491,0.010173866701882006,0.2860288345022117,85.14,-114390.10909090801,4.859999999999999,-434682.41454545455,1.0,-0.23407696768089892,35.765,0.0,0.621161,-0.7834691,-1.6680377,0.48634829521179196,0.06495927572250366,0.0
0.49620575621605384,0.030021854780857005,0.296365972219639,84.06,-129424.23771428551,1.6199999999999999,-388272.7131428571,1.0,0.0863673818170625,35.77,0.0,0.621161,-0.7834691,-1.6680377,0.48634829521179196,0.06495927572250366,0.0
0.4943693264865986,0.04921854278704821,0.3031696152556866,81.36,-343170.3272727276,2.16,68634.06545454549,1.0,-0.005188146610926481,35.775,0.0,0.621161,-0.7834691,-1.6680377,0.48634829521179196,0.06495927572250366,0.0
0.48635878788858444,0.06825318253250928,0.3075329921665923,79.02,-327155.71200000047,3.2399999999999998,150994.94399999996,1.0,-0.3714102603228824,35.78,0.0,0.3299618,-0.9290085,-1.5574672,0.39898854196071626,0.021297454833984375,0.0
0.47181473843003763,0.07429917959840424,0.30905481740751456,76.67999999999999,-53.1499586266653,4.5,28.619208491281277,1.0,-0.23407696768089892,35.785000000000004,0.0,0.3299618,-0.9290085,-1.5574672,0.39898854196071626,0.021297454833984375,0.0
0.4573426456456978,0.07445859969049069,0.309167535730591,74.16,-192175.38327272696,5.3999999999999995,68634.06545454542,1.0,0.14740440076905514,35.79,0.0,0.3299618,-0.9290085,-1.5574672,0.39898854196071626,0.021297454833984375,0.0
0.44608014284173286,0.08271812385610733,0.3094499148055341,71.82,-316602.30193548434,5.76,48708.04645161294,1.0,0.11688589129305882,35.795,0.0,0.3299618,-0.9290085,-1.5574672,0.39898854196071626,0.021297454833984375,0.0
0.43806018519644563,0.0815968848727825,0.3093550094363557,69.66,-100663.29599999984,5.58,-8388.607999999987,1.0,-0.09674367503891546,35.800000000000004,0.0,0.71788037,-0.957193,-0.92999494,0.5153641104698181,0.012842094898223877,0.02100151777267456
0.4333333315371907,0.09462376057990234,0.3073045391558515,67.67999999999999,-267894.2554838715,5.04,-73062.06967741936,1.0,-0.17303994872890627,35.805,0.0,0.71788037,-0.957193,-0.92999494,0.5153641104698181,0.012842094898223877,0.02100151777267456
0.42897138556313313,0.09662750513130926,0.30268591141409307,65.88,-251658.2399999996,4.32,-100663.29599999996,1.0,-0.24933622241889708,35.81,0.0,0.71788037,-0.957193,-0.92999494,0.5153641104698181,0.012842094898223877,0.02100151777267456
0.4234009935203803,0.08991068480702846,0.2917790267350492,64.08,-222051.38823529377,3.06,-155435.9717647059,1.0,-0.21881771294290076,35.815,0.0,0.71788037,-0.957193,-0.92999494,0.5153641104698181,0.012842094898223877,0.02100151777267456
0.4189998312673224,0.08540634356281829,0.2756125698012319,62.46,-234302.49931034446,1.7999999999999998,-182235.27724137934,1.0,0.04058961760306801,35.82,0.0,0.09927618,-1.1527478,-1.224507,0.32978285327553747,0.0,0.0
0.41629132757137693,0.09554752270124385,0.2558965413411664,60.48,-276824.06400000054,1.44,-50331.64799999998,1.0,-0.2035584582049026,35.825,0.0,0.09927618,-1.1527478,-1.224507,0.32978285327553747,0.0,0.0
0.41631689166842956,0.0962613399557143,0.23521597342569356,58.86,-39.07017618105702,1.7999999999999998,8.682261373568238,1.0,-0.2035584582049026,35.83,0.0,0.09927618,-1.1527478,-1.224507,0.32978285327553747,0.0,0.0
0.4171428218459249,0.08727533053816175,0.2139513247448357,57.239999999999995,-80890.1485714288,1.7999999999999998,0.0,1.0,-0.1577806939909081,35.835,0.0,0.09927618,-1.1527478,-1.224507,0.32978285327553747,0.0,0.0
0.41891307945049205,0.08264268337837591,0.19327381444037162,55.8,-128506.33531914874,1.6199999999999999,-16063.29191489361,1.0,-0.005188146610926481,35.84,0.0,0.2857443,-1.1287304,-1.0191839,0.3857232928276062,0.0,0.0
0.4211468178520296,0.0923635863847169,0.17335807198983808,54.54,-41612.779842519616,1.44,-5944.682834645667,1.0,0.04058961760306801,35.845,0.0,0.2857443,-1.1287304,-1.0191839,0.3857232928276062,0.0,0.0
0.4227278751408848,0.09645781613303976,0.1553092514639332,53.46,-119206.53473684192,1.6199999999999999,19867.75578947368,1.0,0.010071108127071682,35.85,0.0,0.2857443,-1.1287304,-1.0191839,0.3857232928276062,0.0,0.0
0.4243558552017863,0.08840401675235689,0.13849266608609168,52.559999999999995,-104857.60000000066,1.6199999999999999,0.0,1.0,-0.18829920346690443,35.855000000000004,0.0,0.2857443,-1.1287304,-1.0191839,0.3857232928276062,0.0,0.0
0.4258981389609918,0.07592210343790201,0.12357492962713323,51.839999999999996,-88820.55529411751,1.6199999999999999,0.0,1.0,-0.09674367503891546,35.86,0.0,0.04538361,-1.214524,-1.2169338,0.31361508294939994,0.0,0.0
0.42692446833777936,0.08600339494803874,0.10962673085197899,51.48,-50331.64799999992,1.6199999999999999,0.0,1.0,-0.1577806939909081,35.865,0.0,0.04538361,-1.214524,-1.2169338,0.31361508294939994,0.0,0.0
0.4278518212244222,0.0915862941777861,0.09796656754209492,51.3,-24354.023225806413,1.6199999999999999,0.0,1.0,-0.005188146610926481,35.87,0.0,0.04538361,-1.214524,-1.2169338,0.31361508294939994,0.0,0.0
0.4289688731950605,0.09862129600666898,0.08708048640579596,51.3,0.0,1.6199999999999999,0.0,1.0,-0.31037324137088973,35.875,0.0,0.04538361,-1.214524,-1.2169338,0.31361508294939994,0.0,0.0
0.4298843598410907,0.08739756745966586,0.07784354298045872,51.48,13245.17052631577,1.6199999999999999,0.0,1.0,-0.11200292977691362,35.88,0.0,0.05596012,-1.2208438,-1.1605977,0.3167880356311798,0.0,0.0
0.4298821509707922,0.09429240219814326,0.07377798791981864,51.839999999999996,47185.919999999925,1.6199999999999999,0.0,1.0,-0.06622516556291913,35.885,0.0,0.05596012,-1.2208438,-1.1605977,0.3167880356311798,0.0,0.0
0.4292019158709492,0.08928211675001244,0.06993371651757298,52.379999999999995,75497.47199999988,1.6199999999999999,0.0,1.0,0.11688589129305882,35.89,0.0,0.05596012,-1.2208438,-1.1605977,0.3167880356311798,0.0,0.0
0.4278889115613118,0.09095094245801252,0.06901276967531814,53.1,100663.29600000083,1.6199999999999999,0.0,1.0,0.2084414197210478,35.895,0.0,0.05596012,-1.2208438,-1.1605977,0.3167880356311798,0.0,0.0
0.4268434923413594,0.07756401101621287,0.06695702169649079,54.0,121770.11612903206,1.6199999999999999,0.0,1.0,-0.005188146610926481,35.9,0.0,0.023562927,-1.1155745,-0.9721105,0.30706887803971766,0.0,0.008366847038269043
0.42443419385490705,0.06303748762371465,0.06160458735055768,54.72,97416.09290322565,1.6199999999999999,0.0,1.0,-0.21881771294290076,35.905,0.0,0.023562927,-1.1155745,-0.9721105,0.30706887803971766,0.0,0.008366847038269043
0.4201468187959999,0.07732724836863325,0.054306670686178074,55.62,31457.27999999995,1.6199999999999999,0.0,1.0,0.025330362865069844,35.910000000000004,0.0,0.023562927,-1.1155745,-0.9721105,0.30706887803971766,0.0,0.008366847038269043
0.4156377885426149,0.06890857904471653,0.05351825575771546,56.699999999999996,24.450510725119518,1.6199999999999999,0.0,1.0,-0.05096591082492097,35.915,0.0,0.023562927,-1.1155745,-0.9721105,0.30706887803971766,0.0,0.008366847038269043
0.41229176101895737,0.06620603392346076,0.04252056863612933,57.599999999999994,42414.31011235948,1.6199999999999999,0.0,1.0,-0.035706656086922806,35.92,0.0,0.060663193,-1.0716311,-0.71902955,0.3181989580392837,0.0,0.08429113626480102
0.4060907622784248,0.050901486627764905,0.04096690738537419,58.68,110484.10536585421,1.6199999999999999,0.0,1.0,-0.005188146610926481,35.925000000000004,0.0,0.060663193,-1.0716311,-0.71902955,0.3181989580392837,0.0,0.08429113626480102
0.40141178704837877,0.044699893654954866,0.041377066293391905,59.76,133230.83294117625,1.6199999999999999,0.0,1.0,-0.09674367503891546,35.93,0.0,0.060663193,-1.0716311,-0.71902955,0.3181989580392837,0.0,0.08429113626480102
0.3965297310519499,0.03641187586519262,0.03799998019566305,60.66,111025.69411764688,1.7999999999999998,22205.138823529403,1.0,-0.14252143925290994,35.935,0.0,0.060663193,-1.0716311,-0.71902955,0.3181989580392837,0.0,0.08429113626480102
0.3906849251657298,0.020623549238837392,0.04082939728550339,61.559999999999995,22075.284210526283,1.7999999999999998,0.0,1.0,-0.2035584582049026,35.94,0.0,0.22855587,-1.0879294,-0.3077842,0.36856676191091536,0.0,0.2076647400856018
0.38266950558660395,0.016427300182100212,0.03067905835949989,62.28,23592.960000000196,1.98,5898.240000000005,1.0,-0.06622516556291913,35.945,0.0,0.22855587,-1.0879294,-0.3077842,0.36856676191091536,0.0,0.2076647400856018
0.37720672798443783,0.00626662907890681,0.024181650024486905,63.0,83886.07999999987,2.16,20971.52000000002,1.0,-0.020447401348924643,35.95,0.0,0.22855587,-1.0879294,-0.3077842,0.36856676191091536,0.0,0.2076647400856018
0.3709849973925094,0.007432624838953935,0.016944803110135388,63.72,94371.83999999985,2.52,47185.919999999984,1.0,-0.09674367503891546,35.955,0.0,0.22855587,-1.0879294,-0.3077842,0.36856676191091536,0.0,0.2076647400856018
0.3647999342689686,0.011912393174190197,0.006410552838187976,64.25999999999999,13.04589636661041,3.06,13.045896366610604,1.0,0.010071108127071682,35.96,0.0,0.17081085,-0.9100696,-0.21467155,0.3512432545423508,0.026979124546051024,0.23559853434562683
0.3601219091305734,0.0031863260070047897,-0.0038587743977956356,64.62,17764.1110588242,3.5999999999999996,26646.166588235275,1.0,-0.005188146610926481,35.965,0.0,0.17081085,-0.9100696,-0.21467155,0.3512432545423508,0.026979124546051024,0.23559853434562683
0.35544459671548695,-0.00689694861510381,-0.005848290052014376,64.98,37748.73599999994,4.32,75497.47200000007,1.0,-0.020447401348924643,35.97,0.0,0.17081085,-0.9100696,-0.21467155,0.3512432545423508,0.026979124546051024,0.23559853434562683
0.3497823593816746,-0.006047043359002552,-0.010689770486469139,65.16,23592.95999999903,5.04,94371.83999999997,1.0,-0.2035584582049026,35.975,0.0,0.17081085,-0.9100696,-0.21467155,0.3512432545423508,0.026979124546051024,0.23559853434562683
0.3454322438678011,-0.00259352946407644,-0.01468737477524485,65.16,0.0,5.9399999999999995,121770.11612903219,1.0,-0.31037324137088973,35.980000000000004,0.0,-0.06808086,-0.71049166,0.3506889,0.27957574278116226,0.08685250282287597,0.4052066713571548
0.34173764386198435,0.006110686210568077,-0.0129484297908323,65.16,0.0,7.02,133230.8329411765,1.0,-0.17303994872890627,35.985,0.0,-0.06808086,-0.71049166,0.3506889,0.27957574278116226,0.08685250282287597,0.4052066713571548
0.33702685067615523,-0.00039187310021142915,-0.0011660168056779135,64.98,-22205.1388235285,8.1,133230.8329411765,1.0,-0.1577806939909081,35.99,0.0,-0.06808086,-0.71049166,0.3506889,0.27957574278116226,0.08685250282287597,0.4052066713571548
0.3348136754912621,0.0027155397865563226,-0.0027123514128202623,64.8,-24354.023225807374,9.18,146124.13935483873,1.0,-0.11200292977691362,35.995,0.0,-0.06808086,-0.71049166,0.3506889,0.27957574278116226,0.08685250282287597,0.4052066713571548
0.331865864125506,-0.005935575819117826,-0.01259321670009686,64.62,-4.148167162998038,10.44,29.037170140987456,1.0,-0.17303994872890627,36.0,0.0,0.3307951,-0.80688536,0.07890932,0.39923853278160093,0.05793439149856567,0.32367279678583144
0.3295309393163692,-0.005027808181605708,-0.010313226010852768,64.08,-25165.82400000029,11.7,58720.25599999999,1.0,-0.14252143925290994,36.005,0.0,0.3307951,-0.80688536,0.07890932,0.39923853278160093,0.05793439149856567,0.32367279678583144
0.3278364320964168,-0.00673901472940994,0.004773711168090718,63.72,-9096.080963855407,12.959999999999999,31836.28337349397,1.0,-0.035706656086922806,36.01,0.0,0.3307951,-0.80688536,0.07890932,0.39923853278160093,0.05793439149856567,0.32367279678583144
0.3262100536246371,-0.025267250508182685,0.013941107448452181,63.18,-64712.118857142756,14.399999999999999,172565.65028571422,1.0,-0.14252143925290994,36.015,0.0,0.3307951,-0.80688536,0.07890932,0.39923853278160093,0.05793439149856567,0.32367279678583144
0.3260134129967709,-0.02461071604497469,0.02194258237042232,62.46,-44410.277647058756,15.84,88820.55529411773,1.0,-0.1577806939909081,36.02,0.0,-0.14495319,-0.43934163,1.0585403,0.2565140426158905,0.1681975096464157,0.6
0.3266889228674965,-0.02143208164415269,0.022359118803246016,61.739999999999995,-83886.0800000007,17.46,188743.6800000001,1.0,-0.035706656086922806,36.025,0.0,-0.14495319,-0.43934163,1.0585403,0.2565140426158905,0.1681975096464157,0.6
0.3277068062780238,-0.00903555982260983,0.047230491401341945,61.019999999999996,-83886.07999999987,18.9,167772.15999999974,1.0,0.10162663655506066,36.03,0.0,-0.14495319,-0.43934163,1.0585403,0.2565140426158905,0.1681975096464157,0.6
0.32878904464386505,-0.004083738891258433,0.06292120652400102,60.12,-114390.10909090891,20.34,183024.1745454547,1.0,-0.17303994872890627,36.035000000000004,0.0,-0.14495319,-0.43934163,1.0585403,0.2565140426158905,0.1681975096464157,0.6
0.32844844226677844,-0.008835535445564785,0.0848452878645219,59.22,-117964.79999999981,21.96,212336.64000000013,1.0,-0.17303994872890627,36.04,0.0,0.37238386,-0.80396855,-0.047435053,0.41171515882015225,0.05880943536758423,0.28576948419213294
0.3291635596309874,-0.006926614686193933,0.09735690304323742,58.32,-21.446073958765314,23.22,30.02450354227144,1.0,-0.035706656086922806,36.045,0.0,0.37238386,-0.80396855,-0.047435053,0.41171515882015225,0.05880943536758423,0.28576948419213294
0.33022173965051677,-0.0004934168909928113,0.11656814942396516,57.419999999999995,-53926.765714286055,24.48,75497.4720000001,1.0,0.04058961760306801,36.050000000000004,0.0,0.37238386,-0.80396855,-0.047435053,0.41171515882015225,0.05880943536758423,0.28576948419213294
0.33163959105380225,0.005897446010762413,0.12411754743106951,56.519999999999996,-96791.63076923061,25.38,96791.63076923061,1.0,-0.3256324961088879,36.055,0.0,0.37238386,-0.80396855,-0.047435053,0.41171515882015225,0.05880943536758423,0.28576948419213294
0.332368815412781,-0.005153793517348929,0.13847050239506645,55.8,-83886.07999999987,25.919999999999998,62914.5599999999,1.0,-0.08148442030091729,36.06,0.0,0.5790343,-0.8828169,-0.21268049,0.473710298538208,0.03515492677688598,0.23619585335254667
0.3329577169020545,0.004484925879069669,0.15762902868783116,55.26,-23349.733608247385,26.099999999999998,7783.244536082462,1.0,-0.020447401348924643,36.065,0.0,0.5790343,-0.8828169,-0.21268049,0.473710298538208,0.03515492677688598,0.23619585335254667
0.3335049293722417,0.00619992845888757,0.1726215437289357,54.72,-61214.16648648639,25.74,-40809.44432432426,1.0,0.26947843867304044,36.07,0.0,0.5790343,-0.8828169,-0.21268049,0.473710298538208,0.03515492677688598,0.23619585335254667
0.33424992853135493,0.013455775793531514,0.1888071295036595,54.18,-70778.87999999989,25.02,-94371.83999999985,1.0,0.05584887234106617,36.075,0.0,0.5790343,-0.8828169,-0.21268049,0.473710298538208,0.03515492677688598,0.23619585335254667
0.3353153397735614,0.015967595915109108,0.2032189232464821,54.0,-6801.574054054044,23.759999999999998,-47611.01837837844,1.0,-0.020447401348924643,36.08,0.0,0.80586624,-1.1463468,-0.71695554,0.5417598724365235,0.0,0.08491333723068237
0.33615751714299036,0.02407218795014021,0.213091022559732,54.0,0.0,22.14,-37.470207457896244,1.0,-0.08148442030091729,36.085,0.0,0.80586624,-1.1463468,-0.71695554,0.5417598724365235,0.0,0.08491333723068237
0.3365269815772224,0.03943777282537857,0.22351314270758513,54.0,0.0,20.16,-145696.8757894737,1.0,-0.23407696768089892,36.09,0.0,0.80586624,-1.1463468,-0.71695554,0.5417598724365235,0.0,0.08491333723068237
0.3363826081013738,0.04179322153251379,0.2404939079961775,54.0,0.0,17.64,-310871.9435294117,1.0,-0.14252143925290994,36.095,0.0,0.80586624,-1.1463468,-0.71695554,0.5417598724365235,0.0,0.08491333723068237
0.33626977895653204,0.03733515095779436,0.25485039988269187,54.18,23592.959999999963,14.94,-353894.40000000014,1.0,-0.035706656086922806,36.1,0.0,1.3616842,-1.1357076,-0.89011776,0.6,0.0,0.032964670658111574
0.33634088069324586,0.06350734367756863,0.26773236391613775,54.54,52067.222068965435,12.059999999999999,-416537.77655172424,1.0,-0.1577806939909081,36.105000000000004,0.0,1.3616842,-1.1357076,-0.89011776,0.6,0.0,0.032964670658111574
0.3362434844731301,0.06511578409621711,0.28167929258705976,54.72,22205.138823529378,8.82,-399692.4988235292,1.0,0.04058961760306801,36.11,0.0,1.3616842,-1.1357076,-0.89011776,0.6,0.0,0.032964670658111574
0.3368338527056682,0.07649350855963029,0.29317783293113225,55.08,47185.919999999925,5.3999999999999995,-448266.2400000001,1.0,-0.08148442030091729,36.115,0.0,1.3616842,-1.1357076,-0.89011776,0.6,0.0,0.032964670658111574
0.3369406275223608,0.08668484903420658,0.30005566031133196,55.44,14803.425882352918,1.98,-140632.54588235292,1.0,-0.29511398663289157,36.12,0.0,1.3497354,-1.2192045,-0.8701891,0.6,0.0,0.03894327878952026
0.33662244891904836,0.09005584808493114,0.3033234208139633,54.36,-146124.13935483847,1.6199999999999999,-48708.046451612914,1.0,0.31525620288703493,36.125,0.0,1.3497354,-1.2192045,-0.8701891,0.6,0.0,0.03894327878952026
0.3386750138161869,0.08838733676152014,0.30481377069515597,53.46,-21.80331652544572,2.88,30.524643135624057,1.0,-0.3256324961088879,36.13,0.0,1.3497354,-1.2192045,-0.8701891,0.6,0.0,0.03894327878952026
0.3405088284188032,0.08398277624180994,0.3050392258052663,52.559999999999995,-29723.414173228535,3.5999999999999996,23778.731338582667,1.0,0.05584887234106617,36.135,0.0,1.3497354,-1.2192045,-0.8701891,0.6,0.0,0.03894327878952026
0.3410663006999101,0.08099387682291162,0.30508078095370167,51.48,-80890.14857142845,4.32,53926.765714285764,1.0,0.04058961760306801,36.14,0.0,1.3843211,-1.3037043,-0.660602,0.6,0.0,0.10181940793991089
0.3427962683588,0.07679626102214282,0.3049615186885013,50.76,-83886.07999999987,4.5,20971.519999999968,1.0,-0.31037324137088973,36.145,0.0,1.3843211,-1.3037043,-0.660602,0.6,0.0,0.10181940793991089
0.34557942909158473,0.07472108845210158,0.3039805696796049,50.22,-75497.47199999988,3.96,-75497.47200000001,1.0,0.26947843867304044,36.15,0.0,1.3843211,-1.3037043,-0.660602,0.6,0.0,0.10181940793991089
0.34801199766108976,0.07188025607246647,0.3022568491347432,49.86,-45756.04363636357,3.2399999999999998,-91512.0872727273,1.0,-0.17303994872890627,36.155,0.0,1.3843211,-1.3037043,-0.660602,0.6,0.0,0.10181940793991089
0.3509510754452759,0.05807150369580667,0.3012882525311728,49.68,-23592.959999999963,1.98,-165150.71999999997,1.0,-0.09674367503891546,36.160000000000004,0.0,1.3894575,-1.5077815,-0.6211088,0.6,0.0,0.11366736888885498
0.35837500802281946,0.05999979647314306,0.30044353606281055,49.32,-47185.919999999925,1.44,-70778.88,1.0,0.0863673818170625,36.165,0.0,1.3894575,-1.5077815,-0.6211088,0.6,0.0,0.11366736888885498
0.3709035602757794,0.0672662959484585,0.2982665731400491,48.96,-8.181391533330792,1.7999999999999998,8.181391533330801,1.0,-0.38666951506088054,36.17,0.0,1.3894575,-1.5077815,-0.6211088,0.6,0.0,0.11366736888885498
0.3804724693486891,0.062481135231328214,0.29524571972167774,48.96,0.0,1.6199999999999999,-13245.170526315786,1.0,-0.05096591082492097,36.175000000000004,0.0,1.3894575,-1.5077815,-0.6211088,0.6,0.0,0.11366736888885498
0.39151346130696,0.06855502533888337,0.29146376938612034,48.96,0.0,1.6199999999999999,0.0,1.0,0.04058961760306801,36.18,0.0,1.345588,-1.6057013,-0.51242304,0.6,0.0,0.14627308845520018
0.40393635646223636,0.06756285513923185,0.2851074920133878,49.32,48708.04645161283,1.6199999999999999,0.0,1.0,-0.17303994872890627,36.185,0.0,1.345588,-1.6057013,-0.51242304,0.6,0.0,0.14627308845520018
0.41449424254179684,0.058876180580501175,0.2731364913631725,49.68,52067.222068965435,1.6199999999999999,0.0,1.0,-0.18829920346690443,36.19,0.0,1.345588,-1.6057013,-0.51242304,0.6,0.0,0.14627308845520018
0.4231945718363229,0.04413333585022755,0.26237586074237484,50.22,19194.27254237285,1.6199999999999999,0.0,1.0,-0.1577806939909081,36.195,0.0,1.345588,-1.6057013,-0.51242304,0.6,0.0,0.14627308845520018
0.4331336925402141,0.040923973636962235,0.2514291335427097,50.94,79471.02315789461,1.6199999999999999,0.0,1.0,-0.18829920346690443,36.2,0.0,1.2210712,-1.5149204,-0.57946527,0.6,0.0,0.12616041898727418
0.4408608778185114,0.032235802756414106,0.23945676680848563,51.839999999999996,121770.11612903206,1.6199999999999999,0.0,1.0,-0.14252143925290994,36.205,0.0,1.2210712,-1.5149204,-0.57946527,0.6,0.0,0.12616041898727418
0.4471465702096808,0.020623822868478348,0.22880511452584248,53.1,170478.16258064585,1.6199999999999999,0.0,1.0,-0.18829920346690443,36.21,0.0,1.2210712,-1.5149204,-0.57946527,0.6,0.0,0.12616041898727418
0.4538785248815006,0.007955911112200372,0.21976123475588985,54.18,26.43885486158529,1.6199999999999999,0.0,1.0,-0.1577806939909081,36.215,0.0,1.2210712,-1.5149204,-0.57946527,0.6,0.0,0.12616041898727418
0.45876478934792647,-0.004378889232756722,0.21103816401504913,55.62,92919.96553846139,1.6199999999999999,0.0,1.0,-0.12726218451491178,36.22,0.0,1.1541417,-1.6284767,-0.0241111,0.6,0.0,0.2927666701376438
0.46300989059054004,-0.01148535589648293,0.20399148800167236,57.239999999999995,61770.65890909081,1.6199999999999999,0.0,1.0,-0.11200292977691362,36.225,0.0,1.1541417,-1.6284767,-0.0241111,0.6,0.0,0.2927666701376438
0.46740471253791843,-0.013194545178112005,0.1989909671831347,58.86,199846.24941176525,1.6199999999999999,0.0,1.0,-0.14252143925290994,36.230000000000004,0.0,1.1541417,-1.6284767,-0.0241111,0.6,0.0,0.2927666701376438
0.4714084621840996,-0.011936456110309508,0.19352359204192005,60.66,251658.2399999996,1.6199999999999999,0.0,1.0,-0.14252143925290994,36.235,0.0,1.1541417,-1.6284767,-0.0241111,0.6,0.0,0.2927666701376438
0.4743647053150229,-0.0004945612371090339,0.18924582547236532,62.64,251658.24000000051,1.6199999999999999,0.0,1.0,-0.020447401348924643,36.24,0.0,0.75910485,-1.2569325,-0.5020651,0.527731454372406,0.0,0.1493804633617401
0.4781279320050776,0.004175019744120774,0.1861430762541966,64.62,251658.24000000051,1.6199999999999999,0.0,1.0,-0.12726218451491178,36.245,0.0,0.75910485,-1.2569325,-0.5020651,0.527731454372406,0.0,0.1493804633617401
0.48159836764490643,-0.0013413301382162986,0.18284586153949275,66.6,259522.55999999866,1.6199999999999999,0.0,1.0,-0.020447401348924643,36.25,0.0,0.75910485,-1.2569325,-0.5020651,0.527731454372406,0.0,0.1493804633617401
0.48426970914228856,-0.004981947807417303,0.18022013926075542,68.58,44.83779523477875,1.6199999999999999,0.0,1.0,-0.14252143925290994,36.255,0.0,0.75910485,-1.2569325,-0.5020651,0.527731454372406,0.0,0.1493804633617401
0.487446960805344,-0.009907542260579048,0.17809993942934296,70.56,150994.9440000003,1.6199999999999999,0.0,1.0,-0.020447401348924643,36.26,0.0,0.5955899,-1.1587821,-0.7090868,0.478676962852478,0.0,0.08727396726608276
0.4901689845336724,-0.007514867833282439,0.17592881929582949,72.53999999999999,259522.55999999866,1.7999999999999998,23592.959999999992,1.0,0.010071108127071682,36.265,0.0,0.5955899,-1.1587821,-0.7090868,0.478676962852478,0.0,0.08727396726608276
0.4925964530153417,-0.008390640973338135,0.17382672407043417,74.52,276824.06400000054,1.7999999999999998,0.0,1.0,-0.1577806939909081,36.27,0.0,0.5955899,-1.1587821,-0.7090868,0.478676962852478,0.0,0.08727396726608276
0.49503759829160143,-0.007091622807744026,0.17247664716710479,76.5,267894.2554838715,1.98,24354.02322580647,1.0,-0.18829920346690443,36.275,0.0,0.5955899,-1.1587821,-0.7090868,0.478676962852478,0.0,0.08727396726608276
0.49751444035529985,-0.011819690239253557,0.17067803945687282,78.3,251658.2399999996,2.16,25165.824000000022,1.0,0.10162663655506066,36.28,0.0,0.571743,-1.2587671,-0.063005306,0.4715229034423828,0.0,0.2810984082520008
0.5001927521097121,-0.012604735971502091,0.1681630963538752,79.92,212336.6400000006,2.52,47185.919999999984,1.0,-0.035706656086922806,36.285000000000004,0.0,0.571743,-1.2587671,-0.063005306,0.4715229034423828,0.0,0.2810984082520008
0.5021160978496255,-0.0002999315869349429,0.16701038806547785,81.36,183024.17454545427,3.2399999999999998,91512.08727272724,1.0,0.0863673818170625,36.29,0.0,0.571743,-1.2587671,-0.063005306,0.4715229034423828,0.0,0.2810984082520008
0.5046393138941057,-0.003947954330666139,0.1667465105284739,82.44,146124.13935483847,4.14,121770.11612903225,1.0,-0.08148442030091729,36.295,0.0,0.571743,-1.2587671,-0.063005306,0.4715229034423828,0.0,0.2810984082520008
0.5067977427159159,-0.010081709516275898,0.1677673483478248,83.52,24.449586933875917,5.3999999999999995,28.524518089521944,1.0,-0.05096591082492097,36.300000000000004,0.0,0.14724527,-0.90465975,-0.70406234,0.3441735818982124,0.028602075576782224,0.08878129720687866
0.5090376409463532,-0.005770824744065449,0.16746062109681673,84.06,19032.976134454002,7.02,57098.92840336135,1.0,-0.09674367503891546,36.305,0.0,0.14724527,-0.90465975,-0.70406234,0.3441735818982124,0.028602075576782224,0.08878129720687866
0.5106576401273,-0.017802505275748122,0.16756262956440518,84.42,45756.04363636357,9.18,274536.26181818184,1.0,-0.020447401348924643,36.31,0.0,0.14724527,-0.90465975,-0.70406234,0.3441735818982124,0.028602075576782224,0.08878129720687866
0.5121004245810821,-0.018876025996180327,0.1682319895787649,84.42,0.0,11.52,338436.94344827585,1.0,-0.24933622241889708,36.315,0.0,0.14724527,-0.90465975,-0.70406234,0.3441735818982124,0.028602075576782224,0.08878129720687866
0.5133085177491533,-0.020876030049025145,0.16851952336852313,84.24,-26963.38285714388,14.04,377487.3599999999,1.0,-0.12726218451491178,36.32,0.0,-0.63029957,-0.33559078,0.6517185,0.11091012954711914,0.19932276606559754,0.4955155491828918
0.515068986951493,-0.01889186076519733,0.16829842507481793,84.06,-23592.95999999903,16.56,330301.43999999994,1.0,-0.12726218451491178,36.325,0.0,-0.63029957,-0.33559078,0.6517185,0.11091012954711914,0.19932276606559754,0.4955155491828918
0.5160518001312939,-0.01562662685030152,0.1687453323500454,83.7,-27962.02666666662,18.9,181753.1733333333,1.0,-0.12726218451491178,36.33,0.0,-0.63029957,-0.33559078,0.6517185,0.11091012954711914,0.19932276606559754,0.4955155491828918
0.5164891164911753,-0.013295971506285009,0.16907717303649186,83.52,-24354.023225807374,21.06,292248.27870967746,1.0,-0.12726218451491178,36.335,0.0,-0.63029957,-0.33559078,0.6517185,0.11091012954711914,0.19932276606559754,0.4955155491828918
0.5171722894433539,-0.006234249042713416,0.1689808733448385,83.34,-25165.823999998967,22.86,251658.2400000001,1.0,0.025330362865069844,36.34,0.0,-0.19133049,-0.6040304,-0.3450354,0.24260085225105285,0.11879088878631591,0.1964893788099289
0.5175742382180955,-0.007273402209190271,0.16905866158149857,83.16,-4.397953688870932,23.939999999999998,26.387722133224553,1.0,0.10162663655506066,36.345,0.0,-0.19133049,-0.6040304,-0.3450354,0.24260085225105285,0.11879088878631591,0.1964893788099289
0.5162470207544079,-0.01409595292277685,0.17017733180988648,83.16,0.0,24.66,46459.982769230926,1.0,-0.18829920346690443,36.35,0.0,-0.19133049,-0.6040304,-0.3450354,0.24260085225105285,0.11879088878631591,0.1964893788099289
0.5153382068254174,-0.01863471243879476,0.17062657989269625,83.16,0.0,24.84,21570.706285714252,1.0,-0.24933622241889708,36.355000000000004,0.0,-0.19133049,-0.6040304,-0.3450354,0.24260085225105285,0.11879088878631591,0.1964893788099289
0.5154101301229859,-0.004094953017956744,0.17158114515925135,83.34,24354.023225807374,24.66,-24354.023225806413,1.0,-0.08148442030091729,36.36,0.0,-0.17593798,-0.7259296,-0.847434,0.24721860587596892,0.08222111463546752,0.04576980471611023
0.5147719206163536,-0.009711811195341397,0.1724224920323333,83.52,25165.823999998967,24.3,-50331.64799999992,1.0,-0.035706656086922806,36.365,0.0,-0.17593798,-0.7259296,-0.847434,0.24721860587596892,0.08222111463546752,0.04576980471611023
0.5128318100961171,-0.0029831035791441857,0.17254742785760352,83.52,0.0,23.759999999999998,-21167.515514018796,1.0,0.010071108127071682,36.37,0.0,-0.17593798,-0.7259296,-0.847434,0.24721860587596892,0.08222111463546752,0.04576980471611023
0.5119238700979334,-0.012102910798695366,0.17255010147857835,83.52,0.0,23.22,-68634.06545454534,1.0,0.010071108127071682,36.375,0.0,-0.17593798,-0.7259296,-0.847434,0.24721860587596892,0.08222111463546752,0.04576980471611023
0.5112065148324727,-0.02173785747494098,0.1728345852819448,83.34,-25165.823999998967,22.68,-75497.47199999988,1.0,-0.06622516556291913,36.38,0.0,-0.22549698,-0.76380754,-1.0565803,0.23235090672969816,0.07085773944854735,0.0
0.5095682458446384,-0.02069651230244462,0.17255457976684369,83.34,0.0,22.14,-12.364607976940443,1.0,0.010071108127071682,36.385,0.0,-0.22549698,-0.76380754,-1.0565803,0.23235090672969816,0.07085773944854735,0.0
0.5078472044577633,-0.012571563224143212,0.17393248937889821,83.16,-8031.645957447113,21.24,-40158.22978723414,1.0,-0.17303994872890627,36.39,0.0,-0.22549698,-0.76380754,-1.0565803,0.23235090672969816,0.07085773944854735,0.0
0.5077717621838006,0.010362718968486355,0.18229770598080922,82.8,-62914.5599999999,20.52,-125829.1199999998,1.0,-0.14252143925290994,36.395,0.0,-0.22549698,-0.76380754,-1.0565803,0.23235090672969816,0.07085773944854735,0.0
0.5039420279599479,0.01092134891488168,0.19776220338394698,82.61999999999999,-35951.177142858505,19.439999999999998,-215707.06285714323,1.0,-0.035706656086922806,36.4,0.0,0.04842908,-0.8038331,-1.4461,0.3145287238061428,0.05885006189346313,0.0
0.4884673715575828,0.022077692170750018,0.2110566072147042,82.25999999999999,-94371.83999999985,18.54,-235929.59999999963,1.0,0.0863673818170625,36.405,0.0,0.04842908,-0.8038331,-1.4461,0.3145287238061428,0.05885006189346313,0.0
0.4704764945291419,0.03957205433497347,0.22388945317491077,81.72,-90596.96639999867,17.46,-181193.93279999972,1.0,-0.24933622241889708,36.410000000000004,0.0,0.04842908,-0.8038331,-1.4461,0.3145287238061428,0.05885006189346313,0.0
0.45296006249869153,0.0586360720319119,0.23246249377991657,81.17999999999999,-102951.09818181937,16.56,-171585.16363636404,1.0,0.025330362865069844,36.415,0.0,0.04842908,-0.8038331,-1.4461,0.3145287238061428,0.05885006189346313,0.0
0.4345187491780784,0.05914763878119786,0.2364262351041156,80.28,-188743.67999999822,15.66,-188743.6799999997,1.0,-0.12726218451491178,36.42,0.0,-0.12805937,-0.7866044,-1.2739825,0.261582188308239,0.06401867866516113,0.0
0.4158086793333625,0.07204651549119062,0.23785439420379467,79.56,-167772.15999999974,14.76,-209715.20000000007,1.0,-0.34089175084688605,36.425000000000004,0.0,-0.12805937,-0.7866044,-1.2739825,0.261582188308239,0.06401867866516113,0.0
0.40060631667349805,0.08010336149887769,0.23852874061692483,78.48,-25.696018515367033,14.04,-17.13067901024473,1.0,-0.29511398663289157,36.43,0.0,-0.12805937,-0.7866044,-1.2739825,0.261582188308239,0.06401867866516113,0.0
0.38440950681165004,0.07867329165723294,0.23865857244326233,77.39999999999999,-35389.44000000041,13.139999999999999,-29491.20000000001,1.0,-0.09674367503891546,36.435,0.0,-0.12805937,-0.7866044,-1.2739825,0.261582188308239,0.06401867866516113,0.0
0.3701195331862295,0.07898275455972759,0.23753235131332545,76.14,-240219.22909090735,12.6,-102951.09818181802,1.0,-0.5087435529648658,36.44,0.0,0.2212297,-0.8254323,-1.1271245,0.36636891067028043,0.052370309829711914,0.0
0.35870161023936564,0.06909838063260944,0.2368748251071991,74.88,-251658.240000001,11.879999999999999,-143804.7085714287,1.0,-0.2035584582049026,36.445,0.0,0.2212297,-0.8254323,-1.1271245,0.36636891067028043,0.052370309829711914,0.0
0.3477045709273224,0.0691182967889662,0.23656117716156136,73.61999999999999,-278148.5810526327,11.16,-158942.04631578922,1.0,-0.005188146610926481,36.45,0.0,0.2212297,-0.8254323,-1.1271245,0.36636891067028043,0.052370309829711914,0.0
0.3371065612222851,0.07916669455075911,0.23526741532201018,72.17999999999999,-287609.4171428567,10.62,-107853.53142857162,1.0,-0.020447401348924643,36.455,0.0,0.2212297,-0.8254323,-1.1271245,0.36636891067028043,0.052370309829711914,0.0
0.329382627068866,0.09001410311877062,0.2332305554631237,70.56,-339738.623999998,10.08,-113246.20799999982,1.0,-0.12726218451491178,36.46,0.0,-0.030922659,-0.90631926,-1.0882416,0.2907232023775577,0.028104221820831297,0.0
0.3224099372311422,0.09561904759678957,0.22678353001668827,69.12,-301989.8879999995,9.719999999999999,-75497.47200000026,1.0,0.07110812707906433,36.465,0.0,-0.030922659,-0.90631926,-1.0882416,0.2907232023775577,0.028104221820831297,0.0
0.31619130376481425,0.08291140879266756,0.21521790148192618,67.32,-41.1841084023852,9.36,-8.236821680476975,1.0,0.04058961760306801,36.47,0.0,-0.030922659,-0.90631926,-1.0882416,0.2907232023775577,0.028104221820831297,0.0
0.31177927067150213,0.08603873384231527,0.199892806679755,65.52,-184140.1756097558,9.18,-18414.017560975582,1.0,-0.26459547715689524,36.475,0.0,-0.030922659,-0.90631926,-1.0882416,0.2907232023775577,0.028104221820831297,0.0
0.3094570302774852,0.10130061369525932,0.18326622468772966,63.72,-397355.11578947306,8.82,-79471.02315789461,1.0,-0.08148442030091729,36.480000000000004,0.0,0.534595,-0.87452865,-0.44434908,0.46037850379943845,0.03764140605926514,0.1666952759027481
0.30900901649589013,0.09124844664492927,0.16577641790858497,61.739999999999995,-136142.98229508224,8.82,0.0,1.0,-0.08148442030091729,36.485,0.0,0.534595,-0.87452865,-0.44434908,0.46037850379943845,0.03764140605926514,0.1666952759027481
0.3084665588981176,0.08494320915138981,0.14957878225025797,59.76,-244256.52705882315,8.82,0.0,1.0,-0.23407696768089892,36.49,0.0,0.534595,-0.87452865,-0.44434908,0.46037850379943845,0.03764140605926514,0.1666952759027481
0.3086236128734697,0.08900277048375833,0.13358249196496463,57.599999999999994,-452984.83200000075,9.0,37748.73599999994,1.0,-0.31037324137088973,36.495,0.0,0.534595,-0.87452865,-0.44434908,0.46037850379943845,0.03764140605926514,0.1666952759027481
0.30803916349824595,0.07343031102367598,0.11959210543136094,55.44,-431414.125714285,9.18,35951.17714285709,1.0,-0.06622516556291913,36.5,0.0,0.08600962,-1.0274965,-1.0179071,0.32580288648605343,0.0,0.0
0.3079766442288649,0.06993754716224221,0.10591942347572547,53.28,-476826.13894736767,9.36,39735.511578947306,1.0,-0.23407696768089892,36.505,0.0,0.08600962,-1.0274965,-1.0179071,0.32580288648605343,0.0,0.0
0.3081791563767684,0.0802634851072212,0.09444936029188486,50.94,-577333.6094117656,9.36,0.0,1.0,0.2084414197210478,36.51,0.0,0.08600962,-1.0274965,-1.0179071,0.32580288648605343,0.0,0.0
0.30998730477837144,0.07712483636317016,0.08363563910935173,48.78,-53.167545818930776,9.36,0.0,1.0,-0.23407696768089892,36.515,0.0,0.08600962,-1.0274965,-1.0179071,0.32580288648605343,0.0,0.0
0.31195383480986016,0.08296552471991653,0.07470853218952596,46.8,-224451.94378378423,9.18,-20404.72216216213,1.0,-0.18829920346690443,36.52,0.0,0.5679829,-0.9981133,-0.9780911,0.47039487361907956,0.0005660176277160644,0.0065726637840271
0.3139270876282913,0.08792684891733428,0.06594424664456192,44.82,-96566.53395348822,8.82,-17557.55162790695,1.0,-0.3256324961088879,36.525,0.0,0.5679829,-0.9981133,-0.9780911,0.47039487361907956,0.0005660176277160644,0.0065726637840271
0.31605114388982586,0.07335476441354057,0.04297155518347712,43.019999999999996,-328249.87826087035,8.28,-98474.96347826104,1.0,-0.005188146610926481,36.53,0.0,0.5679829,-0.9981133,-0.9780911,0.47039487361907956,0.0005660176277160644,0.0065726637840271
0.31812255979253434,0.0803337508101083,0.040722744871855475,41.4,-377487.3599999994,7.199999999999999,-251658.24000000002,1.0,-0.17303994872890627,36.535000000000004,0.0,0.5679829,-0.9981133,-0.9780911,0.47039487361907956,0.0005660176277160644,0.0065726637840271
0.3205148338299251,0.08510832636784613,0.04524887178827138,40.14,-264241.1519999996,5.76,-301989.8879999999,1.0,-0.26459547715689524,36.54,0.0,0.5248234,-1.2601393,-1.0694462,0.4574470281600952,0.0,0.0
0.3229567042953732,0.07869124469972602,0.03154564842695496,39.059999999999995,-94371.84000000048,3.96,-157286.4,1.0,-0.05096591082492097,36.545,0.0,0.5248234,-1.2601393,-1.0694462,0.4574470281600952,0.0,0.0
0.3254449391135277,0.08502233221357407,0.025098306028990845,38.339999999999996,-150994.94399999976,1.6199999999999999,-490733.56799999997,1.0,-0.08148442030091729,36.550000000000004,0.0,0.5248234,-1.2601393,-1.0694462,0.4574470281600952,0.0,0.0
0.32691722830522224,0.08263029266643605,0.03017705956875933,36.9,-32.698813058307564,1.6199999999999999,0.0,1.0,-0.11200292977691362,36.555,0.0,0.5248234,-1.2601393,-1.0694462,0.4574470281600952,0.0,0.0
0.3297746157313547,0.08775911640719497,0.028046011525716803,36.0,-83886.07999999987,2.34,67108.864,1.0,-0.524002807702864,36.56,0.0,0.68057287,-1.378013,-0.97235346,0.504171860218048,0.0,0.008293962478637696
0.33226633776462244,0.07547240146090803,0.031021476445646557,35.28,-137268.1309090907,2.34,0.0,1.0,-0.17303994872890627,36.565,0.0,0.68057287,-1.378013,-0.97235346,0.504171860218048,0.0,0.008293962478637696
0.3341007885115686,0.08636047608760633,0.034040730981838976,34.74,-119206.53473684192,1.98,-79471.02315789471,1.0,0.0863673818170625,36.57,0.0,0.68057287,-1.378013,-0.97235346,0.504171860218048,0.0,0.008293962478637696
0.33505166142420006,0.07611059652701536,0.03563223708664366,34.56,-44410.277647058756,1.44,-133230.8329411765,1.0,-0.11200292977691362,36.575,0.0,0.68057287,-1.378013,-0.97235346,0.504171860218048,0.0,0.008293962478637696
0.33576459734031905,0.07630855180442078,0.033500835599409,34.379999999999995,-32824.9878260882,1.6199999999999999,32824.987826086945,1.0,-0.17303994872890627,36.58,0.0,0.8221228,-1.4246072,-0.76836556,0.5466368436813355,0.0,0.0694903314113617
0.33657672010909,0.07348095100713635,0.03537451171824962,34.56,35951.177142858505,1.6199999999999999,0.0,1.0,-0.12726218451491178,36.585,0.0,0.8221228,-1.4246072,-0.76836556,0.5466368436813355,0.0,0.0694903314113617
0.33697019455276994,0.07553441862030709,0.030620919940027937,34.92,75497.47199999988,1.6199999999999999,0.0,1.0,0.025330362865069844,36.59,0.0,0.8221228,-1.4246072,-0.76836556,0.5466368436813355,0.0,0.0694903314113617
0.33831601806561684,0.0685158799796796,0.039455929903658794,35.46,34317.03272727267,1.6199999999999999,0.0,1.0,-0.23407696768089892,36.595,0.0,0.8221228,-1.4246072,-0.76836556,0.5466368436813355,0.0,0.0694903314113617
0.3376242079136454,0.0632664461807553,0.04302180024852462,36.0,12.980847078781744,1.6199999999999999,0.0,1.0,-0.11200292977691362,36.6,0.0,0.9997072,-1.5591733,-0.63302565,0.599912166595459,0.0,0.11009230613708496
0.3369017204078168,0.05175021657727043,0.042329168131647534,36.72,81618.88864864851,1.6199999999999999,0.0,1.0,-0.17303994872890627,36.605000000000004,0.0,0.9997072,-1.5591733,-0.63302565,0.599912166595459,0.0,0.11009230613708496
0.33784718576877054,0.04186955441958087,0.03643713645459403,37.8,88820.55529411751,1.6199999999999999,0.0,1.0,-0.2798547318948934,36.61,0.0,0.9997072,-1.5591733,-0.63302565,0.599912166595459,0.0,0.11009230613708496
0.340227901662374,0.026437971124946353,0.039504072530019085,38.699999999999996,188743.6799999997,1.6199999999999999,0.0,1.0,-0.05096591082492097,36.615,0.0,0.9997072,-1.5591733,-0.63302565,0.599912166595459,0.0,0.11009230613708496
0.34243635409330253,0.02174467790710431,0.02586620061286113,39.78,238413.0694736854,1.6199999999999999,0.0,1.0,-0.005188146610926481,36.62,0.0,1.2366838,-1.7182393,-0.22532323,0.6,0.0,0.23240303099155424
0.3471827386085554,0.01983759954622982,0.019916011082916962,41.04,264241.1519999996,1.6199999999999999,0.0,1.0,-0.035706656086922806,36.625,0.0,1.2366838,-1.7182393,-0.22532323,0.6,0.0,0.23240303099155424
0.35875677050575544,0.0177729561748526,0.013787009257150488,42.48,317884.09263157845,1.6199999999999999,0.0,1.0,-0.38666951506088054,36.63,0.0,1.2366838,-1.7182393,-0.22532323,0.6,0.0,0.23240303099155424
0.3678385143200238,0.00829703819397454,0.014573094560105688,43.92,317884.09263158,1.6199999999999999,0.0,1.0,-0.06622516556291913,36.635,0.0,1.2366838,-1.7182393,-0.22532323,0.6,0.0,0.23240303099155424
0.37489831532946755,-0.007273180696099582,0.009195927408823202,45.54,37.059026343059664,1.6199999999999999,0.0,1.0,-0.020447401348924643,36.64,0.0,1.2134459,-1.5235902,-0.20249027,0.6,0.0,0.23925291895866393
0.3853614479254923,0.014890007371575644,0.011030874759851787,47.16,33973.86239999995,1.6199999999999999,0.0,1.0,-0.09674367503891546,36.645,0.0,1.2134459,-1.5235902,-0.20249027,0.6,0.0,0.23925291895866393
0.3937753237482671,0.0004078575438174339,0.022257021075196746,48.96,167772.1600000004,1.6199999999999999,0.0,1.0,-0.06622516556291913,36.65,0.0,1.2134459,-1.5235902,-0.20249027,0.6,0.0,0.23925291895866393
0.40006580497999167,-0.0184720069218126,0.025897273631811397,50.94,120358.28869565198,1.6199999999999999,0.0,1.0,0.025330362865069844,36.655,0.0,1.2134459,-1.5235902,-0.20249027,0.6,0.0,0.23925291895866393
0.40974956504420323,-0.01774691011929826,0.016827937532520508,52.919999999999995,237277.76914285676,1.6199999999999999,0.0,1.0,0.025330362865069844,36.660000000000004,0.0,1.4088751,-1.7117814,0.45198885,0.6,0.0,0.43559665381908413
0.41803933181441494,-0.01395125297282445,0.0193664823203177,54.9,251658.24000000051,1.6199999999999999,0.0,1.0,-0.12726218451491178,36.665,0.0,1.4088751,-1.7117814,0.45198885,0.6,0.0,0.43559665381908413
0.4247348338092305,-0.005689149390567876,0.017039958735918587,57.059999999999995,226492.41599999965,1.6199999999999999,0.0,1.0,-0.14252143925290994,36.67,0.0,1.4088751,-1.7117814,0.45198885,0.6,0.0,0.43559665381908413
0.43191313728594877,0.00506152263609447,0.017263682566044436,59.22,274536.2618181823,1.6199999999999999,0.0,1.0,-0.24933622241889708,36.675000000000004,0.0,1.4088751,-1.7117814,0.45198885,0.6,0.0,0.43559665381908413
0.43942778452045517,-0.003029894019746646,0.020890886451948157,61.379999999999995,292248.27870967693,1.6199999999999999,0.0,1.0,-0.18829920346690443,36.68,0.0,1.1500185,-1.2692505,0.102222964,0.6,0.0,0.3306668892502785
0.44554940145209426,-0.0061960869776565616,0.023966571308948068,63.72,53.01015603817515,1.6199999999999999,0.0,1.0,0.04058961760306801,36.685,0.0,1.1500185,-1.2692505,0.102222964,0.6,0.0,0.3306668892502785
0.4518159487594521,0.005819852650613986,0.03590188206189151,65.88,150994.94399999976,1.6199999999999999,0.0,1.0,-0.020447401348924643,36.69,0.0,1.1500185,-1.2692505,0.102222964,0.6,0.0,0.3306668892502785
0.45879366806345234,0.0030294442893263394,0.03645779149855174,68.22,297414.2836363641,1.6199999999999999,0.0,1.0,0.10162663655506066,36.695,0.0,1.1500185,-1.2692505,0.102222964,0.6,0.0,0.3306668892502785
0.46371656154930996,0.0027956051927009967,0.0516816298557077,70.38,74259.80852459004,1.7999999999999998,6188.3173770491785,1.0,-0.12726218451491178,36.7,0.0,1.2541045,-1.495501,0.622033,0.6,0.0,0.48660989999771115
0.46860395212956024,0.004545697333224533,0.06521658859820703,72.53999999999999,283115.51999999955,1.7999999999999998,0.0,1.0,-0.17303994872890627,36.705,0.0,1.2541045,-1.495501,0.622033,0.6,0.0,0.48660989999771115
0.47278741479403075,-0.006604856333839052,0.0698649523768489,74.7,274536.2618181832,1.98,22878.021818181838,1.0,-0.21881771294290076,36.71,0.0,1.2541045,-1.495501,0.622033,0.6,0.0,0.48660989999771115
0.47559779067311975,0.0003209197616472994,0.09837669637355645,76.67999999999999,251658.2399999987,2.16,22878.021818181838,1.0,-0.08148442030091729,36.715,0.0,1.2541045,-1.495501,0.622033,0.6,0.0,0.48660989999771115
0.47806226862078405,-0.009799304145854814,0.1133649986558308,78.48,139810.1333333342,2.6999999999999997,41943.03999999997,1.0,0.04058961760306801,36.72,0.0,0.9325118,-1.0297049,0.1056624,0.5797535419464112,0.0,0.3316987194120884
0.48090854423638896,0.004849459216884509,0.11595902780572456,80.1,219186.20903225677,3.2399999999999998,73062.06967741936,1.0,0.10162663655506066,36.725,0.0,0.9325118,-1.0297049,0.1056624,0.5797535419464112,0.0,0.3316987194120884
0.48241787093838695,-0.003981692392133116,0.13417901577081878,81.53999999999999,34.858729460652704,4.14,21.786705912907973,1.0,-0.06622516556291913,36.730000000000004,0.0,0.9325118,-1.0297049,0.1056624,0.5797535419464112,0.0,0.3316987194120884
0.4839334136258201,-0.0036418465070909094,0.15270809612496142,82.8,71416.52756756786,5.22,61214.16648648649,1.0,-0.2035584582049026,36.735,0.0,0.9325118,-1.0297049,0.1056624,0.5797535419464112,0.0,0.3316987194120884
0.4852684903117182,-0.012387996222484023,0.16737841158207054,83.7,104857.60000000066,6.84,188743.68000000002,1.0,-0.1577806939909081,36.74,0.0,0.08845662,-0.5381572,0.9338833,0.32653698697686195,0.13855283260345458,0.5801649928092957
0.48647922583363773,-0.011079102471158361,0.18447694464201053,84.24,68634.06545454444,8.82,251658.24000000005,1.0,-0.12726218451491178,36.745,0.0,0.08845662,-0.5381572,0.9338833,0.32653698697686195,0.13855283260345458,0.5801649928092957
0.48765935126969484,-0.0063486406318116724,0.20192566010199586,84.6,13852.747155963281,10.98,83116.48293577982,1.0,-0.005188146610926481,36.75,0.0,0.08845662,-0.5381572,0.9338833,0.32653698697686195,0.13855283260345458,0.5801649928092957
0.48818477801885474,0.005528920539920256,0.21622385550288015,84.6,0.0,13.5,320292.3054545454,1.0,-0.11200292977691362,36.755,0.0,0.08845662,-0.5381572,0.9338833,0.32653698697686195,0.13855283260345458,0.5801649928092957
0.48824159248320903,-0.00842496258083145,0.2301413353126925,84.6,0.0,15.84,306708.48,1.0,-0.1577806939909081,36.76,0.0,0.5694014,-0.67401385,0.06550485,0.470820415019989,0.09779584407806396,0.31965145468711853
0.4882440836950973,-0.006910588522286265,0.24186081917259564,84.42,-24354.023225805453,18.0,292248.27870967746,1.0,-0.21881771294290076,36.765,0.0,0.5694014,-0.67401385,0.06550485,0.470820415019989,0.09779584407806396,0.31965145468711853
0.48830907519346584,-0.00777288301215455,0.24937425843608124,84.24,-4.184377726171962,19.62,37.65939953554626,1.0,-0.3256324961088879,36.77,0.0,0.5694014,-0.67401385,0.06550485,0.470820415019989,0.09779584407806396,0.31965145468711853
0.4879830411831629,-0.013547461214246713,0.25938685874944667,84.24,0.0,20.7,70778.87999999989,1.0,0.11688589129305882,36.775,0.0,0.5694014,-0.67401385,0.06550485,0.470820415019989,0.09779584407806396,0.31965145468711853
0.4879199694331753,-0.009723736795631207,0.2741569767506257,84.24,0.0,21.06,40809.44432432426,1.0,-0.34089175084688605,36.78,0.0,0.8250438,-0.8578553,-0.6751224,0.5475131392478942,0.042643404006958006,0.09746328592300414
0.4878897973341707,-0.020179087907913448,0.28662482461173727,84.24,0.0,20.7,-52067.222068965435,1.0,-0.1577806939909081,36.785000000000004,0.0,0.8250438,-0.8578553,-0.6751224,0.5475131392478942,0.042643404006958006,0.09746328592300414
0.4874884892361678,-0.02368254896259583,0.2973727768031525,84.24,0.0,19.98,-100663.29599999984,1.0,-0.05096591082492097,36.79,0.0,0.8250438,-0.8578553,-0.6751224,0.5475131392478942,0.042643404006958006,0.09746328592300414
0.4872820767120281,-0.010819876667865928,0.3052731277804263,84.42,24354.023225807374,18.72,-170478.16258064538,1.0,0.05584887234106617,36.795,0.0,0.8250438,-0.8578553,-0.6751224,0.5475131392478942,0.042643404006958006,0.09746328592300414
0.4872573623518578,-0.009326316259597118,0.3095189618198839,84.42,0.0,17.099999999999998,-205902.1963636365,1.0,-0.23407696768089892,36.800000000000004,0.0,0.6559322,-0.9205096,-0.8453185,0.49677965641021726,0.023847126960754392,0.04640445113182068
0.48703099549132756,-0.015197276165854048,0.31426586600190787,84.42,0.0,15.299999999999999,-251658.23999999985,1.0,-0.08148442030091729,36.805,0.0,0.6559322,-0.9205096,-0.8453185,0.49677965641021726,0.023847126960754392,0.04640445113182068
0.48737122411677286,-0.01874997695172707,0.3231725627697743,84.24,-14803.425882353502,13.32,-162837.68470588225,1.0,0.04058961760306801,36.81,0.0,0.6559322,-0.9205096,-0.8453185,0.49677965641021726,0.023847126960754392,0.04640445113182068
0.4862753980649906,-0.013111916130894328,0.3314401265343802,84.24,0.0,10.98,-55.856897746868434,1.0,-0.11200292977691362,36.815,0.0,0.6559322,-0.9205096,-0.8453185,0.49677965641021726,0.023847126960754392,0.04640445113182068
0.4845834065974268,-0.019461087440240794,0.33877810657846363,84.06,-11796.479999999516,8.459999999999999,-165150.7200000001,1.0,-0.020447401348924643,36.82,0.0,0.946952,-0.990137,-1.3497958,0.5840855956077575,0.0029589056968688963,0.0
0.4851413233388501,-0.006119671870559803,0.3481820064381326,84.06,0.0,5.58,-326475.55459459446,1.0,-0.11200292977691362,36.825,0.0,0.946952,-0.990137,-1.3497958,0.5840855956077575,0.0029589056968688963,0.0
0.4851612717612698,0.014907848935240858,0.35902882987547907,83.7,-47185.919999999925,2.52,-401080.32,1.0,-0.1577806939909081,36.83,0.0,0.946952,-0.990137,-1.3497958,0.5840855956077575,0.0029589056968688963,0.0
0.4844791807478526,0.007733785581963082,0.3666637627121852,82.61999999999999,-137268.1309090925,1.44,-137268.13090909092,1.0,-0.020447401348924643,36.835,0.0,0.946952,-0.990137,-1.3497958,0.5840855956077575,0.0029589056968688963,0.0
0.48545051100338477,0.028025025074722366,0.36987896179349555,81.17999999999999,-183024.17454545427,2.6999999999999997,160146.1527272727,1.0,-0.43244727927487503,36.84,0.0,0.6657827,-1.0911165,-1.2871833,0.4997348070144653,0.0,0.0
0.4857244433688269,0.0397323392604196,0.37182569037363017,79.74,-188743.6799999997,3.2399999999999998,70778.88,1.0,-0.11200292977691362,36.845,0.0,0.6657827,-1.0911165,-1.2871833,0.4997348070144653,0.0,0.0
0.4867890069200941,0.029708365395272905,0.37257542013285283,78.48,-170478.16258064393,3.06,-24354.023225806413,1.0,-0.18829920346690443,36.85,0.0,0.6657827,-1.0911165,-1.2871833,0.4997348070144653,0.0,0.0
0.48774370674745643,0.03903655248327394,0.3710548486919405,77.58,-20.459797725770038,2.34,-16.367838180615934,1.0,-0.005188146610926481,36.855000000000004,0.0,0.6657827,-1.0911165,-1.2871833,0.4997348070144653,0.0,0.0
0.48827719597599756,0.030557224302802364,0.3698408137776933,76.5,-87112.46769230756,1.44,-72593.72307692307,1.0,0.05584887234106617,36.86,0.0,0.48683128,-1.131605,-1.2366713,0.4460493832826614,0.0,0.0
0.4896304107081308,0.048026179834874554,0.36890663888408304,75.24,-170478.16258064585,1.7999999999999998,48708.046451612885,1.0,-0.035706656086922806,36.865,0.0,0.48683128,-1.131605,-1.2366713,0.4460493832826614,0.0,0.0
0.4903758540319352,0.04999362606042922,0.3666390560077362,74.16,-156201.6662068963,1.6199999999999999,-26033.61103448275,1.0,-0.12726218451491178,36.87,0.0,0.48683128,-1.131605,-1.2366713,0.4460493832826614,0.0,0.0
0.49113512247677393,0.05627207700684042,0.3642451323372862,73.08,-150994.94399999976,1.6199999999999999,0.0,1.0,0.04058961760306801,36.875,0.0,0.48683128,-1.131605,-1.2366713,0.4460493832826614,0.0,0.0
0.4920674887499444,0.034905695342851636,0.3621648133392648,72.17999999999999,-125829.1200000008,1.6199999999999999,0.0,1.0,-0.06622516556291913,36.88,0.0,0.5490563,-1.1067954,-1.22529,0.46471688747406004,0.0,0.0
0.4926813164992479,0.0480409024261298,0.35548780886259634,71.46,-100663.29599999984,1.6199999999999999,0.0,1.0,-0.09674367503891546,36.885,0.0,0.5490563,-1.1067954,-1.22529,0.46471688747406004,0.0,0.0
0.4935498190747732,0.04214153359912801,0.3431073897151579,70.74,-30198.988799999952,1.6199999999999999,0.0,1.0,-0.18829920346690443,36.89,0.0,0.5490563,-1.1067954,-1.22529,0.46471688747406004,0.0,0.0
0.49528268588058766,0.04276145855130335,0.32976057729761626,70.2,-64712.118857141904,1.6199999999999999,0.0,1.0,-0.05096591082492097,36.895,0.0,0.5490563,-1.1067954,-1.22529,0.46471688747406004,0.0,0.0
0.49618685538418156,0.027888081255405758,0.3170086059356449,69.84,-8.767103333352674,1.6199999999999999,0.0,1.0,-0.2798547318948934,36.9,0.0,0.2650775,-1.20407,-1.2925621,0.3795232504606247,0.0,0.0
0.49642616555127517,0.028652943244857104,0.30122252657534937,69.66,-13726.81309090961,1.6199999999999999,0.0,1.0,-0.26459547715689524,36.905,0.0,0.2650775,-1.20407,-1.2925621,0.3795232504606247,0.0,0.0
0.49688738990223813,0.04032127107013879,0.2831384538368665,69.48,-6239.460495867513,1.6199999999999999,0.0,1.0,-0.2035584582049026,36.910000000000004,0.0,0.2650775,-1.20407,-1.2925621,0.3795232504606247,0.0,0.0
0.49756333182372897,0.05648766385617473,0.2617526820684256,69.66,22205.1388235285,1.6199999999999999,0.0,1.0,-0.005188146610926481,36.915,0.0,0.2650775,-1.20407,-1.2925621,0.3795232504606247,0.0,0.0
0.4977729762917627,0.05036730078912885,0.24038225021313012,69.66,0.0,1.6199999999999999,0.0,1.0,0.025330362865069844,36.92,0.0,0.14373487,-1.180158,-1.3364098,0.3431204617023468,0.0,0.0
0.49700709976914953,0.042389309361366166,0.21845520364260637,69.84,24354.023225807374,1.6199999999999999,0.0,1.0,-0.06622516556291913,36.925000000000004,0.0,0.14373487,-1.180158,-1.3364098,0.3431204617023468,0.0,0.0
0.49606832897435715,0.038894420391028035,0.19812931272893755,70.2,47185.919999999925,1.6199999999999999,0.0,1.0,-0.2035584582049026,36.93,0.0,0.14373487,-1.180158,-1.3364098,0.3431204617023468,0.0,0.0
0.49582089444273275,0.04018612670503577,0.17798775277793996,70.56,50331.64799999992,1.6199999999999999,0.0,1.0,-0.12726218451491178,36.935,0.0,0.14373487,-1.180158,-1.3364098,0.3431204617023468,0.0,0.0
0.4949265233293431,0.022913635799055202,0.1595613687189182,71.1,12.37697292275727,1.6199999999999999,0.0,1.0,0.14740440076905514,36.94,0.0,0.03666771,-1.1231512,-1.2972008,0.3110003124922514,0.0,0.0
0.49328337805356903,0.019714852791997386,0.14300208655996177,71.46,9617.512356687883,1.6199999999999999,0.0,1.0,-0.17303994872890627,36.945,0.0,0.03666771,-1.1231512,-1.2972008,0.3110003124922514,0.0,0.0
0.4926967440193432,0.01093356284895705,0.1280082515388809,72.0,55242.05268292747,1.6199999999999999,0.0,1.0,-0.09674367503891546,36.95,0.0,0.03666771,-1.1231512,-1.2972008,0.3110003124922514,0.0,0.0
0.4916644016028261,0.023792639292908913,0.11427172000330417,72.53999999999999,61214.166486485585,1.6199999999999999,0.0,1.0,-0.020447401348924643,36.955,0.0,0.03666771,-1.1231512,-1.2972008,0.3110003124922514,0.0,0.0
0.4909290088036094,0.011943357065983401,0.10128897716988612,73.08,73062.06967742021,1.6199999999999999,0.0,1.0,-0.11200292977691362,36.96,0.0,-0.047300816,-1.0614282,-1.1095517,0.2858097553253174,0.0,0.0
0.48971692391044236,-0.005331685787850108,0.0878959959991593,73.61999999999999,41180.43927272667,1.6199999999999999,0.0,1.0,-0.21881771294290076,36.965,0.0,-0.047300816,-1.0614282,-1.1095517,0.2858097553253174,0.0,0.0
0.48863429264762637,-0.009891492891775513,0.07715925489678854,74.16,68634.06545454625,1.7999999999999998,22878.02181818181,1.0,-0.1577806939909081,36.97,0.0,-0.047300816,-1.0614282,-1.1095517,0.2858097553253174,0.0,0.0
0.4869846799607513,-0.012465129297871486,0.0763286240256771,74.7,68634.06545454625,1.7999999999999998,0.0,1.0,-0.18829920346690443,36.975,0.0,-0.047300816,-1.0614282,-1.1095517,0.2858097553253174,0.0,0.0
0.48605416762644355,-0.013419928330390768,0.06653610921801244,75.06,50331.64799999992,1.7999999999999998,0.0,1.0,-0.1577806939909081,36.980000000000004,0.0,-0.1482237,-0.93692374,-1.0179636,0.2555328905582428,0.018922877311706544,0.0
0.48543547510756085,-0.004737233424879162,0.0639896329385958,75.6,13.072174440012967,1.98,4.357391480004391,1.0,-0.11200292977691362,36.985,0.0,-0.1482237,-0.93692374,-1.0179636,0.2555328905582428,0.018922877311706544,0.0
0.4841298215444034,-0.006464441664419073,0.05665083048929159,75.96,17764.111058823502,1.98,0.0,1.0,-0.24933622241889708,36.99,0.0,-0.1482237,-0.93692374,-1.0179636,0.2555328905582428,0.018922877311706544,0.0
0.4809043126473119,-0.009536206301676694,0.04915877753724294,76.14,18874.368000000715,2.16,18874.368000000017,1.0,-0.08148442030091729,36.995,0.0,-0.1482237,-0.93692374,-1.0179636,0.2555328905582428,0.018922877311706544,0.0
0.4780343326143275,-0.013724292691444996,0.037735941159618536,76.32,22205.1388235285,2.52,44410.27764705881,1.0,-0.2035584582049026,37.0,0.0,-0.31606677,-0.8235482,-0.6740379,0.20517996847629547,0.05293554067611694,0.09778863787651061
0.4741569077662003,-0.008889014789161766,0.027677935236753718,76.5,6622.585263158146,2.88,13245.170526315786,1.0,-0.2035584582049026,37.005,0.0,-0.31606677,-0.8235482,-0.6740379,0.20517996847629547,0.05293554067611694,0.09778863787651061
0.462428023905201,-0.011981974489341012,0.025526765893292325,76.5,0.0,3.42,59603.26736842105,1.0,-0.29511398663289157,37.01,0.0,-0.31606677,-0.8235482,-0.6740379,0.20517996847629547,0.05293554067611694,0.09778863787651061
0.449771541283214,-0.008957621366615333,0.023261870276457507,76.5,0.0,3.96,66615.41647058824,1.0,-0.09674367503891546,37.015,0.0,-0.31606677,-0.8235482,-0.6740379,0.20517996847629547,0.05293554067611694,0.09778863787651061
0.438589552840042,-0.0037581789100191876,0.014327584951639261,76.32,-13981.013333333864,4.68,55924.053333333315,1.0,-0.24933622241889708,37.02,0.0,-0.23507479,-0.778962,-0.6427213,0.22947756350040435,0.06631139516830444,0.10718361139297485
0.4258461604592081,0.003959731140934454,0.007725231625519834,75.96,-8.253660648398668,5.3999999999999995,16.507321296797357,1.0,-0.23407696768089892,37.025,0.0,-0.23507479,-0.778962,-0.6427213,0.22947756350040435,0.06631139516830444,0.10718361139297485
0.41322318013614123,-0.0027846063007264895,0.002622658914853328,75.6,-16412.493913043454,6.3,41031.23478260871,1.0,-0.2035584582049026,37.03,0.0,-0.23507479,-0.778962,-0.6427213,0.22947756350040435,0.06631139516830444,0.10718361139297485
0.4021710280254426,-0.00951131661465393,-0.006400500545766959,75.24,-39735.511578947306,7.199999999999999,99338.77894736837,1.0,0.025330362865069844,37.035000000000004,0.0,-0.23507479,-0.778962,-0.6427213,0.22947756350040435,0.06631139516830444,0.10718361139297485
0.39092961017455397,-0.008323780583359358,-0.01191281858774786,74.7,-66615.41647058725,8.28,133230.8329411765,1.0,-0.34089175084688605,37.04,0.0,-0.43269202,-0.5830972,0.3157647,0.17019239366054534,0.12507083415985107,0.394729408621788
0.380363454800586,-0.005320994462331494,-0.0025844381671272848,73.98,-111848.10666666648,9.36,167772.16,1.0,-0.005188146610926481,37.045,0.0,-0.43269202,-0.5830972,0.3157647,0.17019239366054534,0.12507083415985107,0.394729408621788
0.3715931496415437,-0.010828909743198226,0.0003028384899749567,73.25999999999999,-94371.84000000171,10.26,117964.80000000005,1.0,-0.17303994872890627,37.050000000000004,0.0,-0.43269202,-0.5830972,0.3157647,0.17019239366054534,0.12507083415985107,0.394729408621788
0.36301644969571345,-0.009280302808056723,-0.009476885921326075,72.53999999999999,-88820.55529411751,11.52,155435.97176470584,1.0,-0.09674367503891546,37.055,0.0,-0.43269202,-0.5830972,0.3157647,0.17019239366054534,0.12507083415985107,0.394729408621788
0.35311892123598093,-0.004663825736566565,0.0016338325708824242,71.64,-121770.1161290311,12.6,146124.13935483873,1.0,-0.12726218451491178,37.06,0.0,-0.31454188,-0.6692679,-0.33998597,0.20563743710517882,0.09921963214874267,0.19800420999526977
0.3459536313434671,0.002453425700853926,0.0031711381032615,70.74,-117964.80000000075,13.86,165150.71999999997,1.0,-0.29511398663289157,37.065,0.0,-0.31454188,-0.6692679,-0.33998597,0.20563743710517882,0.09921963214874267,0.19800420999526977
0.3377028240836588,-0.011915133358241455,-0.000440437932378889,69.66,-26.136052343091848,15.12,30.492061066940533,1.0,-0.06622516556291913,37.07,0.0,-0.31454188,-0.6692679,-0.33998597,0.20563743710517882,0.09921963214874267,0.19800420999526977
0.32856917582677886,-0.010411693867544527,0.0004454559881154836,68.58,-58074.97846153837,16.56,77433.3046153846,1.0,-0.05096591082492097,37.075,0.0,-0.31454188,-0.6692679,-0.33998597,0.20563743710517882,0.09921963214874267,0.19800420999526977
0.3212836155911983,-0.00010564424365582874,-0.0038705404547398343,67.32,-40342.160610687184,18.0,46105.326412213784,1.0,-0.2798547318948934,37.08,0.0,-0.1101315,-0.5583973,0.8373924,0.2669605493545532,0.1324808120727539,0.5512177169322967
0.31446713902826084,0.0025050261172576646,-0.006331727857204564,66.06,-146800.63999999894,19.259999999999998,146800.63999999978,1.0,-0.14252143925290994,37.085,0.0,-0.1101315,-0.5583973,0.8373924,0.2669605493545532,0.1324808120727539,0.5512177169322967
0.30612855808291417,-0.000577126519481457,-0.002133853340169219,64.8,-170478.16258064585,20.7,194832.18580645177,1.0,-0.21881771294290076,37.09,0.0,-0.1101315,-0.5583973,0.8373924,0.2669605493545532,0.1324808120727539,0.5512177169322967
0.2996191996087956,0.007496942060702693,0.003470982634940772,63.36,-172565.65028571401,22.32,194136.35657142868,1.0,-0.08148442030091729,37.095,0.0,-0.1101315,-0.5583973,0.8373924,0.2669605493545532,0.1324808120727539,0.5512177169322967
0.293714878763594,0.00407171573302532,0.003688825279292875,61.919999999999995,-188743.68000000063,23.759999999999998,188743.6799999997,1.0,-0.08148442030091729,37.1,0.0,-0.25332865,-0.6696794,-0.566041,0.22400140464305876,0.09909617900848389,0.13018770217895506
0.2877012199409601,-0.005760317580620713,0.014625306254105429,60.3,-219186.20903225773,25.38,219186.2090322582,1.0,-0.1577806939909081,37.105000000000004,0.0,-0.25332865,-0.6696794,-0.566041,0.22400140464305876,0.09909617900848389,0.13018770217895506
0.2823794726378178,0.022659966075115227,0.03607223047113241,58.68,-212336.63999999966,26.82,188743.68000000017,1.0,-0.12726218451491178,37.11,0.0,-0.25332865,-0.6696794,-0.566041,0.22400140464305876,0.09909617900848389,0.13018770217895506
0.2781880022724984,0.031073980865177035,0.06529333795740368,57.059999999999995,-37.23530255038864,28.08,28.960790872524367,1.0,0.10162663655506066,37.115,0.0,-0.25332865,-0.6696794,-0.566041,0.22400140464305876,0.09909617900848389,0.13018770217895506
0.272625209703228,0.04599172088838326,0.07213524845411612,55.26,-51358.824489795836,29.34,35951.17714285719,1.0,-0.06622516556291913,37.12,0.0,0.3435192,-0.74297905,-0.14627576,0.4030557632446289,0.07710628509521485,0.25611727237701415
0.26713979390437503,0.058877544223709444,0.08999239794863245,53.64,-161780.2971428569,30.24,89877.94285714271,1.0,-0.17303994872890627,37.125,0.0,0.3435192,-0.74297905,-0.14627576,0.4030557632446289,0.07710628509521485,0.25611727237701415
0.26217551846270065,0.05535052645564322,0.1107364907759828,52.019999999999996,-226492.41600000064,30.599999999999998,50331.64799999992,1.0,0.07110812707906433,37.13,0.0,0.3435192,-0.74297905,-0.14627576,0.4030557632446289,0.07710628509521485,0.25611727237701415
0.2574714752342392,0.051798098524817635,0.12798910805969754,50.4,-234302.49931034446,30.779999999999998,26033.611034482718,1.0,-0.29511398663289157,37.135,0.0,0.3435192,-0.74297905,-0.14627576,0.4030557632446289,0.07710628509521485,0.25611727237701415
0.2526650042679035,0.05267739303684288,0.14193667714768524,48.96,-188743.6799999997,30.419999999999998,-47185.919999999925,1.0,-0.035706656086922806,37.14,0.0,0.22422178,-0.92206645,-1.060603,0.367266534268856,0.02338006496429443,0.0
0.2495189284589632,0.05653296130173649,0.15271703810898113,47.339999999999996,-212336.6400000006,29.88,-70778.87999999989,1.0,-0.14252143925290994,37.145,0.0,0.22422178,-0.92206645,-1.060603,0.367266534268856,0.02338006496429443,0.0
0.2483568837854511,0.07702924318584906,0.15825712613467818,45.9,-194832.1858064513,28.98,-121770.11612903206,1.0,-0.005188146610926481,37.15,0.0,0.22422178,-0.92206645,-1.060603,0.367266534268856,0.02338006496429443,0.0
0.247916091338668,0.07855448792081497,0.16557737649848803,44.46,-32.90922829634548,27.9,-24.681921222259195,1.0,-0.29511398663289157,37.155,0.0,0.22422178,-0.92206645,-1.060603,0.367266534268856,0.02338006496429443,0.0
0.24876486951519333,0.09134710636822375,0.18054671203305828,43.019999999999996,-86282.82514285743,26.459999999999997,-86282.82514285723,1.0,-0.17303994872890627,37.160000000000004,0.0,0.4904148,-1.1010143,-1.1975429,0.4471244394779205,0.0,0.0
0.2495360633199094,0.11019329692641126,0.1967262157535301,41.76,-142833.0551351349,24.66,-204047.2216216213,1.0,0.025330362865069844,37.165,0.0,0.4904148,-1.1010143,-1.1975429,0.4471244394779205,0.0,0.0
0.25028668161032697,0.11613476503712096,0.2056102802520302,40.5,-170478.1625806449,22.32,-316602.3019354839,1.0,-0.1577806939909081,37.17,0.0,0.4904148,-1.1010143,-1.1975429,0.4471244394779205,0.0,0.0
0.25095839636656686,0.11569797438482674,0.2088577574232235,39.42,-150994.94399999976,19.98,-327155.712,1.0,-0.035706656086922806,37.175000000000004,0.0,0.4904148,-1.1010143,-1.1975429,0.4471244394779205,0.0,0.0
0.2517240395629042,0.1104679630494693,0.21080754961591114,38.339999999999996,-33064.58627737243,17.28,-82661.46569343064,1.0,-0.14252143925290994,37.18,0.0,1.0904974,-0.970235,-1.3648981,0.6,0.008929502964019774,0.0
0.2514420840314087,0.10133449650648295,0.21195746253411793,37.26,-133230.83294117625,14.399999999999999,-355282.2211764709,1.0,-0.11200292977691362,37.185,0.0,1.0904974,-0.970235,-1.3648981,0.6,0.008929502964019774,0.0
0.2513918958603408,0.0945756427410358,0.21204261951507292,36.36,-117964.79999999981,11.52,-377487.35999999987,1.0,-0.1577806939909081,37.19,0.0,1.0904974,-0.970235,-1.3648981,0.6,0.008929502964019774,0.0
0.251092088275406,0.09811457025368045,0.21254416580112379,35.46,-125829.1199999998,8.459999999999999,-427819.0080000001,1.0,-0.020447401348924643,37.195,0.0,1.0904974,-0.970235,-1.3648981,0.6,0.008929502964019774,0.0
0.2529486473809208,0.09819346343049107,0.21234675488048332,34.74,-17.08019976584635,5.22,-76.86089894630867,1.0,-0.020447401348924643,37.2,0.0,1.1811357,-1.2809967,-1.1025647,0.6,0.0,0.0
0.25479733945531025,0.10525229842920694,0.21230566942432952,34.019999999999996,-41368.47780821952,1.7999999999999998,-196500.2695890411,1.0,-0.23407696768089892,37.205,0.0,1.1811357,-1.2809967,-1.1025647,0.6,0.0,0.0
0.25551483197139546,0.10469058160534335,0.212695912031991,31.86,-266461.6658823525,1.7999999999999998,0.0,1.0,-0.1577806939909081,37.21,0.0,1.1811357,-1.2809967,-1.1025647,0.6,0.0,0.0
0.2585377152237486,0.09359452303487059,0.21246609140724237,30.419999999999998,-201326.59200000018,3.06,176160.76800000004,1.0,-0.5392620624408622,37.215,0.0,1.1811357,-1.2809967,-1.1025647,0.6,0.0,0.0
0.26083633475139,0.09958738882589514,0.21153173888539253,28.799999999999997,-226492.41600000014,3.5999999999999996,75497.47199999994,1.0,0.10162663655506066,37.22,0.0,1.3820074,-1.2912722,-0.9505651,0.6,0.0,0.014830470085144043
0.2631531309860493,0.10170449530879895,0.21029510599362666,27.18,-199846.24941176438,4.32,88820.55529411773,1.0,0.19318216498304963,37.225,0.0,1.3820074,-1.2912722,-0.9505651,0.6,0.0,0.014830470085144043
0.26662239597206977,0.11333302756673264,0.20922728096702875,26.279999999999998,-29723.414173228415,4.32,0.0,1.0,-0.11200292977691362,37.230000000000004,0.0,1.3820074,-1.2912722,-0.9505651,0.6,0.0,0.014830470085144043
0.27316401395201995,0.10689449045529595,0.20676973666396312,25.56,-86282.82514285701,3.5999999999999996,-86282.82514285723,1.0,-0.005188146610926481,37.235,0.0,1.3820074,-1.2912722,-0.9505651,0.6,0.0,0.014830470085144043
0.2799190474293642,0.1112110158338698,0.1986913740772481,25.38,-4.131753837734293,2.34,-28.922276864140095,1.0,-0.020447401348924643,37.24,0.0,1.4618313,-1.6337199,-0.8389969,0.6,0.0,0.04830093383789062
0.28612881701525605,0.11073428121595259,0.18682515602631528,25.2,-11614.995692307673,1.44,-58074.978461538456,1.0,-0.24933622241889708,37.245,0.0,1.4618313,-1.6337199,-0.8389969,0.6,0.0,0.04830093383789062
0.30071881563634284,0.10370801956023487,0.17126276815327318,25.02,-20971.519999999968,1.7999999999999998,41943.039999999986,1.0,-0.17303994872890627,37.25,0.0,1.4618313,-1.6337199,-0.8389969,0.6,0.0,0.04830093383789062
0.31866984153372985,0.09945434050174025,0.15544070182186334,25.38,50331.64799999992,1.6199999999999999,-25165.82399999999,1.0,0.05584887234106617,37.255,0.0,1.4618313,-1.6337199,-0.8389969,0.6,0.0,0.04830093383789062
0.3316169816537331,0.06958909652589391,0.14016319981004552,25.919999999999998,75497.47199999988,1.6199999999999999,0.0,1.0,-0.11200292977691362,37.26,0.0,1.6649953,-1.827206,-0.6601768,0.6,0.0,0.10194695591926574
0.34653342889836697,0.06223727117109936,0.12554374932804666,26.82,117964.80000000028,1.6199999999999999,0.0,1.0,-0.005188146610926481,37.265,0.0,1.6649953,-1.827206,-0.6601768,0.6,0.0,0.10194695591926574
0.3630771149175774,0.07043456268742941,0.1112087944210247,28.08,165150.71999999974,1.44,-23592.959999999992,1.0,-0.020447401348924643,37.27,0.0,1.6649953,-1.827206,-0.6601768,0.6,0.0,0.10194695591926574
0.374942626068652,0.04361012494449428,0.09904965091116129,29.7,219186.2090322582,1.6199999999999999,24354.023225806442,1.0,-0.2035584582049026,37.275,0.0,1.6649953,-1.827206,-0.6601768,0.6,0.0,0.10194695591926574
0.3864197985569295,0.050788862362913016,0.0865634404915354,31.5,251658.2400000001,1.44,-25165.82399999999,1.0,-0.11200292977691362,37.28,0.0,1.5888141,-1.7083315,-0.5605484,0.6,0.0,0.13183547258377074
0.39897813871547766,0.026928778806020688,0.07416623937469316,33.839999999999996,56.78143685276242,1.6199999999999999,4.367802834827884,1.0,-0.18829920346690443,37.285000000000004,0.0,1.5888141,-1.7083315,-0.5605484,0.6,0.0,0.13183547258377074
0.4077538787112052,0.0220662257919668,0.065438725874495,36.36,148868.25464788752,1.6199999999999999,0.0,1.0,-0.17303994872890627,37.29,0.0,1.5888141,-1.7083315,-0.5605484,0.6,0.0,0.13183547258377074
0.4154165510195979,0.011738233472091677,0.05501825881797259,39.059999999999995,68634.06545454534,1.6199999999999999,0.0,1.0,-0.12726218451491178,37.295,0.0,1.5888141,-1.7083315,-0.5605484,0.6,0.0,0.13183547258377074
0.42307695623966984,0.0008576868595642743,0.0479807377989043,42.12,377487.3600000003,1.6199999999999999,0.0,1.0,-0.11200292977691362,37.300000000000004,0.0,1.5800974,-1.938203,0.36856636,0.6,0.0,0.41056990921497344
0.4294859556260385,0.00029378293153302425,0.048072435865011316,45.36,194136.35657142868,1.6199999999999999,0.0,1.0,-0.11200292977691362,37.305,0.0,1.5800974,-1.938203,0.36856636,0.6,0.0,0.41056990921497344
0.43360063273140576,-0.011042122661026148,0.03929899773831421,48.78,421897.63764705905,1.6199999999999999,0.0,1.0,-0.11200292977691362,37.31,0.0,1.5800974,-1.938203,0.36856636,0.6,0.0,0.41056990921497344
0.4403718975141426,-0.005962509553888132,0.026549340442297065,52.199999999999996,448266.2399999993,1.6199999999999999,0.0,1.0,-0.18829920346690443,37.315,0.0,1.5800974,-1.938203,0.36856636,0.6,0.0,0.41056990921497344
0.44507449228407703,-0.0030162067130222324,0.03294720602367238,55.8,503316.4800000002,1.6199999999999999,0.0,1.0,-0.23407696768089892,37.32,0.0,1.1983031,-1.394798,-0.16158935,0.6,0.0,0.2515231937170029
0.4500771880917428,-0.007597033660937307,0.03533207498726518,59.58,87.58697736086714,1.6199999999999999,0.0,1.0,0.07110812707906433,37.325,0.0,1.1983031,-1.394798,-0.16158935,0.6,0.0,0.2515231937170029
0.4548816686427851,0.008872655405070802,0.04342012063793139,63.18,184140.17560975617,1.6199999999999999,0.0,1.0,-0.09674367503891546,37.33,0.0,1.1983031,-1.394798,-0.16158935,0.6,0.0,0.2515231937170029
0.45823122015224305,0.0026063613435781514,0.03339604368455977,66.96,121026.48183206088,1.6199999999999999,0.0,1.0,0.05584887234106617,37.335,0.0,1.1983031,-1.394798,-0.16158935,0.6,0.0,0.2515231937170029
0.4616106441114934,0.0016430864485676348,0.032654194772580254,70.74,452984.8320000001,1.7999999999999998,21570.706285714277,1.0,-0.11200292977691362,37.34,0.0,1.2001039,-1.6389842,0.56903607,0.6,0.0,0.4707108199596405
0.4652552217210246,-0.014481514735062042,0.033479214538004835,74.34,503316.4800000012,1.7999999999999998,0.0,1.0,-0.23407696768089892,37.345,0.0,1.2001039,-1.6389842,0.56903607,0.6,0.0,0.4707108199596405
0.4695250350299058,-0.015508557338168229,0.03132568860468059,77.75999999999999,421897.6376470573,1.98,22205.138823529433,1.0,0.0863673818170625,37.35,0.0,1.2001039,-1.6389842,0.56903607,0.6,0.0,0.4707108199596405
0.4732277893035642,-0.013513500480880878,0.04945795257886036,81.0,212336.6400000006,2.34,23592.959999999992,1.0,0.010071108127071682,37.355000000000004,0.0,1.2001039,-1.6389842,0.56903607,0.6,0.0,0.4707108199596405
0.47756441102271086,-0.003414332756067661,0.05285947059383376,84.06,401080.3200000003,3.2399999999999998,117964.79999999999,1.0,-0.12726218451491178,37.36,0.0,0.6685542,-1.0801944,-0.17149639,0.5005662560462951,0.0,0.24855108261108397
0.48229480585730516,-0.006315872001799195,0.05656565633756988,86.75999999999999,365310.34838709526,4.32,146124.1393548388,1.0,-0.21881771294290076,37.365,0.0,0.6685542,-1.0801944,-0.17149639,0.5005662560462951,0.0,0.24855108261108397
0.4846134305549259,-0.014526495682183472,0.0680959269746316,88.92,51.6107340249178,6.12,43.008945020764614,1.0,-0.005188146610926481,37.37,0.0,0.6685542,-1.0801944,-0.17149639,0.5005662560462951,0.0,0.24855108261108397
0.4873772320616085,-0.016141713187531652,0.08119016755400467,90.53999999999999,95701.02084506986,8.82,159501.70140845072,1.0,-0.17303994872890627,37.375,0.0,0.6685542,-1.0801944,-0.17149639,0.5005662560462951,0.0,0.24855108261108397
0.4898493442680703,-0.011036559360093956,0.09551107388441853,91.44,34631.86788990848,12.24,131601.09798165137,1.0,-0.05096591082492097,37.38,0.0,-0.4671727,-0.27128986,1.2026638,0.15984818637371062,0.21861304342746735,0.6
0.4920247097335727,-0.00923625548712634,0.11309455758135142,91.61999999999999,20971.51999999914,16.56,503316.4799999998,1.0,-0.05096591082492097,37.385,0.0,-0.4671727,-0.27128986,1.2026638,0.15984818637371062,0.21861304342746735,0.6
0.493467071573866,-0.021427562014846465,0.12691186977045976,91.44,-13726.813090908527,21.599999999999998,384350.7665454545,1.0,-0.12726218451491178,37.39,0.0,-0.4671727,-0.27128986,1.2026638,0.15984818637371062,0.21861304342746735,0.6
0.4956261962073335,-0.020340133831962183,0.1409025807244949,90.72,-88820.55529411751,26.82,643949.0258823532,1.0,0.14740440076905514,37.395,0.0,-0.4671727,-0.27128986,1.2026638,0.15984818637371062,0.21861304342746735,0.6
0.49707212910593007,-0.011071853320151523,0.154655879675173,90.0,-91512.08727272713,31.86,640584.6109090908,1.0,-0.29511398663289157,37.4,0.0,0.119364426,-0.58761,-0.017698638,0.3358093276619911,0.12371699810028075,0.29469040855765344
0.4981187875364521,-0.006837239349410117,0.1635789443497799,89.1,-125829.1200000008,36.36,629145.6,1.0,-0.1577806939909081,37.405,0.0,0.119364426,-0.58761,-0.017698638,0.3358093276619911,0.12371699810028075,0.29469040855765344
0.49839488652255554,-0.02098705648647467,0.17339165401875392,88.38,-16.57663867206795,39.6,74.59487402430594,1.0,-0.14252143925290994,37.410000000000004,0.0,0.119364426,-0.58761,-0.017698638,0.3358093276619911,0.12371699810028075,0.29469040855765344
0.4984643565665082,-0.018240811067464634,0.19103467535897473,88.02,-16063.291914893593,41.04,64253.16765957437,1.0,0.05584887234106617,37.415,0.0,0.119364426,-0.58761,-0.017698638,0.3358093276619911,0.12371699810028075,0.29469040855765344
0.49843247760621373,-0.013995371594825733,0.20766462279700032,88.2,18874.368000000715,40.86,-18874.36799999997,1.0,-0.31037324137088973,37.42,0.0,0.51242477,-0.77871394,-1.1424546,0.45372743010520933,0.066385817527771,0.0
0.49821981279712446,-0.010789144292282784,0.22053424437825667,88.38,20971.51999999914,39.24,-188743.6799999997,1.0,-0.14252143925290994,37.425000000000004,0.0,0.51242477,-0.77871394,-1.1424546,0.45372743010520933,0.066385817527771,0.0
0.49792307558249743,-0.01770397433001162,0.23351240618020858,88.56,25165.824000000954,36.9,-327155.71200000047,1.0,-0.12726218451491178,37.43,0.0,0.51242477,-0.77871394,-1.1424546,0.45372743010520933,0.066385817527771,0.0
0.49810392688209254,-0.010686273059979448,0.2416843261771779,88.74,21570.7062857134,34.199999999999996,-323560.5942857146,1.0,-0.14252143925290994,37.435,0.0,0.51242477,-0.77871394,-1.1424546,0.45372743010520933,0.066385817527771,0.0
0.49736688250490463,-0.02154156968913327,0.24642009678349694,88.56,-22205.1388235285,31.32,-355282.22117647005,1.0,-0.29511398663289157,37.44,0.0,0.24998166,-0.83619106,-1.3333015,0.3749944970011711,0.04914268255233765,0.0
0.4971858042434666,-0.014907238305097202,0.24972043673062533,88.38,-6398.090847457869,28.439999999999998,-102369.45355932212,1.0,-0.08148442030091729,37.445,0.0,0.24998166,-0.83619106,-1.3333015,0.3749944970011711,0.04914268255233765,0.0
0.4967354171685625,-0.01446128490049245,0.25158064244781614,88.2,-23592.95999999903,25.38,-401080.31999999983,1.0,0.0863673818170625,37.45,0.0,0.24998166,-0.83619106,-1.3333015,0.3749944970011711,0.04914268255233765,0.0
0.4957094259891594,0.0017081261754429366,0.2531193750135231,87.66,-13.162271308774713,22.32,-74.5862040830558,1.0,-0.005188146610926481,37.455,0.0,0.24998166,-0.83619106,-1.3333015,0.3749944970011711,0.04914268255233765,0.0
0.4949688263494151,0.009921387628224313,0.26193330973800194,86.94,-41368.47780821911,19.259999999999998,-175816.03068493164,1.0,0.10162663655506066,37.46,0.0,0.6483418,-0.7852925,-1.582916,0.4945025324821472,0.06441224813461303,0.0
0.49469015022113777,0.008105615484401946,0.27560686308486304,86.22,-71902.35428571417,16.2,-305585.0057142856,1.0,-0.12726218451491178,37.465,0.0,0.6483418,-0.7852925,-1.582916,0.4945025324821472,0.06441224813461303,0.0
0.4932727969697952,0.030442368981137388,0.2882489235582913,85.32,-31197.30247933904,12.959999999999999,-112310.28892561984,1.0,-0.3714102603228824,37.47,0.0,0.6483418,-0.7852925,-1.582916,0.4945025324821472,0.06441224813461303,0.0
0.49266429203998674,0.0420632327219479,0.2981394541878325,84.6,-88820.55529411751,9.54,-421897.6376470588,1.0,0.04058961760306801,37.475,0.0,0.6483418,-0.7852925,-1.582916,0.4945025324821472,0.06441224813461303,0.0
0.4928951192483862,0.048557697564863236,0.30453832365375627,83.7,-107853.53142857041,6.3,-388272.7131428571,1.0,-0.2035584582049026,37.480000000000004,0.0,0.37407294,-0.88415253,-1.5869704,0.4122218817472458,0.0347542405128479,0.0
0.49243390613927074,0.06779020085881952,0.3075733543271897,82.8,-111025.69411764776,2.88,-421897.6376470588,1.0,0.2084414197210478,37.485,0.0,0.37407294,-0.88415253,-1.5869704,0.4122218817472458,0.0347542405128479,0.0
0.49176569432776396,0.06645353411205815,0.30799185316692507,81.17999999999999,-226492.41600000064,1.26,-226492.416,1.0,-0.05096591082492097,37.49,0.0,0.37407294,-0.88415253,-1.5869704,0.4122218817472458,0.0347542405128479,0.0
0.49177829454787697,0.06664830976207743,0.30715863943726934,78.84,-52.99097994751992,2.6999999999999997,32.60983381385856,1.0,-0.035706656086922806,37.495,0.0,0.37407294,-0.88415253,-1.5869704,0.4122218817472458,0.0347542405128479,0.0
0.4892688207309373,0.05636972180413169,0.307691644217598,76.5,-148707.14181818205,3.96,80073.07636363638,1.0,-0.035706656086922806,37.5,0.0,0.15692914,-0.9527737,-1.3533512,0.34707874059677124,0.014167892932891845,0.0
0.485779845709263,0.05739216385511238,0.30669886226441284,74.34,-274536.2618181814,4.859999999999999,114390.10909090903,1.0,-0.14252143925290994,37.505,0.0,0.15692914,-0.9527737,-1.3533512,0.34707874059677124,0.014167892932891845,0.0
0.48300316543137395,0.06269218698141624,0.30388369298337775,72.53999999999999,-243540.23225806604,5.04,24354.023225806533,1.0,-0.06622516556291913,37.51,0.0,0.15692914,-0.9527737,-1.3533512,0.34707874059677124,0.014167892932891845,0.0
0.47788857264963613,0.06924778567401173,0.2962970350818278,70.74,-269633.82857142814,4.859999999999999,-26963.382857142948,1.0,0.2847376934110386,37.515,0.0,0.15692914,-0.9527737,-1.3533512,0.34707874059677124,0.014167892932891845,0.0
0.46793278824999773,0.0659762217215815,0.2820199040789595,69.12,-219186.20903225677,4.5,-48708.04645161283,1.0,-0.21881771294290076,37.52,0.0,0.5151392,-0.95815015,-0.82048154,0.45454176664352414,0.012554955482482909,0.0538555383682251
0.45810058362457046,0.07791780285711633,0.26335029152318234,67.67999999999999,-188743.68000000156,3.78,-94371.84000000003,1.0,-0.020447401348924643,37.525,0.0,0.5151392,-0.95815015,-0.82048154,0.45454176664352414,0.012554955482482909,0.0538555383682251
0.4513891901465831,0.08017315069325645,0.24333355666957046,66.42,-146800.63999999894,2.88,-104857.59999999999,1.0,-0.12726218451491178,37.53,0.0,0.5151392,-0.95815015,-0.82048154,0.45454176664352414,0.012554955482482909,0.0538555383682251
0.4483667659775187,0.08614312478865917,0.22191551909055918,65.52,-34317.03272727294,1.6199999999999999,-48043.84581818182,1.0,-0.12726218451491178,37.535000000000004,0.0,0.5151392,-0.95815015,-0.82048154,0.45454176664352414,0.012554955482482909,0.0538555383682251
0.4474216898811471,0.08619846190184549,0.20134539248734054,64.08,-32.517660588244745,1.6199999999999999,0.0,1.0,0.010071108127071682,37.54,0.0,-0.0249473,-1.070118,-1.1397773,0.29251580983400344,0.0,0.0
0.44757514576766316,0.09386995288008802,0.18060996324095419,62.82,-34317.03272727267,1.7999999999999998,4902.433246753245,1.0,-0.2798547318948934,37.545,0.0,-0.0249473,-1.070118,-1.1397773,0.29251580983400344,0.0,0.0
0.44627241068026957,0.09935042108396976,0.16211882177253784,61.919999999999995,-99338.77894736905,1.6199999999999999,-19867.75578947368,1.0,-0.09674367503891546,37.550000000000004,0.0,-0.0249473,-1.070118,-1.1397773,0.29251580983400344,0.0,0.0
0.44524631867757825,0.09544483038086586,0.14458133931163736,61.019999999999996,-117964.79999999981,1.6199999999999999,0.0,1.0,0.23895992919704412,37.555,0.0,-0.0249473,-1.070118,-1.1397773,0.29251580983400344,0.0,0.0
0.44322013366877205,0.08653614612732238,0.12954327328066553,60.3,-104134.44413793087,1.6199999999999999,0.0,1.0,-0.29511398663289157,37.56,0.0,0.120001376,-1.0576991,-1.0589458,0.3360004127025604,0.0,0.0
0.43815042971203677,0.06991975183086391,0.11558263723472105,59.58,-94371.83999999985,1.6199999999999999,0.0,1.0,-0.17303994872890627,37.565,0.0,0.120001376,-1.0576991,-1.0589458,0.3360004127025604,0.0,0.0
0.4318974884253891,0.06268549232495409,0.10266256323416101,59.04,-68634.06545454534,1.6199999999999999,0.0,1.0,-0.23407696768089892,37.57,0.0,0.120001376,-1.0576991,-1.0589458,0.3360004127025604,0.0,0.0
0.4268852323087274,0.058750192603692186,0.09060602965678782,58.86,-26033.611034482718,1.6199999999999999,0.0,1.0,-0.09674367503891546,37.575,0.0,0.120001376,-1.0576991,-1.0589458,0.3360004127025604,0.0,0.0
0.41996627748603466,0.057319589880720515,0.07996140321145921,58.5,-52067.222068965435,1.6199999999999999,0.0,1.0,-0.035706656086922806,37.58,0.0,-0.039507903,-1.1111223,-1.1702398,0.2881476290524006,0.0,0.0
0.41139780261067954,0.05406665660718164,0.06969218972210316,58.32,-4.405241654559133,1.6199999999999999,0.0,1.0,-0.020447401348924643,37.585,0.0,-0.039507903,-1.1111223,-1.1702398,0.2881476290524006,0.0,0.0
0.40445252240321455,0.07067050701636375,0.06786565514141533,58.32,0.0,1.6199999999999999,0.0,1.0,-0.26459547715689524,37.59,0.0,-0.039507903,-1.1111223,-1.1702398,0.2881476290524006,0.0,0.0
0.4004194677992674,0.07814051570652579,0.06681572118023785,58.32,0.0,1.6199999999999999,0.0,1.0,-0.18829920346690443,37.595,0.0,-0.039507903,-1.1111223,-1.1702398,0.2881476290524006,0.0,0.0
0.3990204542136005,0.07648316011377847,0.0497390338923057,58.32,0.0,1.6199999999999999,0.0,1.0,-0.17303994872890627,37.6,0.0,-0.040484995,-1.097432,-1.096904,0.28785450160503384,0.0,0.0
0.39795770787003487,0.06322180381209985,0.046904897423217115,58.32,0.0,1.6199999999999999,0.0,1.0,0.010071108127071682,37.605000000000004,0.0,-0.040484995,-1.097432,-1.096904,0.28785450160503384,0.0,0.0
0.39713622470575394,0.07492545868971327,0.039970096931072806,58.5,22205.138823529378,1.6199999999999999,0.0,1.0,-0.14252143925290994,37.61,0.0,-0.040484995,-1.097432,-1.096904,0.28785450160503384,0.0,0.0
0.39480159802305514,0.07112927032715954,0.04130040386987763,58.68,23592.959999999963,1.6199999999999999,0.0,1.0,-0.06622516556291913,37.615,0.0,-0.040484995,-1.097432,-1.096904,0.28785450160503384,0.0,0.0
0.39193496925779725,0.06381566818598951,0.03584124245704497,58.68,0.0,1.7999999999999998,25165.82399999999,1.0,-0.12726218451491178,37.62,0.0,-0.0082203895,-1.0734786,-0.9239799,0.2975338831543922,0.0,0.022806036472320556
0.3892964552739922,0.0546147248968602,0.042824882150760676,58.86,4.079929963360455,1.7999999999999998,0.0,1.0,-0.23407696768089892,37.625,0.0,-0.0082203895,-1.0734786,-0.9239799,0.2975338831543922,0.0,0.022806036472320556
0.38369139029156146,0.048569758438329336,0.043198180805494195,59.04,7947.1023157894615,1.6199999999999999,-7947.102315789471,1.0,-0.23407696768089892,37.63,0.0,-0.0082203895,-1.0734786,-0.9239799,0.2975338831543922,0.0,0.022806036472320556
0.37872451337590585,0.043567073500362624,0.035168684698476074,59.04,0.0,1.7999999999999998,19867.75578947368,1.0,0.05584887234106617,37.635,0.0,-0.0082203895,-1.0734786,-0.9239799,0.2975338831543922,0.0,0.022806036472320556
0.3749777103634357,0.0433670611738543,0.035615630723492255,59.04,0.0,1.7999999999999998,0.0,1.0,-0.11200292977691362,37.64,0.0,0.020643454,-1.0455652,-0.68064773,0.3061930362135172,0.0,0.09580568075180053
0.3692801292704188,0.046464218964726106,0.03152833171920152,59.04,0.0,1.7999999999999998,0.0,1.0,-0.020447401348924643,37.645,0.0,0.020643454,-1.0455652,-0.68064773,0.3061930362135172,0.0,0.09580568075180053
0.3630296680807579,0.03370688989418977,0.029216502574104526,59.04,0.0,1.98,23592.96000000002,1.0,-0.14252143925290994,37.65,0.0,0.020643454,-1.0455652,-0.68064773,0.3061930362135172,0.0,0.09580568075180053
0.358783735135867,0.030704047812741223,0.025914145030288955,58.86,-12796.181694915234,1.98,0.0,1.0,0.05584887234106617,37.655,0.0,0.020643454,-1.0455652,-0.68064773,0.3061930362135172,0.0,0.09580568075180053
0.3532725028591055,0.02866370927864147,0.01605457829003609,58.86,0.0,2.16,22878.021818181838,1.0,-0.18829920346690443,37.660000000000004,0.0,0.12499883,-1.0313469,-0.5183032,0.3374996490776539,0.0,0.1445090353488922
0.34707004228181776,0.009892160456677748,0.0026583672142465736,58.68,-26033.611034482718,2.34,26033.611034482718,1.0,0.0863673818170625,37.665,0.0,0.12499883,-1.0313469,-0.5183032,0.3374996490776539,0.0,0.1445090353488922
0.3428305203287295,0.01797214188482803,0.009989835923719229,58.32,-8.730857618651111,2.52,4.365428809325566,1.0,-0.11200292977691362,37.67,0.0,0.12499883,-1.0313469,-0.5183032,0.3374996490776539,0.0,0.1445090353488922
0.33748799417780034,0.012752731019242928,0.012406410574593307,57.96,-21570.706285714252,2.6999999999999997,10785.353142857126,1.0,-0.11200292977691362,37.675000000000004,0.0,0.12499883,-1.0313469,-0.5183032,0.3374996490776539,0.0,0.1445090353488922
0.33165528975627023,0.011499971562630823,0.000999619505744721,57.599999999999994,-41943.040000000765,3.06,41943.04000000004,1.0,-0.34089175084688605,37.68,0.0,0.078342244,-0.9346161,-0.074063055,0.3235026732087135,0.01961517333984375,0.27778108343482016
0.3274779609766751,-0.007743456241885944,-0.006493890002006768,57.059999999999995,-66615.41647058813,3.5999999999999996,66615.41647058818,1.0,0.05584887234106617,37.685,0.0,0.078342244,-0.9346161,-0.074063055,0.3235026732087135,0.01961517333984375,0.27778108343482016
0.32359807864285983,-0.01549966338746232,-0.0006860486335155676,56.339999999999996,-94371.83999999985,3.96,47185.92000000004,1.0,-0.06622516556291913,37.69,0.0,0.078342244,-0.9346161,-0.074063055,0.3235026732087135,0.01961517333984375,0.27778108343482016
0.32019300688328084,-0.005054921411432895,-0.004979730776974673,55.62,-91512.08727272713,4.5,68634.06545454546,1.0,0.3305154576250331,37.695,0.0,0.078342244,-0.9346161,-0.074063055,0.3235026732087135,0.01961517333984375,0.27778108343482016
0.3178788646609986,0.003456048820672745,-0.0031792601046353054,54.9,-97416.09290322565,5.22,97416.09290322577,1.0,-0.09674367503891546,37.7,0.0,0.31186676,-1.0552607,-0.34779954,0.39356002807617185,0.0,0.19566013813018798
0.3149061221331305,-0.009844838870221348,-0.00512962826961368,54.0,-31457.27999999995,5.9399999999999995,25165.82399999999,1.0,0.07110812707906433,37.705,0.0,0.31186676,-1.0552607,-0.34779954,0.39356002807617185,0.0,0.19566013813018798
0.3122657976007978,-0.020735955454054305,0.0007701751655441398,53.1,-20.893170610211673,6.66,16.71453648816938,1.0,-0.21881771294290076,37.71,0.0,0.31186676,-1.0552607,-0.34779954,0.39356002807617185,0.0,0.19566013813018798
0.310937050055008,0.00010742801080880074,-0.007258492300342878,52.199999999999996,-51011.80540540573,7.38,40809.44432432431,1.0,-0.05096591082492097,37.715,0.0,0.31186676,-1.0552607,-0.34779954,0.39356002807617185,0.0,0.19566013813018798
0.3102135718319141,0.016453940323730598,-0.006250641003740864,51.3,-107853.53142857125,8.1,86282.82514285711,1.0,-0.05096591082492097,37.72,0.0,0.36183864,-0.96442544,0.015887603,0.40855159163475036,0.010672366619110108,0.30476628094911573
0.3104407873079825,-7.941498778038325e-05,-0.0011364309046723218,50.4,-114390.10909090891,8.82,91512.08727272735,1.0,-0.1577806939909081,37.725,0.0,0.36183864,-0.96442544,0.015887603,0.40855159163475036,0.010672366619110108,0.30476628094911573
0.31070818890534,-0.0015955201943191805,0.005583893905486717,49.32,-156201.6662068963,9.36,78100.83310344815,1.0,0.025330362865069844,37.730000000000004,0.0,0.36183864,-0.96442544,0.015887603,0.40855159163475036,0.010672366619110108,0.30476628094911573
0.3113418414447104,-0.004801976895147023,0.01710365712442162,48.42,-114390.10909090891,9.719999999999999,45756.04363636357,1.0,0.05584887234106617,37.735,0.0,0.36183864,-0.96442544,0.015887603,0.40855159163475036,0.010672366619110108,0.30476628094911573
0.312958943423665,0.0028027221103723667,0.022147882332186713,47.699999999999996,-97416.09290322661,10.08,48708.04645161307,1.0,-0.17303994872890627,37.74,0.0,0.58704567,-1.1939598,-0.54933107,0.4761137008666992,0.0,0.13520067930221558
0.31447227044278986,-0.0037845960322831686,0.029643186277567544,46.8,-121770.11612903206,10.08,0.0,1.0,-0.09674367503891546,37.745,0.0,0.58704567,-1.1939598,-0.54933107,0.4761137008666992,0.0,0.13520067930221558
0.31546530955892493,-0.003086347503967663,0.04951886170434262,46.26,-75497.47199999988,10.08,0.0,1.0,0.010071108127071682,37.75,0.0,0.58704567,-1.1939598,-0.54933107,0.4761137008666992,0.0,0.13520067930221558
0.31677844632979457,0.0006226942630780095,0.06526668533556242,45.72,-13.044243408548997,9.719999999999999,-8.69616227236604,1.0,-0.06622516556291913,37.755,0.0,0.58704567,-1.1939598,-0.54933107,0.4761137008666992,0.0,0.13520067930221558
0.31781092914841386,-0.006421159676045633,0.0768049629369406,45.36,-8206.246956521727,9.36,-8206.246956521727,1.0,-0.12726218451491178,37.76,0.0,1.178822,-1.3323247,-1.0014256,0.6,0.0,0.0
0.31871309771538847,-0.013046723124488199,0.09245336085254567,45.18,-13726.813090909069,8.64,-54907.252363636275,1.0,-0.020447401348924643,37.765,0.0,1.178822,-1.3323247,-1.0014256,0.6,0.0,0.0
0.31904586043248906,-0.023390195461116557,0.1050059357044417,45.0,-19867.755789473653,7.56,-119206.53473684221,1.0,-0.18829920346690443,37.77,0.0,1.178822,-1.3323247,-1.0014256,0.6,0.0,0.0
0.3207666729265484,-0.022270726552930973,0.11875248320373703,45.0,0.0,6.3,-165150.71999999997,1.0,-0.06622516556291913,37.775,0.0,1.178822,-1.3323247,-1.0014256,0.6,0.0,0.0
0.32131292184279486,-0.018439706311406186,0.13270492786318977,45.18,20971.519999999968,5.04,-146800.63999999998,1.0,-0.2035584582049026,37.78,0.0,1.2299122,-1.4437215,-0.7156194,0.6,0.0,0.08531418442726135
0.3230162458895656,-0.0029458382746737604,0.14093558211996488,45.36,21570.706285714252,3.42,-194136.3565714286,1.0,-0.005188146610926481,37.785000000000004,0.0,1.2299122,-1.4437215,-0.7156194,0.6,0.0,0.08531418442726135
0.3237920931296318,-0.007586284133391032,0.14780931011838602,45.54,25165.82399999996,1.6199999999999999,-251658.24000000002,1.0,0.04058961760306801,37.79,0.0,1.2299122,-1.4437215,-0.7156194,0.6,0.0,0.08531418442726135
0.3232267559585568,-0.006593450336792637,0.1608209877559337,45.36,-4.084101332381239,1.6199999999999999,0.0,1.0,0.11688589129305882,37.795,0.0,1.2299122,-1.4437215,-0.7156194,0.6,0.0,0.08531418442726135
0.32406948874528035,-0.01686006827775739,0.17316500571798044,45.18,-11268.279402985057,2.34,45073.117611940295,1.0,-0.17303994872890627,37.800000000000004,0.0,1.3466114,-1.5432247,-0.49262312,0.6,0.0,0.1522130638360977
0.3255854190304964,-0.014838920886008819,0.1808561825430093,45.0,-19867.755789473653,2.6999999999999997,39735.51157894736,1.0,-0.31037324137088973,37.805,0.0,1.3466114,-1.5432247,-0.49262312,0.6,0.0,0.1522130638360977
0.32563732971001547,-0.017697525769448583,0.18486799457745798,45.0,0.0,2.88,6801.57405405406,1.0,-0.005188146610926481,37.81,0.0,1.3466114,-1.5432247,-0.49262312,0.6,0.0,0.1522130638360977
0.32591650306241776,-0.020634772448769007,0.18708145139322857,45.0,0.0,2.6999999999999997,-13981.013333333345,1.0,0.14740440076905514,37.815,0.0,1.3466114,-1.5432247,-0.49262312,0.6,0.0,0.1522130638360977
0.3287242588707129,-0.011628832615360763,0.18752757505975085,45.18,22205.138823529378,2.52,-22205.138823529378,1.0,-0.11200292977691362,37.82,0.0,1.4330282,-1.6017104,-0.36002403,0.6,0.0,0.19199278950691223
0.3357792937914099,-0.011057785529984787,0.18744087539400475,45.54,43141.412571428504,1.98,-64712.118857142865,1.0,-0.2035584582049026,37.825,0.0,1.4330282,-1.6017104,-0.36002403,0.6,0.0,0.19199278950691223
0.3432436084585065,-0.0114415228710789,0.18726321369399804,45.9,48708.04645161283,1.6199999999999999,-48708.046451612914,1.0,-0.06622516556291913,37.83,0.0,1.4330282,-1.6017104,-0.36002403,0.6,0.0,0.19199278950691223
0.34953097403968403,-0.01584727484350039,0.18736475937558972,46.26,50331.64799999992,1.6199999999999999,0.0,1.0,-0.12726218451491178,37.835,0.0,1.4330282,-1.6017104,-0.36002403,0.6,0.0,0.19199278950691223
0.3613075009598172,-0.004590652942932395,0.18612372999651763,46.8,12.889979967219066,1.6199999999999999,0.0,1.0,-0.05096591082492097,37.84,0.0,1.4659811,-1.6001595,-0.31729025,0.6,0.0,0.20481292605400084
0.37623116857948025,0.005917731712330389,0.18484807420079244,47.339999999999996,40445.074285714225,1.6199999999999999,0.0,1.0,0.07110812707906433,37.845,0.0,1.4659811,-1.6001595,-0.31729025,0.6,0.0,0.20481292605400084
0.3883886239106807,0.00849412892406806,0.18364996678622517,48.059999999999995,86282.82514285701,1.6199999999999999,0.0,1.0,-0.18829920346690443,37.85,0.0,1.4659811,-1.6001595,-0.31729025,0.6,0.0,0.20481292605400084
0.400538379547453,-0.008749678333737791,0.18244806062623756,48.96,117964.80000000075,1.6199999999999999,0.0,1.0,-0.23407696768089892,37.855000000000004,0.0,1.4659811,-1.6001595,-0.31729025,0.6,0.0,0.20481292605400084
0.41299248931495136,-0.012528935963781131,0.17934000421289112,49.86,121770.11612903206,1.6199999999999999,0.0,1.0,-0.11200292977691362,37.86,0.0,1.4859318,-1.6847253,-0.046776243,0.6,0.0,0.2859671272337437
0.42178335624731267,-0.015476263019311879,0.17724804290187343,51.12,52324.98059405932,1.6199999999999999,0.0,1.0,-0.06622516556291913,37.865,0.0,1.4859318,-1.6847253,-0.046776243,0.6,0.0,0.2859671272337437
0.43002561120995497,-0.016291309727982782,0.17488289067618099,52.379999999999995,160146.15272727248,1.6199999999999999,0.0,1.0,0.010071108127071682,37.87,0.0,1.4859318,-1.6847253,-0.046776243,0.6,0.0,0.2859671272337437
0.43892495208880955,-0.011926557880031408,0.17226562556677733,53.82,111848.10666666704,1.6199999999999999,0.0,1.0,-0.08148442030091729,37.875,0.0,1.4859318,-1.6847253,-0.046776243,0.6,0.0,0.2859671272337437
0.4452501233228237,-0.012324952583338378,0.16997230290650445,55.44,37.65063517834082,1.6199999999999999,0.0,1.0,-0.26459547715689524,37.88,0.0,1.3280988,-1.4687184,-0.20899254,0.6,0.0,0.23730223774909973
0.45059032973509133,-0.009511197863991308,0.16849342704578563,57.239999999999995,157286.39999999976,1.6199999999999999,0.0,1.0,-0.14252143925290994,37.885,0.0,1.3280988,-1.4687184,-0.20899254,0.6,0.0,0.23730223774909973
0.45626746273834706,-0.011761051384549907,0.16817720854781412,59.04,243540.23225806508,1.6199999999999999,0.0,1.0,-0.14252143925290994,37.89,0.0,1.3280988,-1.4687184,-0.20899254,0.6,0.0,0.23730223774909973
0.4604339113049482,-0.007441074241310072,0.1679218935739369,61.019999999999996,276824.06399999955,1.6199999999999999,0.0,1.0,0.05584887234106617,37.895,0.0,1.3280988,-1.4687184,-0.20899254,0.6,0.0,0.23730223774909973
0.4644181725341471,-0.0002615377094451536,0.16759420691706417,63.0,296597.211428572,1.6199999999999999,0.0,1.0,-0.17303994872890627,37.9,0.0,1.3296237,-1.6370045,0.38155335,0.6,0.0,0.414466005563736
0.4690727524579208,-0.0057632817260957715,0.1678998559418194,65.16,312403.3324137926,1.6199999999999999,0.0,1.0,-0.11200292977691362,37.905,0.0,1.3296237,-1.6370045,0.38155335,0.6,0.0,0.414466005563736
0.4725227444974035,-0.005381124870749083,0.16775171074663303,67.14,237277.7691428576,1.6199999999999999,0.0,1.0,-0.14252143925290994,37.910000000000004,0.0,1.3296237,-1.6370045,0.38155335,0.6,0.0,0.414466005563736
0.4755215486933553,-0.00910071257434732,0.1677697738886856,69.3,292248.27870967693,1.6199999999999999,0.0,1.0,-0.11200292977691362,37.915,0.0,1.3296237,-1.6370045,0.38155335,0.6,0.0,0.414466005563736
0.47943243374150557,-0.009162530468426137,0.16850453435666754,71.46,301989.8879999995,1.6199999999999999,0.0,1.0,-0.14252143925290994,37.92,0.0,0.9186963,-1.1814471,-0.18033296,0.5756088852882385,0.0,0.24590011239051818
0.48256496250597586,-0.012734723950570213,0.1685279962536749,73.44,44.613064302981556,1.7999999999999998,4.055733118452859,1.0,-0.020447401348924643,37.925000000000004,0.0,0.9186963,-1.1814471,-0.18033296,0.5756088852882385,0.0,0.24590011239051818
0.48492661757553657,-0.016235411141665795,0.16863735565575572,75.6,56271.40770186327,1.7999999999999998,0.0,1.0,-0.05096591082492097,37.93,0.0,0.9186963,-1.1814471,-0.18033296,0.5756088852882385,0.0,0.24590011239051818
0.4877474948549411,-0.01889176499099276,0.170141722084708,77.39999999999999,171585.16363636337,2.16,34317.03272727276,1.0,-0.005188146610926481,37.935,0.0,0.9186963,-1.1814471,-0.18033296,0.5756088852882385,0.0,0.24590011239051818
0.49116757713761744,-0.008003776021863786,0.17165301280312456,79.2,215707.06285714422,2.34,21570.706285714252,1.0,-0.29511398663289157,37.94,0.0,0.63817453,-1.1952535,0.35399586,0.4914523601531982,0.0,0.4061987578868866
0.4941011232538937,-0.007521424446031918,0.1730754580431332,80.82,212336.63999999873,3.06,94371.84000000003,1.0,0.07110812707906433,37.945,0.0,0.63817453,-1.1952535,0.35399586,0.4914523601531982,0.0,0.4061987578868866
0.49661304893573943,-0.008364301552107564,0.17684654950145345,82.08,165150.72000000067,3.78,94371.83999999997,1.0,0.05584887234106617,37.95,0.0,0.63817453,-1.1952535,0.35399586,0.4914523601531982,0.0,0.4061987578868866
0.49973382623160945,-0.0017171872307186068,0.18419351479440343,83.16,129424.23771428551,5.04,150994.94400000002,1.0,-0.035706656086922806,37.955,0.0,0.63817453,-1.1952535,0.35399586,0.4914523601531982,0.0,0.4061987578868866
0.5012412415386396,-0.008580881283600551,0.1908761959541273,84.06,121770.11612903302,6.4799999999999995,194832.18580645154,1.0,-0.14252143925290994,37.96,0.0,0.41276017,-0.90612173,-0.32984638,0.42382805049419403,0.02816348075866699,0.20104608535766602
0.5036467578950203,-0.014806551881856297,0.1963835113932411,84.42,52067.222068965435,8.459999999999999,286369.7213793103,1.0,-0.1577806939909081,37.965,0.0,0.41276017,-0.90612173,-0.32984638,0.42382805049419403,0.02816348075866699,0.20104608535766602
0.505318170129491,-0.006341594666354702,0.20796374121185668,84.78,8.763490655832836,10.62,52.5809439349971,1.0,-0.12726218451491178,37.97,0.0,0.41276017,-0.90612173,-0.32984638,0.42382805049419403,0.02816348075866699,0.20104608535766602
0.5068210140906704,-0.00040715983156936885,0.22217853339840432,84.78,0.0,12.78,101794.34426966292,1.0,0.05584887234106617,37.975,0.0,0.41276017,-0.90612173,-0.32984638,0.42382805049419403,0.02816348075866699,0.20104608535766602
0.5081029534007072,-0.009821747778180736,0.23337004091136052,84.6,-19358.326153846887,15.12,251658.24,1.0,-0.34089175084688605,37.980000000000004,0.0,-0.16897605,-0.561607,0.16743231,0.2493071839213371,0.13151789903640745,0.35022969245910646
0.5090414345789994,-0.008932008495948376,0.24707339928049776,84.42,-22878.021818180878,16.919999999999998,228780.21818181805,1.0,-0.005188146610926481,37.985,0.0,-0.16897605,-0.561607,0.16743231,0.2493071839213371,0.13151789903640745,0.35022969245910646
0.5094702839893215,0.002178353968378338,0.2612516809530494,84.42,0.0,18.18,170478.16258064538,1.0,-0.23407696768089892,37.99,0.0,-0.16897605,-0.561607,0.16743231,0.2493071839213371,0.13151789903640745,0.35022969245910646
0.5099300538682779,0.008838107737213961,0.27093095048835264,84.24,-5807.497846154066,18.9,23229.991384615347,1.0,0.04058961760306801,37.995,0.0,-0.16897605,-0.561607,0.16743231,0.2493071839213371,0.13151789903640745,0.35022969245910646
0.5100970991261605,0.00441606932670893,0.2750693046976339,84.42,21570.706285715103,18.9,0.0,1.0,-0.06622516556291913,38.0,0.0,0.115746535,-0.7154896,-0.58146703,0.33472396060824394,0.08535311222076415,0.12555989027023315
0.5107307630108503,0.00602150117188203,0.27707231387190134,84.42,0.0,18.36,-75497.47199999988,1.0,0.10162663655506066,38.005,0.0,0.115746535,-0.7154896,-0.58146703,0.33472396060824394,0.08535311222076415,0.12555989027023315
0.5104861480036874,0.000232731551548908,0.2784344463505106,84.42,0.0,17.82,-12.489862524194729,1.0,-0.17303994872890627,38.01,0.0,0.115746535,-0.7154896,-0.58146703,0.33472396060824394,0.08535311222076415,0.12555989027023315
0.5102686332949441,0.002746911798470862,0.28127129705927867,84.42,0.0,16.919999999999998,-55512.84705882366,1.0,0.17792291024505147,38.015,0.0,0.115746535,-0.7154896,-0.58146703,0.33472396060824394,0.08535311222076415,0.12555989027023315
0.5102214386475423,0.005584287276838025,0.28783314661601245,84.24,-22205.138823530255,15.66,-155435.97176470564,1.0,-0.17303994872890627,38.02,0.0,0.50292015,-0.82903063,-1.3685672,0.45087604522705077,0.051290810108184814,0.0
0.5089525332034687,-0.007953402991568402,0.2938102114785878,84.24,0.0,14.399999999999999,-45169.42769230775,1.0,-0.1577806939909081,38.025,0.0,0.50292015,-0.82903063,-1.3685672,0.45087604522705077,0.051290810108184814,0.0
0.5080457122892923,-0.007909377359017882,0.2954495087137641,84.24,0.0,12.959999999999999,-194832.18580645154,1.0,-0.18829920346690443,38.03,0.0,0.50292015,-0.82903063,-1.3685672,0.45087604522705077,0.051290810108184814,0.0
0.5080497589737497,-0.008908421100278247,0.29524733223302707,84.06,-23592.95999999903,11.34,-212336.6399999999,1.0,-0.020447401348924643,38.035000000000004,0.0,0.50292015,-0.82903063,-1.3685672,0.45087604522705077,0.051290810108184814,0.0
0.506980999936351,-0.016754834674169654,0.2955219574965438,83.88,-22878.021818182686,9.54,-228780.21818181826,1.0,-0.12726218451491178,38.04,0.0,0.21617699,-0.83307123,-1.3962262,0.3648530960083008,0.050078630447387695,0.0
0.5060404575929354,-0.017970406941759432,0.294721868549806,83.7,-24354.023225805453,7.739999999999999,-243540.2322580645,1.0,-0.020447401348924643,38.045,0.0,0.21617699,-0.83307123,-1.3962262,0.3648530960083008,0.050078630447387695,0.0
0.5060109381295019,-0.014803607398073043,0.29379084832648394,83.52,-25165.824000000954,5.76,-276824.06399999995,1.0,-0.08148442030091729,38.050000000000004,0.0,0.21617699,-0.83307123,-1.3962262,0.3648530960083008,0.050078630447387695,0.0
0.5057230010320595,-0.011949266360522461,0.29328649410728747,83.16,-8.511408713494122,3.96,-42.55704356747067,1.0,-0.06622516556291913,38.055,0.0,0.21617699,-0.83307123,-1.3962262,0.3648530960083008,0.050078630447387695,0.0
0.5034145512001093,-0.010175921606558414,0.2939170060278524,82.8,-20971.519999999968,2.16,-104857.59999999999,1.0,-0.17303994872890627,38.06,0.0,0.33288482,-0.9141979,-1.400329,0.3998654454946518,0.025740623474121094,0.0
0.5024858046042129,-0.003594123206391956,0.2964073206435294,81.89999999999999,-102023.61081081146,1.44,-81618.88864864867,1.0,-0.14252143925290994,38.065,0.0,0.33288482,-0.9141979,-1.400329,0.3998654454946518,0.025740623474121094,0.0
0.5028803400140758,0.005236153177206674,0.2997310157051807,80.82,-129424.23771428551,2.16,86282.82514285717,1.0,-0.18829920346690443,38.07,0.0,0.33288482,-0.9141979,-1.400329,0.3998654454946518,0.025740623474121094,0.0
0.49785533092690604,0.03540619195129891,0.3019863625228055,79.74,-150994.94399999976,2.6999999999999997,75497.47199999994,1.0,0.19318216498304963,38.075,0.0,0.33288482,-0.9141979,-1.400329,0.3998654454946518,0.025740623474121094,0.0
0.48535243869937117,0.05001024205399217,0.3017089346678669,78.66,-39050.416551724076,2.88,6508.402758620696,1.0,0.025330362865069844,38.08,0.0,0.06253029,-0.9815072,-1.3377554,0.3187590859830379,0.005547845363616943,0.0
0.47399639196370114,0.05562508982393088,0.30172293849296805,77.58,-129424.23771428551,2.88,0.0,1.0,0.0863673818170625,38.085,0.0,0.06253029,-0.9815072,-1.3377554,0.3187590859830379,0.005547845363616943,0.0
0.46439459686635937,0.05168489661121822,0.3017069148781091,76.67999999999999,-117964.80000000075,2.6999999999999997,-23592.96000000002,1.0,0.07110812707906433,38.09,0.0,0.06253029,-0.9815072,-1.3377554,0.3187590859830379,0.005547845363616943,0.0
0.4561025505525988,0.047580381655227225,0.30026694831762435,75.6,-25.09416621425481,2.34,-8.36472207141828,1.0,-0.035706656086922806,38.095,0.0,0.06253029,-0.9815072,-1.3377554,0.3187590859830379,0.005547845363616943,0.0
0.4504935744544472,0.03906982194831149,0.2983652624267015,74.7,-74017.129411764,1.98,-29606.851764705872,1.0,-0.06622516556291913,38.1,0.0,-0.046706617,-0.9723673,-1.2695925,0.28598801493644715,0.008289813995361328,0.0
0.44452566526369114,0.051504672714307816,0.29514235652496446,73.8,-38519.11836734718,1.6199999999999999,-15407.64734693878,1.0,-0.06622516556291913,38.105000000000004,0.0,-0.046706617,-0.9723673,-1.2695925,0.28598801493644715,0.008289813995361328,0.0
0.4370924274572704,0.04850773150300131,0.2844485831718416,72.72,-141557.75999999978,1.7999999999999998,23592.959999999992,1.0,-0.05096591082492097,38.11,0.0,-0.046706617,-0.9723673,-1.2695925,0.28598801493644715,0.008289813995361328,0.0
0.4319513864803017,0.05617348289145838,0.26806517786865663,71.46,-182235.27724138004,1.7999999999999998,0.0,1.0,-0.035706656086922806,38.115,0.0,-0.046706617,-0.9723673,-1.2695925,0.28598801493644715,0.008289813995361328,0.0
0.42642082608116755,0.05164923665869386,0.24885700276271613,70.38,-146124.13935483847,1.98,24354.02322580647,1.0,-0.005188146610926481,38.12,0.0,0.15338665,-0.95799327,-1.0367931,0.3460159957408905,0.012602019309997558,0.0
0.41945507478960464,0.05144220392604514,0.22849346857664604,69.3,-146124.13935483847,1.98,0.0,1.0,-0.020447401348924643,38.125,0.0,0.15338665,-0.95799327,-1.0367931,0.3460159957408905,0.012602019309997558,0.0
0.41359991146262204,0.049017566620302364,0.20756995897853459,68.39999999999999,-121770.11612903302,1.7999999999999998,-24354.02322580647,1.0,-0.24933622241889708,38.13,0.0,0.15338665,-0.95799327,-1.0367931,0.3460159957408905,0.012602019309997558,0.0
0.4093646547964398,0.046408768041952625,0.18795194477754312,67.32,-76777.0901694914,1.7999999999999998,0.0,1.0,-0.05096591082492097,38.135,0.0,0.15338665,-0.95799327,-1.0367931,0.3460159957408905,0.012602019309997558,0.0
0.4058071960080945,0.060412863222885284,0.16850361927987653,66.24,-26.138012867487912,1.6199999999999999,-4.356335477914658,1.0,-0.08148442030091729,38.14,0.0,-0.09634289,-1.0088241,-1.1060174,0.27109713256359097,0.0,0.0
0.4023542533614383,0.053210754014833404,0.1509625407514369,65.16,-63800.68056338018,1.6199999999999999,0.0,1.0,-0.11200292977691362,38.145,0.0,-0.09634289,-1.0088241,-1.1060174,0.27109713256359097,0.0,0.0
0.40040198332863414,0.05867012996719329,0.13468393763066647,64.08,-39389.98539130428,1.6199999999999999,0.0,1.0,0.11688589129305882,38.15,0.0,-0.09634289,-1.0088241,-1.1060174,0.27109713256359097,0.0,0.0
0.3956435368949342,0.060773828175527095,0.11988605028441172,63.18,-99338.77894736826,1.6199999999999999,0.0,1.0,0.025330362865069844,38.155,0.0,-0.09634289,-1.0088241,-1.1060174,0.27109713256359097,0.0,0.0
0.38902764409913637,0.047542705715258,0.10645476062036908,62.099999999999994,-146124.13935483943,1.6199999999999999,0.0,1.0,-0.06622516556291913,38.160000000000004,0.0,0.09384091,-0.98618746,-0.8954184,0.3281522735953331,0.004143762588500977,0.03137447834014893
0.38415332940442615,0.05106148578210093,0.09549224617375152,61.199999999999996,-62914.5599999999,1.6199999999999999,0.0,1.0,-0.08148442030091729,38.165,0.0,0.09384091,-0.98618746,-0.8954184,0.3281522735953331,0.004143762588500977,0.03137447834014893
0.3774064095999573,0.052136741165267016,0.084885315368887,60.12,-129424.23771428551,1.6199999999999999,0.0,1.0,-0.11200292977691362,38.17,0.0,0.09384091,-0.98618746,-0.8954184,0.3281522735953331,0.004143762588500977,0.03137447834014893
0.3692463069990206,0.059489659377808826,0.07497615795225465,59.22,-121770.11612903206,1.6199999999999999,0.0,1.0,-0.09674367503891546,38.175000000000004,0.0,0.09384091,-0.98618746,-0.8954184,0.3281522735953331,0.004143762588500977,0.03137447834014893
0.3625468061122801,0.054188058503036554,0.07293742743744727,58.32,-20.320365186684434,1.6199999999999999,0.0,1.0,-0.17303994872890627,38.18,0.0,-0.049704887,-1.0494273,-1.0022674,0.2850885339081287,0.0,0.0
0.35728147382902986,0.051265583770472266,0.061342095171753444,57.239999999999995,-53292.33317647086,1.6199999999999999,0.0,1.0,0.19318216498304963,38.185,0.0,-0.049704887,-1.0494273,-1.0022674,0.2850885339081287,0.0,0.0
0.35194265173344763,0.03844752663374848,0.055349696368990155,56.339999999999996,-102023.61081081066,1.6199999999999999,0.0,1.0,0.025330362865069844,38.19,0.0,-0.049704887,-1.0494273,-1.0022674,0.2850885339081287,0.0,0.0
0.3483085310465532,0.02836355713139109,0.04888858175480962,55.26,-141557.75999999978,1.6199999999999999,0.0,1.0,-0.06622516556291913,38.195,0.0,-0.049704887,-1.0494273,-1.0022674,0.2850885339081287,0.0,0.0
0.3448763425328975,0.00913297455064027,0.0419784639329174,54.36,-125829.1199999998,1.6199999999999999,0.0,1.0,-0.29511398663289157,38.2,0.0,0.17683165,-1.0199331,-0.7410532,0.35304949432611465,0.0,0.07768403291702271
0.3426355043712957,0.014215829171918956,0.03610743644268966,53.46,-107853.53142857125,1.6199999999999999,0.0,1.0,-0.005188146610926481,38.205,0.0,0.17683165,-1.0199331,-0.7410532,0.35304949432611465,0.0,0.07768403291702271
0.3402038414329464,0.013565401116290534,0.03325782465934171,52.559999999999995,-107853.53142857211,1.6199999999999999,0.0,1.0,-0.005188146610926481,38.21,0.0,0.17683165,-1.0199331,-0.7410532,0.35304949432611465,0.0,0.07768403291702271
0.3377833272243744,-0.003058814193642275,0.029204508573881214,51.66,-117964.79999999981,1.6199999999999999,0.0,1.0,-0.08148442030091729,38.215,0.0,0.17683165,-1.0199331,-0.7410532,0.35304949432611465,0.0,0.07768403291702271
0.3337919410151611,0.005103824077159679,0.02082752764258893,50.76,-117964.79999999981,1.6199999999999999,0.0,1.0,-0.11200292977691362,38.22,0.0,0.1192552,-1.128755,-0.8919711,0.33577656000852585,0.0,0.03240866661071777
0.32949025780798175,-0.002566404897667023,0.01595581572067412,50.04,-17.359432063139835,1.6199999999999999,0.0,1.0,0.04058961760306801,38.225,0.0,0.1192552,-1.128755,-0.8919711,0.33577656000852585,0.0,0.03240866661071777
0.32693842328704364,-0.0017546601134386156,0.012792312462511828,49.14,-46035.04390243895,1.6199999999999999,0.0,1.0,-0.14252143925290994,38.230000000000004,0.0,0.1192552,-1.128755,-0.8919711,0.33577656000852585,0.0,0.03240866661071777
0.32399292128038065,0.0020811011289607337,0.019495489765467985,48.42,-19358.326153846123,1.6199999999999999,0.0,1.0,0.010071108127071682,38.235,0.0,0.1192552,-1.128755,-0.8919711,0.33577656000852585,0.0,0.03240866661071777
0.32203358190270326,0.0009160953494248957,0.011289063372449235,47.699999999999996,-86282.82514285785,1.6199999999999999,0.0,1.0,-0.21881771294290076,38.24,0.0,0.29618263,-1.1286418,-0.7439157,0.3888547897338867,0.0,0.07682529687881469
0.320695584187957,-0.001789451826630063,0.008863190682764515,46.98,-94371.83999999985,1.6199999999999999,0.0,1.0,-0.06622516556291913,38.245,0.0,0.29618263,-1.1286418,-0.7439157,0.3888547897338867,0.0,0.07682529687881469
0.3184616876266572,0.0014049522459729557,0.020310407213145063,46.44,-68634.06545454534,1.6199999999999999,0.0,1.0,-0.08148442030091729,38.25,0.0,0.29618263,-1.1286418,-0.7439157,0.3888547897338867,0.0,0.07682529687881469
0.31566659761684096,0.0014626231152762934,0.00753283378721847,45.9,-64712.118857142756,1.6199999999999999,0.0,1.0,-0.05096591082492097,38.255,0.0,0.29618263,-1.1286418,-0.7439157,0.3888547897338867,0.0,0.07682529687881469
0.3146144647100291,0.016648181749408447,0.01161737154988611,45.36,-75497.47199999988,1.6199999999999999,0.0,1.0,-0.035706656086922806,38.26,0.0,0.41409466,-1.2636281,-0.7699,0.4242283970117569,0.0,0.06902999281883239
0.31387411973331414,0.025138518356635327,0.008241781916317314,44.82,-12.499374513666973,1.6199999999999999,0.0,1.0,0.26947843867304044,38.265,0.0,0.41409466,-1.2636281,-0.7699,0.4242283970117569,0.0,0.06902999281883239
0.314011630694776,0.03635360843416823,0.011769753328043652,44.46,-20132.65919999997,1.6199999999999999,0.0,1.0,0.05584887234106617,38.27,0.0,0.41409466,-1.2636281,-0.7699,0.4242283970117569,0.0,0.06902999281883239
0.3138640750027814,0.009452269677380144,0.011587188023486445,44.1,-39735.511578947306,1.6199999999999999,0.0,1.0,-0.08148442030091729,38.275,0.0,0.41409466,-1.2636281,-0.7699,0.4242283970117569,0.0,0.06902999281883239
0.31487780546418265,0.0040864248677357105,0.006877608859546951,43.739999999999995,-11796.480000000214,1.6199999999999999,0.0,1.0,-0.24933622241889708,38.28,0.0,0.58667374,-1.3121303,-0.6716445,0.47600212097167965,0.0,0.09850664734840393
0.31531706221154765,-0.019076020850513336,0.0019237216658257485,43.559999999999995,-13981.01333333331,1.6199999999999999,0.0,1.0,0.010071108127071682,38.285000000000004,0.0,0.58667374,-1.3121303,-0.6716445,0.47600212097167965,0.0,0.09850664734840393
0.31607142015941586,-0.015593764892148414,0.010063348071665418,43.379999999999995,-22205.138823529378,1.6199999999999999,0.0,1.0,-0.1577806939909081,38.29,0.0,0.58667374,-1.3121303,-0.6716445,0.47600212097167965,0.0,0.09850664734840393
0.3174052937059984,-0.00977265513866318,0.004975232288637413,43.379999999999995,0.0,1.6199999999999999,0.0,1.0,-0.14252143925290994,38.295,0.0,0.58667374,-1.3121303,-0.6716445,0.47600212097167965,0.0,0.09850664734840393
0.3180500320647867,-0.008276999702060459,0.00841027608450234,43.379999999999995,0.0,1.6199999999999999,0.0,1.0,-0.14252143925290994,38.300000000000004,0.0,0.78323627,-1.4132193,-0.56784487,0.5349708795547485,0.0,0.12964653968811035
0.3181394146897725,-0.009075622780547594,0.00397257396694814,43.559999999999995,25165.82399999996,1.6199999999999999,0.0,1.0,0.05584887234106617,38.305,0.0,0.78323627,-1.4132193,-0.56784487,0.5349708795547485,0.0,0.12964653968811035
0.3186923506433615,-0.017815138213145166,0.01745828336025639,43.739999999999995,4.4011841039063935,1.6199999999999999,0.0,1.0,-0.24933622241889708,38.31,0.0,0.78323627,-1.4132193,-0.56784487,0.5349708795547485,0.0,0.12964653968811035
0.3195980401711336,-0.014736668699922288,0.01930466251229531,43.92,9320.675555555908,1.6199999999999999,0.0,1.0,-0.08148442030091729,38.315,0.0,0.78323627,-1.4132193,-0.56784487,0.5349708795547485,0.0,0.12964653968811035
0.3200155077929308,-0.010552306945668558,0.02128910419136114,44.1,20404.72216216213,1.6199999999999999,0.0,1.0,-0.12726218451491178,38.32,0.0,0.9867693,-1.5056735,-0.40653113,0.5960307955741883,0.0,0.17804066240787506
0.320251645007555,-0.00307890893712494,0.0320967953181666,44.46,47185.919999999925,1.6199999999999999,0.0,1.0,-0.035706656086922806,38.325,0.0,0.9867693,-1.5056735,-0.40653113,0.5960307955741883,0.0,0.17804066240787506
0.320775948305532,-0.0017792276171976454,0.03990966464984555,44.64,24354.023225806413,1.6199999999999999,0.0,1.0,-0.23407696768089892,38.33,0.0,0.9867693,-1.5056735,-0.40653113,0.5960307955741883,0.0,0.17804066240787506
0.32107352063018363,-0.011317698622469462,0.03690416362267076,45.0,44410.277647058756,1.6199999999999999,0.0,1.0,0.025330362865069844,38.335,0.0,0.9867693,-1.5056735,-0.40653113,0.5960307955741883,0.0,0.17804066240787506
0.3208791605625594,-0.003966614450359281,0.030535596326719164,45.18,5944.68283464566,1.6199999999999999,0.0,1.0,-0.24933622241889708,38.34,0.0,1.0965973,-1.4953182,-0.28531572,0.6,0.0,0.21440528333187103
0.32163652185744895,-0.014435032125226455,0.04423688204284063,45.54,44410.277647058756,1.6199999999999999,0.0,1.0,0.04058961760306801,38.345,0.0,1.0965973,-1.4953182,-0.28531572,0.6,0.0,0.21440528333187103
0.324062103845989,-0.015927102741592182,0.048838788767891134,45.9,26033.611034482718,1.6199999999999999,0.0,1.0,-0.18829920346690443,38.35,0.0,1.0965973,-1.4953182,-0.28531572,0.6,0.0,0.21440528333187103
0.32771669249594076,-0.013292341591202282,0.05987089613967653,46.26,8.136380213385051,1.6199999999999999,0.0,1.0,0.025330362865069844,38.355000000000004,0.0,1.0965973,-1.4953182,-0.28531572,0.6,0.0,0.21440528333187103
0.33104381115700027,-0.023399076957275857,0.057575019995042165,46.62,21570.706285714252,1.6199999999999999,0.0,1.0,-0.21881771294290076,38.36,0.0,1.0965973,-1.4953182,-0.28531572,0.6,0.0,0.21440528333187103
0.34110165261273634,-0.018180065808607006,0.066290256921233,47.16,64712.118857142756,1.6199999999999999,0.0,1.0,-0.14252143925290994,38.365,0.0,1.0965973,-1.4953182,-0.28531572,0.6,0.0,0.21440528333187103
0.35272755546227524,-0.009196898745471988,0.07390816166366247,47.699999999999996,70778.87999999989,1.6199999999999999,0.0,1.0,-0.09674367503891546,38.37,0.0,1.0965973,-1.4953182,-0.28531572,0.6,0.0,0.21440528333187103
0.36036962993157506,-0.007504288682106499,0.07449110437290227,48.239999999999995,75497.47199999988,1.6199999999999999,0.0,1.0,-0.11200292977691362,38.375,0.0,1.0965973,-1.4953182,-0.28531572,0.6,0.0,0.21440528333187103
0.3701076158255689,-0.011358288557354502,0.0751584394064329,48.96,94371.84000000078,1.6199999999999999,0.0,1.0,0.010071108127071682,38.38,0.0,1.0965973,-1.4953182,-0.28531572,0.6,0.0,0.21440528333187103
0.3827403478694321,9.7549713617965e-05,0.08495778903177653,49.68,97416.09290322565,1.6199999999999999,0.0,1.0,0.0863673818170625,38.385,0.0,1.0965973,-1.4953182,-0.28531572,0.6,0.0,0.21440528333187103
0.39176993328213644,-0.002003551392967648,0.0836445442215754,50.58,121770.11612903206,1.6199999999999999,0.0,1.0,-0.06622516556291913,38.39,0.0,1.0965973,-1.4953182,-0.28531572,0.6,0.0,0.21440528333187103
